1 0.34375 0.15234375 0.121875 0.3046875
0 0.86328125 0.21796875 0.1328125 0.325
1 0.78125 0.20234375 0.125 0.325
0 0.46875 0.8296875 0.1234375 0.3125
1 0.9703125 0.2421875 0.059375 0.321875
0 0.7109375 0.19140625 0.1265625 0.33125
0 0.17734375 0.7796875 0.1265625 0.325
0 0.4140625 0.16171875 0.121875 0.3109375
0 0.61640625 0.84140625 0.1234375 0.3171875
1 0.04921875 0.7578125 0.0984375 0.321875
0 0.68828125 0.84609375 0.1203125 0.3078125
0 0.48828125 0.1671875 0.121875 0.31875
1 0.13125 0.1390625 0.11875 0.278125
0 0.20078125 0.14375 0.1203125 0.2875
0 0.63515625 0.18125 0.125 0.3203125
0 0.321875 0.79765625 0.11875 0.3078125
1 0.39609375 0.81171875 0.1265625 0.3140625
0 0.56171875 0.16953125 0.1234375 0.3234375
0 0.91015625 0.86015625 0.1203125 0.2796875
0 0.7640625 0.853125 0.125 0.29375
0 0.83515625 0.8578125 0.1203125 0.284375
0 0.27109375 0.1515625 0.1171875 0.303125
1 0.934375 0.23125 0.10625 0.3203125
1 0.10859375 0.7734375 0.109375 0.3109375
0 0.25 0.79375 0.1125 0.328125
0 0.53984375 0.840625 0.1171875 0.31875