1 0.2421875 0.21015625 0.1328125 0.3234375
0 0.75703125 0.14140625 0.1421875 0.2828125
1 0.67578125 0.146875 0.1359375 0.29375
0 0.571875 0.82265625 0.134375 0.3140625
1 0.89609375 0.13046875 0.1296875 0.2609375
0 0.6046875 0.15390625 0.1375 0.3078125
0 0.27890625 0.85078125 0.1359375 0.2984375
0 0.3140625 0.20546875 0.13125 0.3125
0 0.71796875 0.7921875 0.1328125 0.325
1 0.13984375 0.86328125 0.1328125 0.2734375
0 0.78984375 0.78125 0.13125 0.3296875
0 0.3859375 0.18671875 0.13125 0.3203125
1 0.04765625 0.2484375 0.0953125 0.321875
0 0.09921875 0.2359375 0.13125 0.3265625
0 0.53046875 0.1578125 0.1359375 0.315625
0 0.42265625 0.83828125 0.128125 0.3078125
1 0.49765625 0.82890625 0.1359375 0.3140625
0 0.45625 0.16640625 0.1328125 0.325
0 0.97265625 0.74453125 0.0546875 0.3421875
0 0.86640625 0.771875 0.134375 0.33125
0 0.93515625 0.753125 0.1296875 0.321875
0 0.16953125 0.225 0.128125 0.334375
1 0.83046875 0.13515625 0.1171875 0.2703125
1 0.2125 0.8625 0.11875 0.275
0 0.35234375 0.84609375 0.1234375 0.3078125
0 0.64375 0.8125 0.128125 0.3203125