1 0.29609375 0.16953125 0.0796875 0.3140625
0 0.8203125 0.1703125 0.0890625 0.315625
1 0.7375 0.16640625 0.08203125 0.3171875
0 0.51484375 0.83046875 0.08203125 0.3046875
1 0.96015625 0.175 0.0765625 0.3140625
0 0.665625 0.16484375 0.08203125 0.3234375
0 0.21953125 0.821875 0.0828125 0.3171875
0 0.36796875 0.17734375 0.0796875 0.303125
0 0.6640625 0.82578125 0.0796875 0.315625
1 0.07890625 0.8203125 0.0796875 0.3140625
0 0.73671875 0.82734375 0.0765625 0.321875
0 0.4421875 0.171875 0.07890625 0.3109375
1 0.08203125 0.171875 0.0765625 0.3140625
0 0.1515625 0.1703125 0.0765625 0.31875
0 0.58984375 0.165625 0.0828125 0.3125
0 0.36484375 0.81953125 0.078125 0.29921875
1 0.440625 0.8234375 0.084375 0.3046875
0 0.51484375 0.1640625 0.0796875 0.315625
0 0.9609375 0.83046875 0.075 0.33359375
0 0.81328125 0.83125 0.08046875 0.321875
0 0.88515625 0.82578125 0.07734375 0.3125
0 0.22265625 0.171875 0.071875 0.32734375
1 0.89296875 0.1734375 0.06328125 0.3140625
1 0.15078125 0.825 0.0671875 0.30390625
0 0.29296875 0.82578125 0.06875 0.321875
0 0.5875 0.8328125 0.07421875 0.3125