1 0.62265625 0.4265625 0.246875 0.1890625
0 0.0296875 0.58984375 0.059375 0.1328125
0 0.88125 0.5109375 0.2375 0.21875
0 0.65625 0.5765625 0.2484375 0.1984375
0 0.05625 0.73046875 0.0578125 0.1421875
0 0.1765625 0.70625 0.228125 0.1921875
0 0.24140625 0.85078125 0.2328125 0.2015625
0 0.89921875 0.68671875 0.2015625 0.2046875
0 0.0984375 0.89453125 0.0640625 0.1546875
0 0.7109375 0.74921875 0.246875 0.19375
0 0.54765625 0.07265625 0.2328125 0.1453125
0 0.77890625 0.0546875 0.2515625 0.109375
0 0.290625 0.9453125 0.240625 0.109375
0 0.725 0.89296875 0.2359375 0.178125
0 0.9234375 0.83515625 0.153125 0.1703125
0 0.09140625 0.23359375 0.1828125 0.1796875
0 0.6 0.2390625 0.2578125 0.1984375
0 0.84296875 0.190625 0.2265625 0.2109375
0 0.12421875 0.384375 0.2453125 0.196875
0 0.00625 0.434375 0.0125 0.14375
0 0.859375 0.3453125 0.246875 0.2328125
0 0.1640625 0.53828125 0.2453125 0.2078125