1 0.6203125 0.42265625 0.25 0.1953125
0 0.03203125 0.60625 0.0640625 0.134375
0 0.88046875 0.496875 0.2390625 0.225
0 0.659375 0.57109375 0.2515625 0.2046875
0 0.0640625 0.7453125 0.0625 0.1421875
0 0.18359375 0.7171875 0.23125 0.196875
0 0.25390625 0.86015625 0.2359375 0.2078125
0 0.9015625 0.671875 0.196875 0.2125
0 0.1125 0.90859375 0.06875 0.1546875
0 0.71953125 0.7421875 0.2515625 0.2
0 0.53203125 0.0734375 0.2359375 0.146875
0 0.76171875 0.0515625 0.2546875 0.103125
0 0.3078125 0.94765625 0.24375 0.1046875
0 0.7390625 0.88515625 0.240625 0.184375
0 0.928125 0.81796875 0.14375 0.1765625
0 0.0875 0.24921875 0.175 0.1859375
0 0.590625 0.23515625 0.2625 0.2046875
0 0.83125 0.17890625 0.23125 0.215625
0 0.121875 0.396875 0.24375 0.203125
0 0.00625 0.4515625 0.0125 0.14375
0 0.853125 0.3328125 0.253125 0.2390625
0 0.165625 0.55 0.25 0.2140625