1 0.2265625 0.88125 0.065625 0.115625
1 0.20078125 0.66171875 0.0640625 0.115625
1 0.628125 0.76953125 0.0640625 0.1125
1 0.17109375 0.56171875 0.0625 0.1140625
1 0.50390625 0.803125 0.065625 0.1125
1 0.2984375 0.52734375 0.0640625 0.1125
1 0.384375 0.83671875 0.0640625 0.1125
1 0.33125 0.51875 0.0640625 0.1140625
1 0.6421875 0.4359375 0.0640625 0.1109375
1 0.5171875 0.4640625 0.0640625 0.1078125
1 0.2546875 0.8671875 0.065625 0.1125
1 0.753125 0.73515625 0.0640625 0.1109375
1 0.30546875 0.2984375 0.065625 0.1203125
1 0.140625 0.56796875 0.0625 0.1109375
1 0.3171875 0.85234375 0.0640625 0.1125
1 0.56875 0.784375 0.0640625 0.1125
1 0.4703125 0.9203125 0.0703125 0.121875
1 0.23359375 0.546875 0.0640625 0.1125
1 0.646875 0.20546875 0.0671875 0.1203125
1 0.725 0.746875 0.0640625 0.1125
1 0.6125 0.21484375 0.065625 0.1203125
1 0.6984375 0.52734375 0.0671875 0.11875
1 0.3625 0.509375 0.0671875 0.115625
1 0.44453125 0.821875 0.065625 0.115625
1 0.2421875 0.31484375 0.065625 0.11875
1 0.81953125 0.71875 0.0640625 0.1125
1 0.76640625 0.39921875 0.0640625 0.1109375
1 0.5640625 0.89140625 0.06875 0.11875
1 0.3671875 0.28203125 0.065625 0.1203125
1 0.76953125 0.1734375 0.065625 0.1203125
1 0.19296875 0.88671875 0.0671875 0.115625
1 0.4171875 0.60234375 0.065625 0.11875
1 0.7859375 0.72578125 0.0640625 0.1125
1 0.35078125 0.84453125 0.0640625 0.1125
1 0.6796875 0.19921875 0.065625 0.121875
1 0.1671875 0.66875 0.065625 0.1171875
1 0.54921875 0.45703125 0.0625 0.1078125
1 0.39453125 0.27578125 0.065625 0.121875
1 0.6359375 0.54140625 0.0671875 0.1203125
1 0.6640625 0.7625 0.0640625 0.1140625
1 0.38671875 0.61015625 0.0671875 0.121875
0 0.05 0.3625 0.0671875 0.11875
1 0.8796875 0.70390625 0.065625 0.1140625
1 0.5734375 0.4515625 0.0625 0.1078125
1 0.2015625 0.55390625 0.0640625 0.1125
1 0.82265625 0.48984375 0.0671875 0.1203125
1 0.3890625 0.50390625 0.0625 0.1109375
1 0.2671875 0.5375 0.0625 0.1109375
1 0.9390625 0.796875 0.06875 0.1203125
1 0.7046875 0.41875 0.0640625 0.1109375
1 0.534375 0.7921875 0.0640625 0.1140625
1 0.2875 0.859375 0.0640625 0.1125
1 0.90625 0.80546875 0.0703125 0.1234375
1 0.7328125 0.41171875 0.0640625 0.1125
1 0.334375 0.290625 0.065625 0.1203125
1 0.48671875 0.4734375 0.0625 0.1078125
1 0.08828125 0.35546875 0.065625 0.11875
1 0.53125 0.90078125 0.06875 0.1203125
1 0.584375 0.22265625 0.0671875 0.121875
1 0.6578125 0.87265625 0.0703125 0.1265625
1 0.69375 0.75625 0.065625 0.115625
1 0.5984375 0.778125 0.0640625 0.1125
1 0.5515625 0.2296875 0.0671875 0.1234375
1 0.84453125 0.82109375 0.06875 0.121875
1 0.47265625 0.81328125 0.0640625 0.1125
1 0.4125 0.82890625 0.0640625 0.1140625
1 0.271875 0.30625 0.0671875 0.11875
1 0.4078125 0.93671875 0.06875 0.11875
1 0.6078125 0.44375 0.0640625 0.1109375
1 0.94140625 0.68828125 0.0671875 0.115625
1 0.8265625 0.3828125 0.0640625 0.1109375
1 0.84921875 0.7109375 0.0625 0.1109375
1 0.37890625 0.94140625 0.0671875 0.1171875
1 0.90859375 0.69609375 0.0640625 0.1140625
1 0.7296875 0.5140625 0.06875 0.11875
1 0.503125 0.909375 0.0703125 0.1203125
1 0.79375 0.390625 0.0640625 0.1109375
1 0.42421875 0.49453125 0.0609375 0.109375
1 0.453125 0.48359375 0.0609375 0.1078125
1 0.66796875 0.53515625 0.0671875 0.1171875
1 0.66953125 0.4265625 0.0640625 0.1109375
1 0.4296875 0.26796875 0.065625 0.125
1 0.70859375 0.18671875 0.0671875 0.1203125
1 0.59140625 0.884375 0.0703125 0.1203125
1 0.76171875 0.5046875 0.0671875 0.1203125
1 0.85 0.48125 0.0671875 0.1171875
1 0.965625 0.78515625 0.06875 0.1203125
1 0.353125 0.61796875 0.065625 0.11875
1 0.11875 0.34921875 0.065625 0.121875
1 0.625 0.87890625 0.06875 0.1234375
1 0.81484375 0.828125 0.06875 0.1234375
1 0.80390625 0.1640625 0.065625 0.11875
1 0.7828125 0.8359375 0.06875 0.125
1 0.78984375 0.4984375 0.06875 0.11875
1 0.24921875 0.959375 0.0671875 0.08125
1 0.328125 0.6234375 0.065625 0.1171875
1 0.1109375 0.57421875 0.0640625 0.1109375
1 0.23125 0.653125 0.065625 0.11875
1 0.87734375 0.81640625 0.0703125 0.121875
1 0.8828125 0.47578125 0.06875 0.115625
1 0.45703125 0.259375 0.06875 0.1265625
1 0.3453125 0.94609375 0.06875 0.1078125
1 0.440625 0.92890625 0.06875 0.1203125
1 0.525 0.2359375 0.06875 0.125
1 0.75 0.84375 0.06875 0.1234375
0 0.5703125 0.5546875 0.0625 0.1265625
1 0.7390625 0.1796875 0.065625 0.121875
1 0.4921875 0.24453125 0.06875 0.1265625
1 0.85546875 0.37578125 0.065625 0.115625
1 0.5453125 0.5640625 0.0671875 0.1203125
1 0.5125 0.57109375 0.0671875 0.1234375
1 0.28359375 0.95390625 0.0671875 0.0921875
1 0.3125 0.94921875 0.065625 0.1015625
1 0.68671875 0.8640625 0.0671875 0.1234375
1 0.146875 0.340625 0.0640625 0.1203125
1 0.7203125 0.8515625 0.065625 0.121875
1 0.98203125 0.77578125 0.0359375 0.1203125
1 0.2109375 0.32734375 0.065625 0.1203125
1 0.603125 0.5484375 0.0640625 0.1234375
1 0.44765625 0.58359375 0.0671875 0.125
1 0.18046875 0.33515625 0.065625 0.1265625
1 0.47578125 0.5765625 0.065625 0.125
1 0.29453125 0.6328125 0.0671875 0.1203125
1 0.140625 0.6734375 0.0625 0.115625
1 0.26015625 0.6421875 0.0671875 0.11875
1 0.97109375 0.675 0.0578125 0.115625
1 0.99765625 0.7734375 0.0046875 0.121875