1 0.21328125 0.87109375 0.0609375 0.1140625
1 0.1953125 0.6515625 0.06015625 0.1140625
1 0.61875 0.77421875 0.06015625 0.1109375
1 0.16953125 0.55 0.059375 0.11171875
1 0.49296875 0.803125 0.06171875 0.1109375
1 0.29765625 0.5203125 0.0609375 0.1109375
1 0.37265625 0.8328125 0.0609375 0.1109375
1 0.33046875 0.5125 0.0609375 0.1125
1 0.64453125 0.440625 0.06015625 0.10859375
1 0.51875 0.46484375 0.06015625 0.10546875
1 0.2421875 0.85859375 0.06171875 0.1109375
1 0.74453125 0.74375 0.0609375 0.109375
1 0.3125 0.29140625 0.06171875 0.11875
1 0.13828125 0.55546875 0.059375 0.10859375
1 0.3046875 0.84609375 0.06015625 0.1109375
1 0.55859375 0.78671875 0.0609375 0.11015625
1 0.45546875 0.91875 0.065625 0.1203125
1 0.23203125 0.5375 0.0609375 0.1109375
1 0.65703125 0.2109375 0.0625 0.11875
1 0.71640625 0.7546875 0.06015625 0.11015625
1 0.62265625 0.21875 0.06171875 0.11875
1 0.69765625 0.534375 0.06328125 0.1171875
1 0.3625 0.5046875 0.0625 0.1140625
1 0.43359375 0.81953125 0.06171875 0.11328125
1 0.2484375 0.30625 0.06171875 0.1171875
1 0.81171875 0.7296875 0.0609375 0.1109375
1 0.76953125 0.40859375 0.0609375 0.109375
1 0.55 0.89375 0.0640625 0.1171875
1 0.375 0.27734375 0.0609375 0.11875
1 0.78046875 0.1828125 0.06171875 0.11875
1 0.1796875 0.87578125 0.06328125 0.11328125
1 0.4140625 0.59921875 0.06171875 0.1171875
1 0.778125 0.7359375 0.06015625 0.1109375
1 0.3390625 0.8390625 0.06015625 0.1109375
1 0.68984375 0.20546875 0.06171875 0.11953125
1 0.16171875 0.65703125 0.0609375 0.11484375
1 0.55078125 0.45859375 0.05859375 0.10546875
1 0.40234375 0.271875 0.06171875 0.11953125
1 0.634375 0.54609375 0.06328125 0.11875
1 0.6546875 0.76796875 0.06015625 0.11171875
1 0.3828125 0.60625 0.06328125 0.11953125
0 0.0546875 0.346875 0.06328125 0.1171875
1 0.87265625 0.7171875 0.06171875 0.1125
1 0.575 0.45390625 0.059375 0.10546875
1 0.2 0.54375 0.06015625 0.1109375
1 0.82265625 0.50078125 0.06328125 0.11796875
1 0.3890625 0.5 0.059375 0.109375
1 0.265625 0.5296875 0.05859375 0.109375
1 0.928125 0.81171875 0.06484375 0.11875
1 0.70703125 0.42578125 0.0609375 0.10859375
1 0.52421875 0.79296875 0.0609375 0.11171875
1 0.275 0.8515625 0.06015625 0.11015625
1 0.8953125 0.81953125 0.065625 0.121875
1 0.7359375 0.41953125 0.06015625 0.1109375
1 0.34140625 0.28515625 0.06171875 0.11875
1 0.4875 0.47265625 0.059375 0.10546875
1 0.09375 0.34140625 0.0609375 0.1171875
1 0.5171875 0.9015625 0.06484375 0.11875
1 0.59375 0.22578125 0.0625 0.11953125
1 0.64453125 0.878125 0.065625 0.12421875
1 0.684375 0.7625 0.06171875 0.1140625
1 0.5890625 0.78125 0.06015625 0.11015625
1 0.5609375 0.23203125 0.0625 0.121875
1 0.8328125 0.8328125 0.0640625 0.1203125
1 0.46171875 0.8125 0.06015625 0.1109375
1 0.40078125 0.82578125 0.0609375 0.1125
1 0.27890625 0.2984375 0.0625 0.1171875
1 0.39296875 0.93359375 0.0640625 0.1171875
1 0.609375 0.44765625 0.0609375 0.109375
1 0.934375 0.70390625 0.0625 0.11328125
1 0.83046875 0.39453125 0.06015625 0.109375
1 0.84140625 0.72265625 0.059375 0.109375
1 0.36328125 0.9390625 0.06328125 0.11796875
1 0.9015625 0.71015625 0.06015625 0.11171875
1 0.72890625 0.521875 0.06484375 0.11640625
1 0.4890625 0.909375 0.065625 0.11875
1 0.79765625 0.40078125 0.06015625 0.10859375
1 0.42421875 0.4921875 0.0578125 0.1078125
1 0.45390625 0.48203125 0.05703125 0.10546875
1 0.66640625 0.540625 0.0625 0.115625
1 0.671875 0.4328125 0.06015625 0.10859375
1 0.4375 0.265625 0.06171875 0.12265625
1 0.71953125 0.19453125 0.06328125 0.11796875
1 0.578125 0.8875 0.065625 0.11796875
1 0.76171875 0.5140625 0.06328125 0.11796875
1 0.85078125 0.49375 0.0625 0.115625
1 0.95703125 0.8015625 0.06640625 0.11875
1 0.34921875 0.6125 0.06171875 0.11640625
1 0.12421875 0.3359375 0.06171875 0.11953125
1 0.61171875 0.8828125 0.06484375 0.12109375
1 0.803125 0.8390625 0.0640625 0.12109375
1 0.815625 0.175 0.06171875 0.11640625
1 0.77109375 0.8453125 0.06484375 0.12265625
1 0.78984375 0.50859375 0.0640625 0.11640625
1 0.23359375 0.95546875 0.0640625 0.0890625
1 0.32421875 0.6171875 0.06171875 0.115625
1 0.10859375 0.5609375 0.0609375 0.10859375
1 0.22578125 0.64375 0.0609375 0.1171875
1 0.86640625 0.8296875 0.065625 0.11953125
1 0.88359375 0.4890625 0.0640625 0.1140625
1 0.465625 0.2578125 0.06484375 0.125
1 0.33046875 0.94375 0.06484375 0.11171875
1 0.42578125 0.9265625 0.0640625 0.11796875
1 0.534375 0.23671875 0.0640625 0.1234375
1 0.7375 0.85234375 0.0640625 0.12109375
0 0.56875 0.55703125 0.05859375 0.12421875
1 0.75 0.18828125 0.06171875 0.11953125
1 0.50078125 0.24453125 0.06484375 0.12421875
1 0.859375 0.38828125 0.06171875 0.11328125
1 0.54296875 0.565625 0.06328125 0.11875
1 0.51015625 0.571875 0.0625 0.12109375
1 0.26796875 0.95 0.06328125 0.09609375
1 0.296875 0.94609375 0.0625 0.10546875
1 0.67421875 0.8703125 0.0625 0.121875
1 0.15234375 0.328125 0.059375 0.11875
1 0.7078125 0.859375 0.0609375 0.1203125
1 0.978125 0.79375 0.04375 0.11875
1 0.2171875 0.3171875 0.0609375 0.11875
1 0.6015625 0.55234375 0.059375 0.121875
1 0.44453125 0.58203125 0.06328125 0.1234375
1 0.18671875 0.32421875 0.06171875 0.125
1 0.4734375 0.57578125 0.06171875 0.1234375
1 0.28984375 0.62578125 0.0625 0.11796875
1 0.13515625 0.6609375 0.05859375 0.11328125
1 0.25546875 0.63359375 0.06328125 0.1171875
1 0.96953125 0.69140625 0.0609375 0.1140625
1 0.99375 0.790625 0.01171875 0.12109375