1 0.20078125 0.8609375 0.065625 0.115625
1 0.18984375 0.640625 0.0640625 0.115625
1 0.609375 0.778125 0.0640625 0.1125
1 0.16796875 0.53828125 0.0625 0.1140625
1 0.48203125 0.80234375 0.065625 0.1125
1 0.296875 0.51328125 0.0640625 0.1125
1 0.3609375 0.828125 0.0640625 0.1125
1 0.33046875 0.50625 0.0640625 0.1140625
1 0.646875 0.44609375 0.0640625 0.1109375
1 0.5203125 0.465625 0.0640625 0.1078125
1 0.2296875 0.84921875 0.065625 0.1125
1 0.7359375 0.75234375 0.0640625 0.1109375
1 0.31953125 0.28515625 0.065625 0.1203125
1 0.13671875 0.54296875 0.0625 0.1109375
1 0.29296875 0.8390625 0.0640625 0.1125
1 0.5484375 0.78828125 0.0640625 0.1125
1 0.440625 0.9171875 0.0703125 0.121875
1 0.23125 0.528125 0.0640625 0.1125
1 0.6671875 0.21640625 0.0671875 0.1203125
1 0.70703125 0.76171875 0.0640625 0.1125
1 0.63203125 0.2234375 0.065625 0.1203125
1 0.69609375 0.54140625 0.0671875 0.11875
1 0.3625 0.5 0.0671875 0.115625
1 0.42265625 0.8171875 0.065625 0.115625
1 0.25546875 0.29765625 0.065625 0.11875
1 0.803125 0.740625 0.0640625 0.1125
1 0.77265625 0.41796875 0.0640625 0.1109375
1 0.5359375 0.8953125 0.06875 0.11875
1 0.3828125 0.2734375 0.065625 0.1203125
1 0.79140625 0.19296875 0.065625 0.1203125
1 0.16640625 0.8640625 0.0671875 0.115625
1 0.4109375 0.59609375 0.065625 0.11875
1 0.76953125 0.7453125 0.0640625 0.1125
1 0.32734375 0.83359375 0.0640625 0.1125
1 0.7 0.2125 0.065625 0.121875
1 0.15625 0.6453125 0.065625 0.1171875
1 0.55234375 0.46015625 0.0625 0.1078125
1 0.41015625 0.26875 0.065625 0.121875
1 0.6328125 0.55078125 0.0671875 0.1203125
1 0.6453125 0.7734375 0.0640625 0.1140625
1 0.37890625 0.60234375 0.0671875 0.121875
0 0.06015625 0.33125 0.0671875 0.11875
1 0.86484375 0.7296875 0.065625 0.1140625
1 0.5765625 0.45625 0.0625 0.1078125
1 0.1984375 0.53359375 0.0640625 0.1125
1 0.82265625 0.51171875 0.0671875 0.1203125
1 0.3890625 0.49609375 0.0625 0.1109375
1 0.26484375 0.521875 0.0625 0.1109375
1 0.9171875 0.8265625 0.06875 0.1203125
1 0.709375 0.4328125 0.0640625 0.1109375
1 0.5140625 0.79375 0.0640625 0.1140625
1 0.2625 0.84375 0.0640625 0.1125
1 0.88359375 0.8328125 0.0703125 0.1234375
1 0.73828125 0.428125 0.0640625 0.1125
1 0.34921875 0.2796875 0.065625 0.1203125
1 0.48828125 0.471875 0.0625 0.1078125
1 0.09921875 0.32734375 0.065625 0.11875
1 0.503125 0.9015625 0.06875 0.1203125
1 0.603125 0.22890625 0.0671875 0.121875
1 0.63125 0.8828125 0.0703125 0.1265625
1 0.675 0.76875 0.065625 0.115625
1 0.57890625 0.784375 0.0640625 0.1125
1 0.5703125 0.234375 0.0671875 0.1234375
1 0.82109375 0.84453125 0.06875 0.121875
1 0.45078125 0.8109375 0.0640625 0.1125
1 0.38984375 0.821875 0.0640625 0.1140625
1 0.2859375 0.290625 0.0671875 0.11875
1 0.378125 0.9296875 0.06875 0.11875
1 0.6109375 0.4515625 0.0640625 0.1109375
1 0.92734375 0.71875 0.0671875 0.115625
1 0.83359375 0.40625 0.0640625 0.1109375
1 0.83359375 0.734375 0.0625 0.1109375
1 0.34765625 0.934375 0.0671875 0.1203125
1 0.89375 0.72421875 0.0640625 0.1140625
1 0.728125 0.5296875 0.06875 0.11875
1 0.475 0.90859375 0.0703125 0.1203125
1 0.80078125 0.4109375 0.0640625 0.1109375
1 0.42421875 0.48984375 0.0609375 0.109375
1 0.4546875 0.48046875 0.0609375 0.1078125
1 0.66484375 0.54609375 0.0671875 0.1171875
1 0.67421875 0.4390625 0.0640625 0.1109375
1 0.44609375 0.26328125 0.065625 0.125
1 0.7296875 0.20234375 0.0671875 0.1203125
1 0.56484375 0.88984375 0.0703125 0.1203125
1 0.7609375 0.5234375 0.0671875 0.1203125
1 0.85078125 0.50625 0.0671875 0.1171875
1 0.94609375 0.8171875 0.0703125 0.1203125
1 0.3453125 0.60703125 0.065625 0.11875
1 0.13046875 0.32265625 0.065625 0.121875
1 0.5984375 0.88671875 0.06875 0.1234375
1 0.79140625 0.84921875 0.06875 0.1234375
1 0.8265625 0.1859375 0.065625 0.11875
1 0.75859375 0.8546875 0.06875 0.125
1 0.7890625 0.51875 0.06875 0.11875
1 0.21796875 0.94609375 0.0671875 0.090625
1 0.3203125 0.6109375 0.065625 0.1171875
1 0.10703125 0.546875 0.0640625 0.1109375
1 0.22109375 0.634375 0.065625 0.11875
1 0.8546875 0.8421875 0.0703125 0.121875
1 0.88359375 0.50234375 0.06875 0.115625
1 0.47421875 0.25703125 0.06875 0.1265625
1 0.31484375 0.9375 0.06875 0.1140625
1 0.4109375 0.9234375 0.06875 0.1203125
1 0.54375 0.23828125 0.06875 0.125
1 0.725 0.86015625 0.06875 0.1234375
0 0.56640625 0.559375 0.0625 0.1265625
1 0.7609375 0.196875 0.065625 0.121875
1 0.509375 0.24453125 0.06875 0.1265625
1 0.86328125 0.40078125 0.065625 0.115625
1 0.540625 0.5671875 0.0671875 0.1203125
1 0.5078125 0.571875 0.0671875 0.1234375
1 0.25234375 0.94140625 0.0671875 0.0984375
1 0.28125 0.9390625 0.065625 0.1078125
1 0.6609375 0.87578125 0.0671875 0.1234375
1 0.15859375 0.31640625 0.0640625 0.1203125
1 0.6953125 0.86640625 0.065625 0.121875
1 0.96796875 0.81015625 0.0484375 0.1203125
1 0.2234375 0.3078125 0.065625 0.1203125
1 0.6 0.55546875 0.0640625 0.1234375
1 0.44140625 0.5796875 0.0671875 0.125
1 0.19296875 0.31328125 0.065625 0.1265625
1 0.47109375 0.575 0.065625 0.125
1 0.2859375 0.61875 0.0671875 0.1203125
1 0.1296875 0.6484375 0.0625 0.115625
1 0.25078125 0.625 0.0671875 0.11875
1 0.9625 0.7078125 0.065625 0.115625
1 0.98359375 0.8078125 0.015625 0.121875