1 0.67578125 0.40625 0.1015625 0.275
1 0.4765625 0.72734375 0.1015625 0.26953125
0 0.57734375 0.4046875 0.1 0.275
0 0.378125 0.40390625 0.1 0.2734375
0 0.67578125 0.72109375 0.1015625 0.26796875
0 0.88046875 0.40625 0.10625 0.271875
0 0.7765625 0.4046875 0.10234375 0.265625
0 0.5765625 0.7203125 0.09921875 0.26875
0 0.37734375 0.71875 0.1015625 0.26171875
0 0.96328125 0.709375 0.0734375 0.25546875
0 0.88046875 0.7125 0.103125 0.2625
0 0.2765625 0.7203125 0.09921875 0.26640625
0 0.278125 0.4046875 0.09609375 0.2640625
1 0.478125 0.4046875 0.10078125 0.278125
1 0.1765625 0.72265625 0.09765625 0.26796875
0 0.0765625 0.7140625 0.0984375 0.25625
1 0.965625 0.403125 0.06640625 0.28984375
0 0.1765625 0.409375 0.09609375 0.25078125
0 0.07890625 0.409375 0.09375 0.25546875
1 0.778125 0.728125 0.1078125 0.2796875