1 0.6875 0.43125 0.1390625 0.2859375
1 0.4453125 0.721875 0.1375 0.28125
0 0.58984375 0.41640625 0.1375 0.2859375
0 0.39296875 0.3875 0.1375 0.284375
0 0.64296875 0.74375 0.1375 0.2796875
0 0.88984375 0.46015625 0.14375 0.284375
0 0.7875 0.44375 0.1390625 0.2765625
0 0.5453125 0.72890625 0.1359375 0.2796875
0 0.3484375 0.69921875 0.1375 0.2734375
0 0.9296875 0.771875 0.1078125 0.2625
0 0.846875 0.76328125 0.1390625 0.275
0 0.2484375 0.68671875 0.1359375 0.278125
0 0.29375 0.375 0.13125 0.275
1 0.49140625 0.40234375 0.1390625 0.2890625
1 0.1484375 0.67578125 0.134375 0.2796875
0 0.05859375 0.65234375 0.1171875 0.2671875
1 0.96015625 0.46875 0.0796875 0.296875
0 0.1921875 0.365625 0.1296875 0.2609375
0 0.0953125 0.3515625 0.128125 0.265625
1 0.74375 0.76484375 0.1453125 0.2921875