1 0.64765625 0.36640625 0.165625 0.290625
1 0.53203125 0.7265625 0.1640625 0.2859375
0 0.55234375 0.3890625 0.1640625 0.290625
0 0.35859375 0.4359375 0.1625 0.2890625
0 0.72421875 0.671875 0.1640625 0.284375
0 0.846875 0.3171875 0.16875 0.2890625
0 0.7453125 0.340625 0.1640625 0.2828125
0 0.62734375 0.6953125 0.1609375 0.284375
0 0.43359375 0.7421875 0.1625 0.278125
0 0.96640625 0.590625 0.0671875 0.265625
0 0.91875 0.61328125 0.1625 0.2796875
0 0.33671875 0.76796875 0.1609375 0.2828125
0 0.26171875 0.4609375 0.1578125 0.2796875
1 0.45546875 0.4125 0.165625 0.29375
1 0.23984375 0.79453125 0.159375 0.284375
0 0.140625 0.81015625 0.1578125 0.271875
1 0.928125 0.29296875 0.134375 0.296875
0 0.1640625 0.490625 0.1546875 0.2671875
0 0.07265625 0.51328125 0.1453125 0.2703125
1 0.825 0.65390625 0.171875 0.296875