0 0.66484375 0.68359375 0.18125 0.128125
0 0.68359375 0.784375 0.178125 0.1265625
0 0.64609375 0.58203125 0.18125 0.1328125
0 0.6109375 0.37890625 0.184375 0.1359375
0 0.1390625 0.78203125 0.184375 0.13125
0 0.62890625 0.4796875 0.1828125 0.134375
0 0.59140625 0.2734375 0.18125 0.134375
0 0.2328125 0.3359375 0.178125 0.1265625
0 0.1203125 0.67890625 0.1859375 0.1328125
0 0.703125 0.8875 0.1765625 0.1265625
1 0.253125 0.44375 0.184375 0.13125
0 0.10390625 0.575 0.184375 0.13125
0 0.5734375 0.1671875 0.1828125 0.1390625
0 0.77421875 0.34609375 0.1859375 0.140625
1 0.17890625 0.959375 0.1890625 0.08125
0 0.159375 0.88359375 0.1859375 0.13125
0 0.06796875 0.36796875 0.1359375 0.1203125
1 0.0890625 0.475 0.178125 0.134375
0 0.2703125 0.5453125 0.1796875 0.13125
0 0.34375 0.94375 0.18125 0.1125
1 0.30859375 0.75078125 0.184375 0.13125
0 0.21484375 0.234375 0.178125 0.1234375
0 0.28984375 0.65078125 0.1828125 0.1328125
0 0.07109375 0.2640625 0.1421875 0.13125
0 0.75625 0.23671875 0.1859375 0.14375
0 0.3265625 0.85 0.1828125 0.13125
0 0.7421875 0.13671875 0.1796875 0.1328125
0 0.55703125 0.0671875 0.1859375 0.134375
0 0.7921875 0.45625 0.1859375 0.146875
0 0.8671875 0.8671875 0.184375 0.159375
1 0.0640625 0.1578125 0.128125 0.15625
0 0.84609375 0.75390625 0.178125 0.134375
0 0.8234375 0.6546875 0.1703125 0.134375
0 0.19921875 0.13203125 0.1828125 0.13125
0 0.7234375 0.05 0.18125 0.1
0 0.81171875 0.559375 0.184375 0.1203125