0 0.62734375 0.70859375 0.1703125 0.10390625
0 0.26796875 0.29375 0.1703125 0.10390625
0 0.63046875 0.8109375 0.16640625 0.1046875
0 0.62578125 0.29296875 0.1734375 0.11171875
0 0.62734375 0.40078125 0.1765625 0.11015625
0 0.09453125 0.81875 0.1828125 0.10625
0 0.2671875 0.18984375 0.16953125 0.1046875
0 0.26875 0.6109375 0.17265625 0.1078125
0 0.6265625 0.60625 0.17421875 0.10859375
0 0.26953125 0.815625 0.1703125 0.10390625
0 0.62578125 0.18515625 0.17421875 0.11328125
0 0.0953125 0.609375 0.175 0.10625
1 0.271875 0.40234375 0.18359375 0.10546875
0 0.27109375 0.5046875 0.175 0.1046875
0 0.62578125 0.503125 0.17734375 0.11015625
0 0.09609375 0.50546875 0.17265625 0.1078125
1 0.27109375 0.715625 0.17578125 0.10546875
0 0.09375 0.715625 0.17734375 0.10390625
1 0.09453125 0.403125 0.1734375 0.1078125
0 0.6265625 0.0765625 0.17421875 0.12421875
0 0.63125 0.915625 0.16328125 0.103125
1 0.096875 0.92265625 0.18203125 0.10625
0 0.26640625 0.91875 0.165625 0.1046875
0 0.79375 0.396875 0.1609375 0.1265625
0 0.0859375 0.29609375 0.1609375 0.1
0 0.7984375 0.28125 0.1625 0.125
0 0.09609375 0.190625 0.17109375 0.1046875
0 0.796875 0.0703125 0.15 0.12421875
0 0.7921875 0.59921875 0.159375 0.1203125
0 0.79609375 0.70390625 0.16171875 0.10546875
0 0.27109375 0.08359375 0.175 0.109375
1 0.10078125 0.0890625 0.16875 0.1171875
0 0.79609375 0.95234375 0.1578125 0.09375
0 0.7984375 0.83125 0.16328125 0.121875
0 0.8015625 0.18515625 0.16484375 0.10390625
0 0.7984375 0.4984375 0.165625 0.09296875