0 0.61171875 0.7203125 0.1734375 0.1140625
0 0.60390625 0.821875 0.171875 0.1140625
0 0.6203125 0.6171875 0.1734375 0.1203125
0 0.6390625 0.41171875 0.1765625 0.121875
0 0.08359375 0.67890625 0.1671875 0.1171875
0 0.6296875 0.5140625 0.175 0.121875
0 0.646875 0.3046875 0.1734375 0.121875
0 0.284375 0.27265625 0.171875 0.1125
0 0.08828125 0.5734375 0.1765625 0.11875
0 0.59609375 0.92734375 0.1703125 0.1140625
1 0.27578125 0.38125 0.178125 0.11875
0 0.09765625 0.4703125 0.178125 0.1171875
0 0.65703125 0.19765625 0.175 0.1265625
0 0.8046875 0.42265625 0.178125 0.1265625
1 0.078125 0.8859375 0.15625 0.11875
0 0.0796875 0.7828125 0.159375 0.11875
0 0.10625 0.25859375 0.153125 0.1078125
1 0.10546875 0.36796875 0.18125 0.1203125
0 0.26640625 0.484375 0.1734375 0.1171875
0 0.2328125 0.89609375 0.1734375 0.1140625
1 0.25 0.69296875 0.178125 0.1171875
0 0.29375 0.16953125 0.171875 0.1109375
0 0.25859375 0.590625 0.175 0.11875
0 0.12578125 0.15703125 0.1765625 0.1171875
0 0.81640625 0.31171875 0.178125 0.13125
0 0.2421875 0.79375 0.175 0.11875
0 0.828125 0.21171875 0.171875 0.11875
0 0.66796875 0.0921875 0.178125 0.1328125
0 0.79375 0.53359375 0.178125 0.1328125
0 0.759375 0.9375 0.175 0.125
1 0.1359375 0.06015625 0.18125 0.1203125
0 0.76875 0.83515625 0.1703125 0.121875
0 0.771875 0.7328125 0.1625 0.1234375
0 0.3046875 0.06640625 0.1765625 0.11875
0 0.8359375 0.1109375 0.175 0.1140625
0 0.7859375 0.63828125 0.178125 0.10625