0 0.60859375 0.71875 0.178125 0.11875
0 0.28671875 0.27421875 0.178125 0.11875
0 0.603125 0.82109375 0.175 0.11875
0 0.64296875 0.3046875 0.1828125 0.1265625
0 0.63515625 0.4125 0.1859375 0.125
0 0.08125 0.78125 0.1625 0.121875
0 0.2953125 0.17109375 0.178125 0.11875
0 0.26015625 0.590625 0.18125 0.121875
0 0.6171875 0.6171875 0.1828125 0.1234375
0 0.24296875 0.79453125 0.178125 0.11875
0 0.653125 0.19765625 0.1828125 0.128125
0 0.08984375 0.5734375 0.1796875 0.121875
1 0.28125 0.3828125 0.1921875 0.1203125
0 0.271875 0.484375 0.1828125 0.1203125
0 0.625 0.5140625 0.1859375 0.125
0 0.096875 0.4703125 0.18125 0.121875
1 0.253125 0.69453125 0.184375 0.1203125
0 0.084375 0.6796875 0.16875 0.11875
1 0.1046875 0.36796875 0.1828125 0.121875
0 0.66328125 0.0890625 0.184375 0.1390625
0 0.59453125 0.92578125 0.171875 0.1171875
1 0.078125 0.8859375 0.15625 0.121875
0 0.23046875 0.896875 0.1734375 0.11875
0 0.8015625 0.42265625 0.171875 0.140625
0 0.10546875 0.2609375 0.16875 0.1140625
0 0.81640625 0.3078125 0.1734375 0.1390625
0 0.12421875 0.15625 0.1796875 0.11875
0 0.8328125 0.09765625 0.1609375 0.1375
0 0.7828125 0.62421875 0.16875 0.134375
0 0.77734375 0.72890625 0.1703125 0.11875
0 0.30859375 0.06484375 0.184375 0.1234375
1 0.1375 0.06015625 0.178125 0.1203125
0 0.7546875 0.9609375 0.165625 0.078125
0 0.76875 0.85625 0.1734375 0.1359375
0 0.828125 0.2125 0.1734375 0.1171875
0 0.79765625 0.52421875 0.1734375 0.1078125