0 0.5890625 0.72734375 0.1859375 0.13125
0 0.30703125 0.25625 0.1859375 0.13125
0 0.57421875 0.82890625 0.1828125 0.13125
0 0.66015625 0.31796875 0.190625 0.140625
0 0.64296875 0.42421875 0.19375 0.1390625
0 0.071875 0.74296875 0.14375 0.1359375
0 0.32421875 0.15390625 0.184375 0.1328125
0 0.253125 0.56875 0.1890625 0.1359375
0 0.60625 0.6265625 0.190625 0.1375
0 0.21796875 0.77109375 0.1859375 0.13125
0 0.67890625 0.21171875 0.190625 0.1421875
0 0.0890625 0.5375 0.178125 0.134375
1 0.2921875 0.3640625 0.1984375 0.1359375
0 0.2734375 0.46484375 0.190625 0.1328125
0 0.6234375 0.525 0.19375 0.1390625
0 0.1015625 0.43515625 0.1890625 0.1359375
1 0.2375 0.67265625 0.1921875 0.134375
0 0.07890625 0.64140625 0.1578125 0.1328125
1 0.1171875 0.334375 0.1890625 0.1359375
0 0.6984375 0.1046875 0.19375 0.153125
0 0.55703125 0.93203125 0.178125 0.1296875
1 0.0640625 0.84609375 0.128125 0.1359375
0 0.196875 0.871875 0.18125 0.13125
0 0.80703125 0.44921875 0.18125 0.153125
0 0.12734375 0.22734375 0.1765625 0.1265625
0 0.83203125 0.33671875 0.18125 0.1515625
0 0.15625 0.125 0.1859375 0.1328125
0 0.8671875 0.128125 0.16875 0.1484375
0 0.7703125 0.6484375 0.178125 0.146875
0 0.75625 0.75234375 0.178125 0.13125
0 0.346875 0.059375 0.190625 0.11875
1 0.17734375 0.04921875 0.1859375 0.0984375
0 0.7125 0.96796875 0.171875 0.0640625
0 0.73671875 0.878125 0.18125 0.1484375
0 0.8515625 0.2421875 0.1796875 0.13125
0 0.79453125 0.55 0.1796875 0.1203125