0 0.63046875 0.709375 0.165625 0.10078125
0 0.63125 0.81171875 0.16328125 0.1
0 0.6296875 0.60625 0.16484375 0.10625
0 0.63046875 0.4 0.16796875 0.1078125
0 0.0953125 0.71484375 0.16953125 0.103125
0 0.63046875 0.50234375 0.16640625 0.1078125
0 0.6296875 0.29296875 0.16484375 0.1078125
0 0.265625 0.2921875 0.16328125 0.09921875
0 0.0953125 0.61015625 0.17109375 0.10390625
0 0.6328125 0.9171875 0.16171875 0.10078125
1 0.26640625 0.4015625 0.16953125 0.10390625
0 0.096875 0.50546875 0.16953125 0.103125
0 0.63046875 0.18515625 0.16640625 0.11171875
0 0.796875 0.39609375 0.16953125 0.1125
1 0.1 0.92265625 0.17421875 0.1046875
0 0.09765625 0.81875 0.1703125 0.10390625
0 0.08671875 0.29375 0.1453125 0.09609375
1 0.0953125 0.403125 0.17265625 0.10625
0 0.265625 0.5046875 0.16484375 0.10390625
0 0.26796875 0.91796875 0.165625 0.1
1 0.26796875 0.7140625 0.16953125 0.103125
0 0.265625 0.1890625 0.16328125 0.096875
0 0.2671875 0.61171875 0.1671875 0.1046875
0 0.09765625 0.190625 0.16875 0.103125
0 0.7984375 0.28515625 0.16796875 0.11640625
0 0.26875 0.81484375 0.1671875 0.10390625
0 0.8015625 0.184375 0.16328125 0.10546875
0 0.63203125 0.07890625 0.16796875 0.11796875
0 0.7953125 0.5078125 0.16796875 0.11875
0 0.79765625 0.925 0.1640625 0.1328125
1 0.09921875 0.0828125 0.17109375 0.128125
0 0.796875 0.81015625 0.16171875 0.10859375
0 0.79140625 0.70859375 0.153125 0.11015625
0 0.26796875 0.08515625 0.16796875 0.10390625
0 0.80078125 0.0828125 0.16640625 0.09921875
0 0.796875 0.6125 0.17109375 0.09140625