1 0.53671875 0.9171875 0.0984375 0.165625
1 0.6265625 0.471875 0.1078125 0.2296875
1 0.37109375 0.20703125 0.1015625 0.2234375
0 0.7265625 0.275 0.1078125 0.2265625
1 0.3296875 0.4171875 0.103125 0.2234375
0 0.596875 0.9234375 0.096875 0.153125
1 0.48984375 0.22890625 0.1015625 0.221875
0 0.665625 0.2625 0.103125 0.225
1 0.43046875 0.21796875 0.1015625 0.2234375
0 0.684375 0.48359375 0.1046875 0.2265625
1 0.25234375 0.1828125 0.1015625 0.2234375
0 0.7859375 0.28671875 0.1046875 0.2234375
1 0.3109375 0.196875 0.103125 0.2234375
0 0.84375 0.296875 0.1 0.221875
0 0.5484375 0.240625 0.1015625 0.221875
0 0.7125 0.93359375 0.090625 0.1328125
1 0.65390625 0.92890625 0.0953125 0.1421875
0 0.60546875 0.25078125 0.1015625 0.21875
1 0.74375 0.49453125 0.1078125 0.2296875
0 0.90390625 0.30703125 0.1046875 0.2234375
0 0.4203125 0.90546875 0.0921875 0.1796875
1 0.2109375 0.39453125 0.103125 0.221875
1 0.15078125 0.38046875 0.103125 0.2203125
1 0.19375 0.16875 0.103125 0.2265625
1 0.50703125 0.4515625 0.103125 0.225
1 0.36015625 0.89375 0.09375 0.1796875
0 0.8625 0.51875 0.109375 0.228125
1 0.26953125 0.40546875 0.1015625 0.221875
1 0.303125 0.88125 0.096875 0.18125
1 0.565625 0.4625 0.10625 0.225
1 0.803125 0.50703125 0.1046875 0.2296875
1 0.3890625 0.42890625 0.1015625 0.221875
1 0.77109375 0.93984375 0.1015625 0.1203125
1 0.44765625 0.44140625 0.0953125 0.2171875
1 0.24140625 0.86796875 0.090625 0.184375
1 0.18203125 0.8546875 0.0953125 0.1859375
1 0.12421875 0.8421875 0.0890625 0.1796875
1 0.06171875 0.834375 0.0984375 0.1828125
1 0.47734375 0.9140625 0.0921875 0.171875