1 0.6265625 0.48515625 0.125 0.240625
1 0.3359375 0.40703125 0.11875 0.23125
1 0.39140625 0.2 0.11875 0.2234375
1 0.5078125 0.2296875 0.11875 0.2265625
0 0.6828125 0.27578125 0.1171875 0.2265625
1 0.50625 0.91640625 0.1125 0.1671875
1 0.45 0.2140625 0.1171875 0.225
0 0.68515625 0.50078125 0.1234375 0.2390625
0 0.74140625 0.290625 0.121875 0.23125
1 0.275 0.8640625 0.1140625 0.190625
1 0.3328125 0.18671875 0.11875 0.2234375
1 0.21875 0.37578125 0.11875 0.23125
0 0.8 0.3046875 0.11875 0.2296875
0 0.8578125 0.31875 0.11875 0.2296875
0 0.56796875 0.92265625 0.1140625 0.1546875
1 0.27421875 0.16875 0.115625 0.2234375
0 0.565625 0.2453125 0.11875 0.228125
1 0.27734375 0.38984375 0.11875 0.228125
1 0.39375 0.42265625 0.1171875 0.228125
0 0.39375 0.89453125 0.1109375 0.1921875
0 0.62421875 0.26015625 0.1171875 0.2203125
1 0.2171875 0.1484375 0.1171875 0.2265625
1 0.509375 0.45703125 0.1203125 0.2359375
1 0.16015625 0.35625 0.1171875 0.2203125
1 0.74296875 0.51484375 0.125 0.240625
1 0.15859375 0.834375 0.1125 0.1890625
0 0.9171875 0.3328125 0.11875 0.23125
0 0.68125 0.93671875 0.10625 0.1265625
0 0.86015625 0.54375 0.125 0.234375
1 0.4515625 0.4390625 0.11875 0.2296875
1 0.62265625 0.9296875 0.1140625 0.140625
1 0.04765625 0.80234375 0.0953125 0.1859375
1 0.74140625 0.94453125 0.1140625 0.1109375
1 0.56875 0.4671875 0.109375 0.2265625
1 0.80234375 0.53359375 0.10625 0.21875
1 0.2171875 0.846875 0.1015625 0.190625
1 0.09921875 0.8203125 0.0984375 0.1765625
1 0.446875 0.909375 0.096875 0.18125
1 0.3328125 0.878125 0.0953125 0.18125