1 0.61484375 0.4453125 0.0828125 0.2359375
1 0.3140625 0.465625 0.078125 0.225
1 0.29921875 0.2515625 0.0796875 0.21875
1 0.41953125 0.24140625 0.0796875 0.2203125
0 0.6 0.228125 0.078125 0.221875
1 0.6453125 0.9015625 0.08125 0.18125
1 0.359375 0.24609375 0.078125 0.2203125
0 0.675 0.440625 0.0828125 0.234375
0 0.66015625 0.2234375 0.08125 0.2265625
1 0.40546875 0.91328125 0.0828125 0.1734375
1 0.23984375 0.25859375 0.0796875 0.21875
1 0.19375 0.47421875 0.0796875 0.2265625
0 0.71953125 0.2171875 0.0796875 0.225
0 0.77890625 0.21171875 0.078125 0.2234375
0 0.7078125 0.8953125 0.0828125 0.1828125
1 0.17890625 0.26015625 0.0765625 0.2171875
0 0.47890625 0.2375 0.0796875 0.2234375
1 0.253125 0.46875 0.0796875 0.2234375
1 0.37421875 0.46171875 0.0765625 0.2234375
0 0.52734375 0.9078125 0.078125 0.184375
0 0.5390625 0.2328125 0.078125 0.215625
1 0.11796875 0.259375 0.078125 0.221875
1 0.49453125 0.45625 0.0796875 0.2296875
1 0.13203125 0.475 0.078125 0.215625
1 0.734375 0.43515625 0.084375 0.234375
1 0.2859375 0.91796875 0.08125 0.1640625
0 0.83984375 0.20625 0.078125 0.225
0 0.825 0.88515625 0.0734375 0.1875
0 0.8546875 0.42421875 0.084375 0.228125
1 0.434375 0.45859375 0.078125 0.225
1 0.765625 0.89140625 0.08125 0.184375
1 0.1625 0.9234375 0.08125 0.153125
1 0.8859375 0.88125 0.0828125 0.1859375
1 0.55390625 0.446875 0.0703125 0.2234375
1 0.796875 0.4328125 0.06875 0.215625
1 0.3453125 0.91328125 0.06875 0.1734375
1 0.225 0.92421875 0.06875 0.1515625
1 0.58515625 0.90625 0.0640625 0.18125
1 0.465625 0.91171875 0.065625 0.1765625