1 0.6171875 0.91171875 0.06640625 0.17421875
1 0.61875 0.4484375 0.06640625 0.2203125
1 0.3171875 0.23671875 0.06171875 0.21484375
0 0.6796875 0.2359375 0.0671875 0.21796875
1 0.3171875 0.4515625 0.0625 0.215625
0 0.67890625 0.91171875 0.06484375 0.17421875
1 0.43828125 0.2359375 0.0625 0.2140625
0 0.6171875 0.23515625 0.06328125 0.21640625
1 0.378125 0.23671875 0.06171875 0.21484375
0 0.678125 0.4484375 0.0640625 0.21875
1 0.19609375 0.2359375 0.06171875 0.215625
0 0.73984375 0.2359375 0.0640625 0.215625
1 0.25625 0.23828125 0.06328125 0.215625
0 0.7984375 0.23515625 0.06015625 0.21484375
0 0.49765625 0.2359375 0.06171875 0.2140625
0 0.796875 0.9109375 0.05859375 0.1765625
1 0.7375 0.91171875 0.06328125 0.17421875
0 0.55625 0.23515625 0.0625 0.2109375
1 0.73828125 0.4484375 0.06640625 0.2203125
0 0.859375 0.23359375 0.06484375 0.215625
0 0.49921875 0.91328125 0.06015625 0.171875
1 0.19609375 0.4515625 0.06328125 0.2140625
1 0.134375 0.44921875 0.0640625 0.21171875
1 0.1359375 0.23359375 0.06171875 0.21953125
1 0.49765625 0.45078125 0.06328125 0.21640625
1 0.4375 0.91328125 0.0625 0.17109375
0 0.859375 0.44921875 0.06796875 0.21953125
1 0.25546875 0.4515625 0.0625 0.2140625
1 0.3796875 0.91171875 0.06484375 0.171875
1 0.55703125 0.45078125 0.06640625 0.21640625
1 0.79921875 0.44921875 0.06328125 0.22109375
1 0.37734375 0.4515625 0.06171875 0.2140625
1 0.85703125 0.9109375 0.06875 0.175
1 0.4375 0.45234375 0.05703125 0.21015625
1 0.31640625 0.91015625 0.0578125 0.1765625
1 0.25546875 0.90859375 0.06328125 0.1765625
1 0.19609375 0.9078125 0.0578125 0.17109375
1 0.13359375 0.91171875 0.065625 0.17421875
1 0.55859375 0.9140625 0.0609375 0.16953125