1 0.61875 0.453125 0.0671875 0.23125
1 0.3171875 0.453125 0.06328125 0.221875
1 0.3171875 0.23828125 0.06484375 0.2140625
1 0.4375 0.23671875 0.06484375 0.21640625
0 0.61875 0.2359375 0.06328125 0.21796875
1 0.6171875 0.9109375 0.06875 0.1765625
1 0.37734375 0.23671875 0.06328125 0.21640625
0 0.67890625 0.453125 0.06640625 0.2296875
0 0.67890625 0.23515625 0.06640625 0.221875
1 0.37734375 0.91015625 0.07109375 0.178125
1 0.25703125 0.240625 0.06484375 0.2140625
1 0.19609375 0.453125 0.0640625 0.221875
0 0.7390625 0.23359375 0.0640625 0.22109375
0 0.7984375 0.23203125 0.06328125 0.2203125
0 0.6796875 0.90859375 0.0703125 0.17890625
1 0.19609375 0.23828125 0.0625 0.2140625
0 0.49765625 0.23671875 0.0640625 0.21875
1 0.25625 0.4515625 0.0640625 0.21953125
1 0.37734375 0.453125 0.06171875 0.2203125
0 0.49921875 0.90859375 0.06640625 0.18046875
0 0.5578125 0.2359375 0.0640625 0.21171875
1 0.1359375 0.23359375 0.0625 0.21796875
1 0.49765625 0.45625 0.06328125 0.2265625
1 0.134375 0.44921875 0.0640625 0.21171875
1 0.73828125 0.4515625 0.06796875 0.23046875
1 0.25703125 0.9109375 0.06953125 0.1765625
0 0.859375 0.23046875 0.06328125 0.221875
0 0.79765625 0.90703125 0.0609375 0.18359375
0 0.859375 0.44921875 0.06875 0.2234375
1 0.4375 0.45390625 0.06328125 0.22109375
1 0.7375 0.90859375 0.06953125 0.18046875
1 0.13359375 0.91171875 0.06953125 0.17421875
1 0.85859375 0.90703125 0.0703125 0.18125
1 0.5578125 0.45078125 0.0546875 0.2203125
1 0.80078125 0.45390625 0.05390625 0.21171875
1 0.31640625 0.90859375 0.05625 0.18203125
1 0.19609375 0.91328125 0.0578125 0.1671875
1 0.55625 0.9109375 0.05234375 0.178125
1 0.43671875 0.90859375 0.053125 0.17265625