1 0.5953125 0.9140625 0.075 0.171875
1 0.62109375 0.4546875 0.078125 0.2234375
1 0.33125 0.22734375 0.0734375 0.2171875
0 0.69296875 0.24609375 0.078125 0.221875
1 0.3203125 0.4421875 0.0734375 0.21875
0 0.65703125 0.915625 0.0734375 0.16875
1 0.45234375 0.2328125 0.0734375 0.2171875
0 0.63125 0.24140625 0.075 0.21875
1 0.3921875 0.23046875 0.0734375 0.2171875
0 0.68046875 0.4578125 0.075 0.221875
1 0.21015625 0.2203125 0.0734375 0.21875
0 0.753125 0.24921875 0.075 0.21875
1 0.2703125 0.22578125 0.075 0.21875
0 0.81171875 0.25078125 0.071875 0.2171875
0 0.51171875 0.2359375 0.0734375 0.2171875
0 0.77421875 0.91796875 0.0671875 0.1640625
1 0.715625 0.9171875 0.071875 0.165625
0 0.5703125 0.23828125 0.0734375 0.2140625
1 0.740625 0.4609375 0.078125 0.2234375
0 0.87265625 0.253125 0.0765625 0.21875
0 0.47734375 0.9125 0.06875 0.175
1 0.19921875 0.4359375 0.075 0.2171875
1 0.1375 0.43046875 0.075 0.2140625
1 0.15 0.21484375 0.0734375 0.221875
1 0.5 0.45078125 0.075 0.21875
1 0.415625 0.909375 0.071875 0.1734375
0 0.86171875 0.46796875 0.0796875 0.2234375
1 0.25859375 0.4390625 0.0734375 0.2171875
1 0.35859375 0.9046875 0.0734375 0.175
1 0.559375 0.45390625 0.078125 0.2203125
1 0.8015625 0.46484375 0.075 0.2234375
1 0.3796875 0.4453125 0.0734375 0.2171875
1 0.834375 0.91953125 0.078125 0.1609375
1 0.43984375 0.44921875 0.0671875 0.2125
1 0.2953125 0.9 0.0671875 0.1796875
1 0.234375 0.8953125 0.071875 0.1796875
1 0.175 0.89140625 0.0671875 0.1734375
1 0.1125 0.8921875 0.075 0.178125
1 0.53671875 0.91484375 0.0703125 0.1703125