0 0.69296875 0.60546875 0.05625 0.18359375
0 0.29140625 0.59921875 0.0578125 0.19296875
0 0.34765625 0.59921875 0.059375 0.1875
0 0.9171875 0.61328125 0.06328125 0.19296875
0 0.76875 0.13671875 0.05546875 0.16796875
0 0.2359375 0.6015625 0.06015625 0.2
0 0.6375 0.60234375 0.05859375 0.18203125
1 0.821875 0.140625 0.0546875 0.1609375
0 0.8765625 0.1390625 0.05859375 0.1609375
0 0.71640625 0.13828125 0.0546875 0.165625
0 0.9328125 0.13671875 0.05703125 0.159375
0 0.8046875 0.60546875 0.0578125 0.178125
0 0.74765625 0.60703125 0.059375 0.18359375
0 0.1765625 0.60234375 0.06953125 0.20390625
0 0.9796875 0.13671875 0.03828125 0.16796875
0 0.2875 0.140625 0.06015625 0.15546875
0 0.6609375 0.140625 0.0546875 0.165625
0 0.178125 0.13671875 0.0546875 0.159375
0 0.23125 0.13671875 0.05390625 0.15390625
0 0.02265625 0.13515625 0.0453125 0.18203125
0 0.3421875 0.13828125 0.05703125 0.15703125
0 0.125 0.13671875 0.0546875 0.165625
0 0.06953125 0.13671875 0.0546875 0.1734375
0 0.603125 0.14296875 0.0546875 0.1609375
0 0.55 0.13984375 0.0546875 0.1640625
0 0.3953125 0.14453125 0.04453125 0.16875
0 0.52421875 0.6046875 0.05546875 0.18515625
0 0.58203125 0.60390625 0.05 0.1796875
0 0.97421875 0.61328125 0.03984375 0.1703125
0 0.85859375 0.59921875 0.04921875 0.1734375
0 0.40234375 0.5984375 0.046875 0.18046875
1 0.475 0.60390625 0.0453125 0.17109375
1 0.4984375 0.14375 0.04765625 0.15625