0 0.703125 0.584375 0.075 0.1890625
0 0.303125 0.6203125 0.078125 0.1984375
0 0.35859375 0.61484375 0.078125 0.1921875
0 0.9265625 0.56875 0.0828125 0.1984375
0 0.7296875 0.1109375 0.0734375 0.1734375
0 0.24765625 0.62890625 0.08125 0.2046875
0 0.64765625 0.5875 0.0765625 0.1875
1 0.7828125 0.10859375 0.071875 0.165625
0 0.83671875 0.1015625 0.075 0.165625
0 0.67734375 0.11796875 0.071875 0.1703125
0 0.8921875 0.09375 0.0734375 0.1640625
0 0.8140625 0.57265625 0.0765625 0.1828125
0 0.7578125 0.58046875 0.078125 0.1890625
0 0.1890625 0.6359375 0.090625 0.209375
0 0.9390625 0.08828125 0.05625 0.1703125
0 0.25078125 0.16484375 0.0765625 0.1609375
0 0.62265625 0.12578125 0.071875 0.1703125
0 0.1421875 0.17265625 0.0703125 0.1640625
0 0.19453125 0.1671875 0.0703125 0.159375
0 0.009375 0.18671875 0.01875 0.1859375
0 0.30546875 0.15703125 0.0734375 0.1625
0 0.0890625 0.178125 0.071875 0.1703125
0 0.034375 0.1828125 0.06875 0.178125
0 0.565625 0.134375 0.071875 0.165625
0 0.51171875 0.13671875 0.071875 0.16875
0 0.35859375 0.15703125 0.0625 0.171875
0 0.53515625 0.6015625 0.075 0.190625
0 0.5921875 0.59453125 0.06875 0.184375
0 0.97734375 0.56328125 0.0453125 0.1734375
0 0.8671875 0.5609375 0.0671875 0.178125
0 0.41328125 0.6078125 0.065625 0.184375
1 0.4859375 0.60625 0.0625 0.175
1 0.4609375 0.14609375 0.0640625 0.1609375