0 0.67890625 0.628125 0.078125 0.1890625
0 0.28125 0.5734375 0.08125 0.1984375
0 0.33671875 0.5796875 0.08125 0.19375
0 0.9 0.66328125 0.0859375 0.2
0 0.8109375 0.171875 0.075 0.1734375
0 0.22578125 0.56875 0.084375 0.20625
0 0.62421875 0.61796875 0.0796875 0.1875
1 0.86328125 0.1828125 0.0734375 0.165625
0 0.91796875 0.1875 0.078125 0.1671875
0 0.75859375 0.1671875 0.075 0.1703125
0 0.96796875 0.1921875 0.0640625 0.165625
0 0.78984375 0.6421875 0.0796875 0.184375
0 0.7328125 0.63671875 0.08125 0.1890625
0 0.16640625 0.5625 0.09375 0.2109375
0 0.3328125 0.1171875 0.078125 0.1609375
0 0.70390625 0.16328125 0.075 0.1703125
0 0.225 0.1 0.0734375 0.165625
0 0.27734375 0.10703125 0.071875 0.159375
0 0.06953125 0.0859375 0.0671875 0.171875
0 0.3875 0.121875 0.075 0.1625
0 0.171875 0.09375 0.075 0.1703125
0 0.1171875 0.0875 0.075 0.175
0 0.64609375 0.1578125 0.0734375 0.165625
0 0.59375 0.1484375 0.075 0.16875
0 0.4390625 0.134375 0.0640625 0.1734375
0 0.5109375 0.60703125 0.078125 0.190625
0 0.56875 0.61328125 0.071875 0.184375
0 0.95703125 0.6703125 0.0609375 0.1734375
0 0.84375 0.6421875 0.0703125 0.178125
0 0.39140625 0.5859375 0.06875 0.184375
1 0.4625 0.6 0.065625 0.175
1 0.5421875 0.14609375 0.065625 0.1609375