1 0.26796875 0.3453125 0.10234375 0.19140625
1 0.54140625 0.35 0.09765625 0.19140625
1 0.72265625 0.3515625 0.10234375 0.1875
1 0.63125 0.34765625 0.0953125 0.1875
1 0.4578125 0.84921875 0.12265625 0.29921875
0 0.33515625 0.84765625 0.12578125 0.3015625
0 0.5734375 0.84765625 0.1234375 0.29921875
0 0.45078125 0.34765625 0.0953125 0.1875
0 0.7765625 0.17109375 0.09375 0.14453125
0 0.17578125 0.3453125 0.1 0.19375
1 0.53125 0.17578125 0.08125 0.15703125
0 0.8125 0.3515625 0.10546875 0.1875
0 0.35859375 0.3453125 0.0953125 0.19375
1 0.61484375 0.17734375 0.08359375 0.153125
1 0.284375 0.16484375 0.0875 0.17109375
0 0.9203125 0.83671875 0.15 0.28515625
1 0.44921875 0.17109375 0.084375 0.1609375
1 0.965625 0.35390625 0.065625 0.1828125
0 0.36875 0.16484375 0.08671875 0.165625
0 0.940625 0.17578125 0.09765625 0.15703125
0 0.0828125 0.3453125 0.1 0.19140625
0 0.2171875 0.8453125 0.1296875 0.30625
0 0.20234375 0.1625 0.08828125 0.1640625
0 0.03671875 0.16015625 0.0734375 0.16640625
0 0.090625 0.846875 0.12421875 0.303125
0 0.115625 0.1625 0.08515625 0.175
1 0.021875 0.34765625 0.04375 0.19296875
0 0.85390625 0.1734375 0.0953125 0.14921875
0 0.8046875 0.8375 0.11953125 0.2859375
0 0.684375 0.8265625 0.11328125 0.25390625
0 0.9 0.3453125 0.090625 0.184375
0 0.70078125 0.165625 0.0796875 0.16015625