1 0.42421875 0.84609375 0.1484375 0.303125
0 0.4640625 0.34140625 0.1109375 0.190625
1 0.28125 0.32578125 0.1140625 0.190625
0 0.3046875 0.83828125 0.1515625 0.3
0 0.54296875 0.85078125 0.1484375 0.2984375
0 0.3953125 0.165625 0.1015625 0.15625
1 0.55703125 0.35234375 0.1140625 0.190625
0 0.37265625 0.33359375 0.1140625 0.1953125
0 0.190625 0.31640625 0.115625 0.1984375
0 0.65546875 0.85546875 0.1515625 0.2890625
0 0.23203125 0.1484375 0.10625 0.1578125
1 0.6421875 0.19140625 0.0984375 0.15625
0 0.8046875 0.2015625 0.1015625 0.1453125
0 0.82265625 0.37265625 0.125 0.1859375
1 0.55859375 0.184375 0.0953125 0.1546875
0 0.09765625 0.309375 0.1171875 0.1984375
1 0.7328125 0.36484375 0.1203125 0.1875
1 0.31171875 0.1578125 0.1015625 0.159375
0 0.18828125 0.821875 0.15625 0.290625
0 0.1484375 0.1390625 0.103125 0.15625
1 0.47734375 0.17421875 0.096875 0.1546875
0 0.878125 0.8609375 0.146875 0.278125
0 0.95859375 0.2171875 0.0828125 0.1625
0 0.06875 0.1296875 0.0890625 0.15
0 0.06875 0.80859375 0.1375 0.2953125
1 0.0375 0.30390625 0.059375 0.190625
1 0.96875 0.3890625 0.0625 0.184375
0 0.72734375 0.20078125 0.0921875 0.15625
0 0.8921875 0.20703125 0.0859375 0.1671875
0 0.915625 0.37734375 0.0921875 0.16875
1 0.65 0.35703125 0.1 0.18125
0 0.76953125 0.86328125 0.1359375 0.2734375