1 0.48515625 0.85078125 0.1484375 0.2984375
0 0.4375 0.35 0.1109375 0.190625
1 0.2546875 0.36640625 0.1140625 0.190625
0 0.36640625 0.85859375 0.1515625 0.2828125
0 0.60390625 0.8421875 0.1484375 0.3046875
0 0.33828125 0.18828125 0.1015625 0.15625
1 0.53046875 0.34453125 0.1140625 0.190625
0 0.3453125 0.35859375 0.1140625 0.1953125
0 0.16328125 0.37265625 0.115625 0.1984375
0 0.71640625 0.8296875 0.1515625 0.303125
0 0.175 0.20078125 0.10625 0.1578125
1 0.58671875 0.171875 0.0984375 0.15625
0 0.74765625 0.153125 0.1015625 0.1453125
0 0.7953125 0.31875 0.125 0.1859375
1 0.503125 0.17890625 0.0953125 0.1546875
0 0.07109375 0.38203125 0.1171875 0.1984375
1 0.70625 0.3265625 0.1203125 0.1875
1 0.25546875 0.19609375 0.1015625 0.159375
0 0.2484375 0.8625 0.15625 0.275
0 0.090625 0.20546875 0.103125 0.15625
1 0.42109375 0.1828125 0.096875 0.1546875
0 0.93203125 0.80234375 0.1359375 0.3015625
0 0.9125 0.140625 0.103125 0.1625
0 0.02734375 0.209375 0.0546875 0.15
0 0.12578125 0.865625 0.1453125 0.26875
1 0.01953125 0.3875 0.0390625 0.190625
1 0.9515625 0.3078125 0.08125 0.184375
0 0.67265625 0.165625 0.0921875 0.15625
0 0.83515625 0.14375 0.0859375 0.1671875
0 0.8875 0.30703125 0.0921875 0.16875
1 0.62265625 0.33359375 0.1 0.18125
0 0.83046875 0.8203125 0.1359375 0.290625