1 0.4546875 0.8515625 0.1234375 0.29375
0 0.45078125 0.3453125 0.0953125 0.1828125
1 0.2671875 0.3453125 0.0984375 0.1828125
0 0.33515625 0.85390625 0.12734375 0.28984375
0 0.5734375 0.85 0.1234375 0.2953125
0 0.36640625 0.17578125 0.0890625 0.14921875
1 0.54375 0.34765625 0.0984375 0.18203125
0 0.35859375 0.3453125 0.09765625 0.1875
0 0.17578125 0.34375 0.1 0.18984375
0 0.68671875 0.84765625 0.12578125 0.29375
0 0.20234375 0.1734375 0.09296875 0.15
1 0.61484375 0.18046875 0.08515625 0.15
0 0.77734375 0.17578125 0.08984375 0.13828125
0 0.81015625 0.3453125 0.11015625 0.17734375
1 0.53125 0.18046875 0.0828125 0.14765625
0 0.0828125 0.3453125 0.10078125 0.18984375
1 0.7203125 0.3453125 0.1046875 0.17890625
1 0.2828125 0.17578125 0.08828125 0.1515625
0 0.2171875 0.84765625 0.1328125 0.2796875
0 0.11796875 0.17109375 0.08984375 0.14921875
1 0.44921875 0.17734375 0.084375 0.14765625
0 0.909375 0.8390625 0.12265625 0.2921875
0 0.9421875 0.178125 0.090625 0.1546875
0 0.03828125 0.16875 0.0765625 0.14375
0 0.09375 0.8453125 0.1203125 0.28515625
1 0.021875 0.3453125 0.04375 0.18828125
1 0.96640625 0.34765625 0.065625 0.17890625
0 0.70078125 0.18203125 0.0796875 0.14921875
0 0.86484375 0.17421875 0.071875 0.16171875
0 0.903125 0.34140625 0.078125 0.1625
1 0.63671875 0.34453125 0.084375 0.17421875
0 0.8015625 0.84765625 0.1109375 0.2828125