1 0.2953125 0.3109375 0.13125 0.2046875
1 0.5640625 0.35859375 0.1265625 0.2046875
1 0.74296875 0.38828125 0.1296875 0.2015625
1 0.653125 0.3703125 0.1234375 0.2
1 0.40390625 0.83828125 0.1671875 0.3140625
0 0.2828125 0.81796875 0.171875 0.3171875
0 0.5171875 0.8484375 0.16875 0.303125
0 0.475 0.3421875 0.1234375 0.2
0 0.825 0.21875 0.115625 0.1578125
0 0.20390625 0.296875 0.1296875 0.20625
1 0.58125 0.184375 0.1046875 0.1671875
0 0.83203125 0.40234375 0.1328125 0.2015625
0 0.384375 0.325 0.125 0.20625
1 0.6640625 0.19921875 0.10625 0.1640625
1 0.33984375 0.13515625 0.1125 0.1828125
0 0.86171875 0.87265625 0.1921875 0.2546875
1 0.5015625 0.1671875 0.1078125 0.171875
1 0.96796875 0.428125 0.0640625 0.190625
0 0.42265625 0.1484375 0.1109375 0.1765625
0 0.9625 0.24765625 0.075 0.1703125
0 0.1125 0.28203125 0.128125 0.2046875
0 0.16640625 0.796875 0.1765625 0.3234375
0 0.25859375 0.1203125 0.1125 0.1765625
0 0.0953125 0.0921875 0.0984375 0.1765625
0 0.06328125 0.778125 0.1265625 0.31875
0 0.1734375 0.10625 0.1109375 0.1859375
1 0.0515625 0.275 0.0734375 0.196875
0 0.90078125 0.2328125 0.1171875 0.1625
0 0.7484375 0.86484375 0.1625 0.2703125
0 0.63125 0.8515625 0.1515625 0.26875
0 0.91953125 0.41015625 0.11875 0.196875
0 0.75078125 0.20078125 0.103125 0.1703125