1 0.29140625 0.31484375 0.128125 0.203125
1 0.56171875 0.35703125 0.1234375 0.203125
1 0.74140625 0.384375 0.128125 0.2
1 0.6515625 0.3671875 0.1203125 0.1984375
1 0.409375 0.83984375 0.1625 0.3140625
0 0.28828125 0.82109375 0.1671875 0.315625
0 0.52421875 0.8484375 0.1640625 0.303125
0 0.47265625 0.3421875 0.1203125 0.1984375
0 0.81953125 0.2125 0.1125 0.15625
0 0.20078125 0.3015625 0.1265625 0.20625
1 0.57578125 0.18359375 0.1015625 0.1671875
0 0.83046875 0.396875 0.13125 0.2
0 0.38125 0.32734375 0.121875 0.2046875
1 0.65859375 0.19609375 0.1046875 0.1625
1 0.3328125 0.13828125 0.1109375 0.18125
0 0.86875 0.8703125 0.1875 0.259375
1 0.4953125 0.1671875 0.10625 0.171875
1 0.96796875 0.4203125 0.0640625 0.190625
0 0.41640625 0.15 0.109375 0.1765625
0 0.9609375 0.240625 0.078125 0.16875
0 0.10859375 0.2890625 0.125 0.203125
0 0.171875 0.80234375 0.1703125 0.321875
0 0.25234375 0.12421875 0.1109375 0.175
0 0.08828125 0.09921875 0.0953125 0.175
0 0.0640625 0.78671875 0.128125 0.3171875
0 0.16640625 0.1125 0.109375 0.184375
1 0.04765625 0.2828125 0.0703125 0.196875
0 0.89609375 0.22578125 0.115625 0.1609375
0 0.75390625 0.86328125 0.1578125 0.2734375
0 0.6375 0.84921875 0.146875 0.2671875
0 0.91796875 0.40234375 0.115625 0.1953125
0 0.7453125 0.196875 0.1015625 0.1703125