0 0.61875 0.19921875 0.2234375 0.34375
0 0.21171875 0.30859375 0.16875 0.2953125
0 0.53203125 0.21328125 0.225 0.3515625
0 0.1390625 0.3359375 0.1765625 0.3078125
0 0.29375 0.2765625 0.1703125 0.2671875
0 0.446875 0.2234375 0.209375 0.3578125
0 0.171875 0.628125 0.175 0.309375
0 0.778125 0.159375 0.2375 0.31875
0 0.68828125 0.17734375 0.21875 0.340625
0 0.06328125 0.66484375 0.125 0.284375
0 0.3609375 0.2359375 0.2015625 0.3328125
0 0.3953125 0.5609375 0.1875 0.334375
0 0.471875 0.5453125 0.18125 0.3296875
1 0.1109375 0.64453125 0.1671875 0.2921875
0 0.071875 0.3375 0.14375 0.3125
1 0.24296875 0.61171875 0.15625 0.3
0 0.03984375 0.38671875 0.0796875 0.3171875
0 0.71171875 0.49609375 0.1828125 0.3046875
0 0.78984375 0.47734375 0.196875 0.3390625
0 0.30234375 0.58984375 0.1734375 0.3203125
0 0.878125 0.44609375 0.1890625 0.3328125
0 0.56484375 0.53125 0.1859375 0.3296875
0 0.63046875 0.5171875 0.16875 0.31875