1 0.1796875 0.615625 0.109375 0.2671875
0 0.2828125 0.61484375 0.10625 0.259375
0 0.80546875 0.61171875 0.1171875 0.2671875
0 0.38984375 0.87109375 0.1046875 0.24921875
0 0.0671875 0.6140625 0.12734375 0.2640625
0 0.28828125 0.86953125 0.10625 0.2546875
0 0.3875 0.61328125 0.1015625 0.2625
0 0.0734375 0.1390625 0.1 0.265625
0 0.18359375 0.87109375 0.109375 0.2546875
0 0.278125 0.14140625 0.10390625 0.2609375
0 0.8140625 0.8671875 0.12734375 0.24765625
0 0.70078125 0.61328125 0.096875 0.2703125
0 0.17578125 0.140625 0.1015625 0.2625
0 0.5890625 0.14453125 0.0921875 0.2609375
0 0.934375 0.86953125 0.1203125 0.24609375
0 0.37734375 0.14296875 0.1015625 0.2640625
0 0.925 0.615625 0.1171875 0.2640625
0 0.61171875 0.86953125 0.0890625 0.2546875
0 0.7078125 0.871875 0.1 0.253125
0 0.4734375 0.14296875 0.0921875 0.2640625
0 0.6046875 0.61171875 0.090625 0.2640625
0 0.6859375 0.14375 0.10625 0.265625
0 0.4875 0.87109375 0.09140625 0.2515625
0 0.48671875 0.60859375 0.0921875 0.2640625
0 0.06484375 0.86796875 0.1296875 0.2515625