0 0.37421875 0.88515625 0.1609375 0.2296875
1 0.2140625 0.684375 0.1640625 0.284375
0 0.8890625 0.7890625 0.1796875 0.271875
0 0.47578125 0.8765625 0.1578125 0.246875
0 0.27421875 0.896875 0.1609375 0.20625
0 0.50625 0.1375 0.15 0.275
0 0.78515625 0.815625 0.1578125 0.2671875
0 0.959375 0.76328125 0.08125 0.2671875
0 0.10390625 0.225 0.15625 0.2734375
0 0.31640625 0.65859375 0.15625 0.278125
0 0.20390625 0.203125 0.159375 0.2765625
0 0.39296875 0.16015625 0.146875 0.2796875
0 0.4171875 0.6359375 0.1578125 0.2796875
0 0.71953125 0.56484375 0.1546875 0.2859375
0 0.040625 0.2453125 0.08125 0.278125
0 0.825 0.53984375 0.1671875 0.2828125
0 0.3015625 0.18125 0.1546875 0.2765625
0 0.6921875 0.83671875 0.146875 0.265625
0 0.6265625 0.58515625 0.1453125 0.2765625
0 0.92734375 0.51640625 0.1453125 0.2828125
0 0.6 0.12421875 0.1625 0.2484375
0 0.5703125 0.86484375 0.1453125 0.265625
0 0.509375 0.61171875 0.1421875 0.271875
0 0.15390625 0.9109375 0.1578125 0.178125
0 0.1109375 0.70625 0.1609375 0.284375