1 0.1859375 0.63203125 0.1234375 0.271875
0 0.2890625 0.62578125 0.1203125 0.2640625
0 0.8109375 0.5953125 0.13125 0.2734375
0 0.40859375 0.87421875 0.1171875 0.2515625
0 0.0734375 0.63671875 0.140625 0.2703125
0 0.3078125 0.875 0.11875 0.25
0 0.39375 0.61875 0.115625 0.2671875
0 0.05625 0.16171875 0.1125 0.2703125
0 0.203125 0.87890625 0.121875 0.2421875
0 0.259375 0.153125 0.1171875 0.265625
0 0.8328125 0.85 0.140625 0.2546875
0 0.70625 0.60234375 0.1109375 0.275
0 0.15703125 0.1578125 0.115625 0.2671875
0 0.5703125 0.140625 0.10625 0.265625
0 0.94296875 0.84609375 0.1140625 0.2515625
0 0.35859375 0.15 0.115625 0.26875
0 0.93046875 0.59296875 0.13125 0.2703125
0 0.63125 0.86328125 0.1015625 0.259375
0 0.72734375 0.86015625 0.1125 0.2578125
0 0.4546875 0.14453125 0.10625 0.26875
0 0.61015625 0.60625 0.1046875 0.26875
0 0.66640625 0.134375 0.1203125 0.26875
0 0.50703125 0.87109375 0.1046875 0.25625
0 0.4921875 0.609375 0.10625 0.26875
0 0.08359375 0.88046875 0.1421875 0.2390625