0 0.70546875 0.25078125 0.253125 0.3578125
0 0.28515625 0.22890625 0.196875 0.3046875
0 0.61875 0.23671875 0.25625 0.365625
0 0.20703125 0.2328125 0.2046875 0.31875
0 0.37265625 0.2234375 0.19375 0.278125
0 0.534375 0.2203125 0.2421875 0.3703125
0 0.1484375 0.5203125 0.203125 0.31875
0 0.86953125 0.24921875 0.2609375 0.3609375
0 0.77890625 0.25078125 0.25 0.3546875
0 0.0546875 0.52109375 0.109375 0.2890625
0 0.44921875 0.20546875 0.23125 0.3453125
0 0.38203125 0.52578125 0.2171875 0.3453125
0 0.459375 0.534375 0.2109375 0.3390625
1 0.090625 0.51640625 0.18125 0.3015625
0 0.1265625 0.20859375 0.2078125 0.3234375
1 0.22109375 0.52734375 0.184375 0.3078125
0 0.08359375 0.2453125 0.1421875 0.3203125
0 0.70234375 0.56171875 0.2109375 0.315625
0 0.7828125 0.56796875 0.2265625 0.35
0 0.28359375 0.52421875 0.203125 0.3296875
0 0.8765625 0.565625 0.2203125 0.34375
0 0.5515625 0.54921875 0.215625 0.340625
0 0.61875 0.55625 0.1984375 0.328125