1 0.1609375 0.534375 0.1703125 0.2859375
0 0.26171875 0.55859375 0.165625 0.278125
0 0.76953125 0.68203125 0.178125 0.2875
0 0.303125 0.83359375 0.1625 0.2671875
0 0.07265625 0.50625 0.1453125 0.2875
0 0.20546875 0.80703125 0.1640625 0.2734375
0 0.36328125 0.5828125 0.1625 0.2796875
0 0.17265625 0.09375 0.1609375 0.1875
0 0.103125 0.78359375 0.1671875 0.2734375
0 0.37109375 0.11875 0.1640625 0.2375
0 0.71484375 0.89765625 0.1828125 0.2046875
0 0.6671875 0.65859375 0.159375 0.2859375
0 0.271875 0.10625 0.1625 0.2125
0 0.67265625 0.1765625 0.153125 0.275
0 0.83203125 0.91484375 0.1765625 0.1703125
0 0.4671875 0.13203125 0.1625 0.2640625
0 0.884375 0.71484375 0.178125 0.284375
0 0.51796875 0.87578125 0.1484375 0.2484375
0 0.61171875 0.8875 0.1578125 0.225
0 0.5609375 0.146875 0.153125 0.278125
0 0.57421875 0.63359375 0.1515625 0.278125
0 0.76640625 0.19921875 0.1671875 0.2828125
0 0.3984375 0.85703125 0.15 0.265625
0 0.4609375 0.60234375 0.153125 0.278125
0 0.040625 0.7515625 0.08125 0.275