0 0.28671875 0.8671875 0.10625 0.253125
1 0.1796875 0.615625 0.10703125 0.2671875
0 0.8140625 0.86953125 0.12734375 0.24921875
0 0.38984375 0.87109375 0.10390625 0.24921875
0 0.18359375 0.8671875 0.10703125 0.253125
0 0.58828125 0.14765625 0.0921875 0.2640625
0 0.70703125 0.871875 0.10390625 0.25
0 0.93359375 0.87109375 0.121875 0.24609375
0 0.17578125 0.14296875 0.1015625 0.2578125
0 0.28515625 0.61328125 0.09921875 0.2625
0 0.278125 0.14375 0.10390625 0.259375
0 0.471875 0.14453125 0.08828125 0.2671875
0 0.38828125 0.6140625 0.1015625 0.2640625
0 0.69921875 0.6125 0.09609375 0.271875
0 0.0734375 0.140625 0.0984375 0.2625
0 0.8078125 0.61171875 0.11015625 0.2640625
0 0.378125 0.14453125 0.09921875 0.2609375
0 0.61171875 0.87109375 0.0921875 0.2515625
0 0.60390625 0.61171875 0.08828125 0.2640625
0 0.925 0.615625 0.1140625 0.2640625
0 0.6859375 0.14296875 0.10625 0.2609375
0 0.48671875 0.87109375 0.090625 0.2515625
0 0.484375 0.6109375 0.0859375 0.259375
0 0.0609375 0.86796875 0.1046875 0.2515625
0 0.0140625 0.14140625 0.028125 0.2609375
0 0.07421875 0.61328125 0.10390625 0.2671875