0 0.209375 0.81015625 0.1609375 0.2703125
1 0.16171875 0.540625 0.1640625 0.284375
0 0.72265625 0.896875 0.1796875 0.20625
0 0.309375 0.83671875 0.1578125 0.265625
0 0.109375 0.78671875 0.1609375 0.2703125
0 0.665625 0.1765625 0.15 0.278125
0 0.61796875 0.8875 0.1578125 0.225
0 0.83828125 0.9125 0.1734375 0.175
0 0.2640625 0.1078125 0.15625 0.215625
0 0.26484375 0.56171875 0.15625 0.278125
0 0.3640625 0.1203125 0.159375 0.240625
0 0.55234375 0.14765625 0.146875 0.2796875
0 0.365625 0.5859375 0.1578125 0.2796875
0 0.66875 0.6546875 0.1546875 0.2859375
0 0.16484375 0.09609375 0.1546875 0.1921875
0 0.775 0.678125 0.1671875 0.2828125
0 0.46015625 0.13203125 0.1546875 0.2640625
0 0.525 0.8765625 0.146875 0.246875
0 0.57578125 0.63203125 0.1453125 0.2765625
0 0.88828125 0.70859375 0.1703125 0.2828125
0 0.76171875 0.19375 0.1625 0.278125
0 0.40390625 0.85859375 0.1453125 0.265625
0 0.46015625 0.6046875 0.1421875 0.271875
0 0.03359375 0.759375 0.0671875 0.26875
0 0.10703125 0.0859375 0.0859375 0.171875
0 0.06953125 0.5140625 0.1390625 0.284375