0 0.64921875 0.21328125 0.18984375 0.32578125
0 0.23359375 0.2796875 0.140625 0.28203125
0 0.56171875 0.21796875 0.19140625 0.3328125
0 0.1578125 0.29921875 0.14609375 0.29453125
0 0.31796875 0.25625 0.14453125 0.25390625
0 0.47578125 0.21953125 0.17421875 0.3421875
0 0.16015625 0.59296875 0.1453125 0.2953125
0 0.81328125 0.17734375 0.2046875 0.32578125
0 0.72109375 0.1984375 0.18671875 0.3234375
0 0.0484375 0.61796875 0.09609375 0.27578125
0 0.3890625 0.22265625 0.16953125 0.3171875
0 0.38984375 0.55 0.1546875 0.31953125
0 0.4671875 0.5421875 0.14921875 0.315625
1 0.09765625 0.603125 0.13828125 0.2796875
0 0.07421875 0.29296875 0.1484375 0.29921875
1 0.2328125 0.584375 0.12734375 0.2875
0 0.03984375 0.3375 0.0796875 0.31015625
0 0.7109375 0.51796875 0.153125 0.290625
0 0.790625 0.5078125 0.16328125 0.3234375
0 0.29375 0.56875 0.1421875 0.30703125
0 0.88203125 0.4859375 0.15703125 0.31796875
0 0.5609375 0.5375 0.15390625 0.31484375
0 0.628125 0.53046875 0.1375 0.30546875