0 0.4421875 0.82265625 0.0984375 0.278125
0 0.903125 0.1203125 0.109375 0.240625
0 0.59453125 0.14765625 0.1015625 0.265625
0 0.36328125 0.18203125 0.1015625 0.2640625
0 0.7796875 0.125 0.1 0.25
0 0.18359375 0.20703125 0.0984375 0.2640625
1 0.86796875 0.7734375 0.1015625 0.284375
0 0.68203125 0.79140625 0.096875 0.2765625
0 0.65859375 0.13515625 0.1015625 0.2625
0 0.6203125 0.79453125 0.1 0.278125
0 0.24765625 0.203125 0.0828125 0.2515625
1 0.9703125 0.7546875 0.059375 0.284375
0 0.559375 0.80546875 0.1 0.2796875
0 0.4984375 0.8140625 0.090625 0.2796875
0 0.1984375 0.8625 0.1 0.275
0 0.140625 0.8671875 0.09375 0.265625
0 0.38046875 0.83359375 0.090625 0.278125
0 0.80546875 0.7765625 0.0984375 0.275
0 0.9296875 0.76484375 0.0984375 0.2828125
0 0.74296875 0.78125 0.1 0.271875
0 0.5359375 0.15703125 0.08125 0.2625
0 0.4765625 0.16640625 0.0921875 0.2640625
0 0.32109375 0.8421875 0.096875 0.278125
0 0.30234375 0.1921875 0.090625 0.265625
0 0.71875 0.1375 0.0875 0.275
0 0.84375 0.13046875 0.090625 0.2609375
0 0.42109375 0.17890625 0.078125 0.2578125
0 0.0671875 0.228125 0.0859375 0.2703125
0 0.125 0.2140625 0.090625 0.2703125
0 0.265625 0.84609375 0.09375 0.2796875
1 0.084375 0.871875 0.090625 0.25625
1 0.02578125 0.23046875 0.0515625 0.2609375