1 0.959375 0.80859375 0.07578125 0.2796875
0 0.825 0.15859375 0.07265625 0.275
0 0.6453125 0.81015625 0.0625 0.26875
1 0.83125 0.81484375 0.07109375 0.275
0 0.69921875 0.16171875 0.071875 0.2671875
0 0.57734375 0.16875 0.0671875 0.26875
0 0.40078125 0.81328125 0.0640625 0.27421875
0 0.22109375 0.178125 0.06640625 0.27265625
0 0.09921875 0.8265625 0.06484375 0.2765625
0 0.584375 0.80625 0.0671875 0.27109375
0 0.340625 0.81796875 0.0640625 0.26953125
0 0.89609375 0.81015625 0.06796875 0.27421875
0 0.9515625 0.15546875 0.08125 0.2890625
0 0.1015625 0.18125 0.0640625 0.27421875
0 0.52109375 0.80859375 0.06640625 0.27421875
0 0.4015625 0.17890625 0.06640625 0.27109375
0 0.46015625 0.809375 0.0625 0.275
0 0.2796875 0.81953125 0.06328125 0.275
0 0.70703125 0.81015625 0.06796875 0.26875
0 0.34140625 0.18203125 0.06171875 0.275
0 0.7703125 0.81171875 0.06484375 0.27421875
1 0.04453125 0.1796875 0.06875 0.27265625
1 0.0375 0.828125 0.0625 0.26875
0 0.21953125 0.8203125 0.0625 0.28359375
0 0.51796875 0.17421875 0.0609375 0.26875
0 0.4609375 0.18671875 0.0625 0.25625
0 0.2859375 0.16171875 0.06015625 0.23359375
0 0.15859375 0.8296875 0.0578125 0.29140625
0 0.63671875 0.1640625 0.05703125 0.24765625
0 0.165625 0.16640625 0.0578125 0.2390625
0 0.759375 0.17265625 0.0640625 0.26640625