1 0.975 0.67890625 0.05 0.2890625
0 0.725 0.1140625 0.140625 0.228125
0 0.7203125 0.76171875 0.1296875 0.275
1 0.9015625 0.71875 0.140625 0.284375
0 0.60390625 0.1296875 0.1390625 0.259375
0 0.4890625 0.16015625 0.134375 0.2765625
0 0.48515625 0.828125 0.1328125 0.28125
0 0.14765625 0.2609375 0.134375 0.28125
0 0.196875 0.88828125 0.134375 0.2234375
0 0.6609375 0.77421875 0.134375 0.2796875
0 0.428125 0.8484375 0.13125 0.2765625
0 0.946875 0.69609375 0.10625 0.2828125
0 0.846875 0.1 0.153125 0.2
0 0.04921875 0.2953125 0.0984375 0.28125
0 0.6 0.79296875 0.134375 0.2828125
0 0.321875 0.215625 0.134375 0.2796875
0 0.54140625 0.809375 0.13125 0.28125
0 0.36953125 0.8625 0.1328125 0.275
0 0.78046875 0.74609375 0.1359375 0.2765625
0 0.26484375 0.23359375 0.13125 0.28125
0 0.84140625 0.73125 0.134375 0.28125
1 0.02265625 0.3078125 0.0453125 0.28125
1 0.13828125 0.89921875 0.1296875 0.2015625
0 0.3109375 0.86796875 0.134375 0.2640625
0 0.4328125 0.18046875 0.128125 0.275
0 0.38125 0.2078125 0.1265625 0.2640625
0 0.20546875 0.22890625 0.11875 0.240625
0 0.2546875 0.87890625 0.13125 0.2421875
0 0.5453125 0.13984375 0.11875 0.2546875
0 0.090625 0.2640625 0.1171875 0.2453125
0 0.665625 0.1265625 0.13125 0.253125