0 0.403125 0.81328125 0.065625 0.27265625
0 0.9484375 0.15390625 0.07734375 0.27109375
0 0.63671875 0.16171875 0.07109375 0.25859375
0 0.403125 0.16796875 0.07109375 0.25703125
0 0.82421875 0.1546875 0.06875 0.25703125
0 0.221875 0.1703125 0.0671875 0.25703125
1 0.83203125 0.81640625 0.06875 0.278125
0 0.6453125 0.81171875 0.0640625 0.27109375
0 0.7015625 0.15703125 0.07109375 0.25625
0 0.58359375 0.80703125 0.06796875 0.27109375
0 0.2859375 0.175 0.053125 0.24765625
1 0.96015625 0.8140625 0.0765625 0.2765625
0 0.521875 0.81015625 0.06640625 0.27421875
0 0.46015625 0.81171875 0.0578125 0.27421875
0 0.15703125 0.82421875 0.0671875 0.27109375
0 0.09765625 0.82734375 0.06015625 0.275
0 0.340625 0.81640625 0.05859375 0.27265625
0 0.76953125 0.81171875 0.06640625 0.26875
0 0.89453125 0.815625 0.06484375 0.2765625
0 0.70703125 0.80859375 0.06796875 0.265625
0 0.57734375 0.1640625 0.05078125 0.2578125
0 0.5171875 0.165625 0.0609375 0.25859375
0 0.28046875 0.81796875 0.06484375 0.27265625
0 0.34140625 0.1703125 0.05859375 0.26015625
0 0.7625 0.16328125 0.0546875 0.27890625
0 0.88828125 0.1609375 0.05703125 0.28359375
0 0.4609375 0.171875 0.04765625 0.25390625
0 0.10390625 0.17734375 0.05390625 0.265625
0 0.1625 0.1703125 0.059375 0.26484375
0 0.225 0.81484375 0.0609375 0.27421875
1 0.040625 0.82890625 0.05859375 0.27109375
1 0.04296875 0.17265625 0.059375 0.25625