0 0.46484375 0.82578125 0.1171875 0.2796875
0 0.8734375 0.1078125 0.128125 0.215625
0 0.56953125 0.1421875 0.11875 0.2671875
0 0.34140625 0.1921875 0.11875 0.265625
0 0.75234375 0.115625 0.1171875 0.23125
0 0.1640625 0.2296875 0.115625 0.265625
1 0.8859375 0.746875 0.1203125 0.2859375
0 0.70234375 0.778125 0.1140625 0.278125
0 0.63125 0.12890625 0.11875 0.2578125
0 0.640625 0.78515625 0.11875 0.2796875
0 0.228125 0.221875 0.1 0.253125
1 0.9734375 0.71953125 0.053125 0.2859375
0 0.58046875 0.8 0.1171875 0.28125
0 0.5203125 0.81328125 0.109375 0.2796875
0 0.22421875 0.871875 0.1171875 0.25625
0 0.16640625 0.87890625 0.1109375 0.2421875
0 0.40390625 0.840625 0.109375 0.278125
0 0.82421875 0.7546875 0.1171875 0.2765625
0 0.94453125 0.734375 0.1109375 0.284375
0 0.7625 0.76328125 0.1171875 0.2734375
0 0.51171875 0.15546875 0.0984375 0.2625
0 0.453125 0.16875 0.109375 0.265625
0 0.3453125 0.85390625 0.115625 0.2796875
0 0.28125 0.20625 0.1078125 0.2671875
0 0.69375 0.13046875 0.10625 0.2609375
0 0.815625 0.11875 0.109375 0.2375
0 0.39921875 0.18515625 0.0953125 0.2578125
0 0.05078125 0.25859375 0.1015625 0.2703125
0 0.10546875 0.240625 0.109375 0.271875
0 0.2890625 0.86015625 0.1125 0.2796875
1 0.1109375 0.8859375 0.109375 0.228125
1 0.02109375 0.265625 0.0421875 0.2625