1 0.93671875 0.83984375 0.0953125 0.284375
0 0.84765625 0.18203125 0.0921875 0.2796875
0 0.6234375 0.81953125 0.08125 0.271875
1 0.80859375 0.8375 0.090625 0.2796875
0 0.72265625 0.1765625 0.090625 0.271875
0 0.6 0.175 0.0859375 0.2734375
0 0.37890625 0.80546875 0.0828125 0.278125
0 0.24453125 0.159375 0.0859375 0.2765625
0 0.07734375 0.79765625 0.084375 0.2796875
0 0.5625 0.81171875 0.0859375 0.275
0 0.31875 0.80625 0.0828125 0.2734375
0 0.8734375 0.83671875 0.0875 0.278125
0 0.96171875 0.1875 0.0765625 0.29375
0 0.125 0.15390625 0.0828125 0.278125
0 0.49921875 0.809375 0.0859375 0.278125
0 0.42421875 0.17265625 0.084375 0.275
0 0.4390625 0.80546875 0.08125 0.278125
0 0.2578125 0.803125 0.0828125 0.278125
0 0.68515625 0.82421875 0.0859375 0.2734375
0 0.3640625 0.171875 0.08125 0.278125
0 0.74765625 0.8296875 0.084375 0.278125
1 0.06796875 0.1484375 0.0875 0.2765625
1 0.028125 0.7953125 0.05625 0.271875
0 0.19765625 0.8 0.0828125 0.2875
0 0.540625 0.1765625 0.0796875 0.271875
0 0.4828125 0.184375 0.0796875 0.259375
0 0.31015625 0.14765625 0.0765625 0.2375
0 0.13671875 0.8046875 0.078125 0.2953125
0 0.66015625 0.17421875 0.0734375 0.2515625
0 0.18984375 0.14375 0.075 0.2421875
0 0.78125 0.19140625 0.0828125 0.2703125