1 0.51875 0.29375 0.1015625 0.0671875
1 0.60546875 0.315625 0.10625 0.06875
1 0.428125 0.271875 0.103125 0.06875
0 0.7109375 0.3171875 0.11875 0.1140625
1 0.33203125 0.25078125 0.109375 0.06875
0 0.12421875 0.17109375 0.13125 0.1203125
1 0.46171875 0.71796875 0.3 0.3875
1 0.2421875 0.22734375 0.1 0.06875
0 0.28984375 0.11796875 0.0734375 0.0765625
1 0.35078125 0.14765625 0.0703125 0.053125
0 0.7125 0.71015625 0.3328125 0.490625
1 0.5109375 0.37109375 0.271875 0.103125
1 0.2453125 0.3125 0.290625 0.1125
0 0.1 0.5953125 0.2 0.48125
1 0.47421875 0.17890625 0.065625 0.05
1 0.6515625 0.22421875 0.0640625 0.046875
0 0.8109375 0.328125 0.109375 0.121875
1 0.21953125 0.6796875 0.3359375 0.40625
1 0.5328125 0.19375 0.0671875 0.05