0 0.46640625 0.7375 0.1609375 0.165625
0 0.3421875 0.703125 0.1578125 0.165625
1 0.40234375 0.54296875 0.4140625 0.2203125
1 0.2140625 0.6484375 0.1625 0.1328125
1 0.7453125 0.6484375 0.3578125 0.2015625
1 0.29921875 0.83046875 0.0875 0.06875
1 0.06171875 0.778125 0.1015625 0.0734375
1 0.14921875 0.79921875 0.09375 0.0734375
0 0.4390625 0.88515625 0.096875 0.1046875
1 0.08203125 0.6109375 0.1640625 0.14375
0 0.665625 0.80546875 0.159375 0.1859375
0 0.50390625 0.90390625 0.0984375 0.1140625
1 0.2203125 0.8140625 0.0921875 0.0734375
1 0.36796875 0.846875 0.0828125 0.065625
1 0.83984375 0.16328125 0.3203125 0.2484375
1 0.11953125 0.46875 0.2390625 0.175
1 0.5390625 0.07890625 0.40625 0.1578125
1 0.01171875 0.75625 0.0234375 0.0875
1 0.00703125 0.5625 0.0140625 0.103125
1 0.93828125 0.70234375 0.0796875 0.13125