1 0.57890625 0.30390625 0.1 0.065625
1 0.33515625 0.72421875 0.28125 0.3515625
1 0.30390625 0.31484375 0.10625 0.065625
1 0.4875 0.3078125 0.096875 0.0625
1 0.7578125 0.296875 0.09375 0.0640625
1 0.4015625 0.31015625 0.0984375 0.0640625
1 0.66796875 0.30390625 0.1 0.065625
1 0.20703125 0.31796875 0.1109375 0.06875
1 0.11953125 0.72734375 0.2390625 0.3609375
0 0.8015625 0.62109375 0.3453125 0.4625
0 0.5875 0.19921875 0.065625 0.071875
0 0.5765625 0.63203125 0.28125 0.4703125
1 0.84609375 0.28984375 0.0953125 0.0609375
0 0.65 0.19296875 0.06875 0.0703125
1 0.3515625 0.21796875 0.06875 0.046875
1 0.53046875 0.21328125 0.0609375 0.0484375
1 0.47265625 0.215625 0.0609375 0.04375
1 0.22109375 0.2203125 0.0671875 0.0453125
1 0.28984375 0.21953125 0.0671875 0.04375
1 0.41015625 0.21640625 0.0640625 0.0421875
1 0.93203125 0.28671875 0.0921875 0.0546875
1 0.98671875 0.28046875 0.0265625 0.0515625
1 0.9328125 0.65234375 0.134375 0.3015625
1 0.0453125 0.315625 0.065625 0.0765625
1 0.16171875 0.2234375 0.065625 0.04375
1 0.38203125 0.4015625 0.2765625 0.10625
1 0.13203125 0.40234375 0.2546875 0.0984375