1 0.45078125 0.2984375 0.103125 0.071875
1 0.53984375 0.290625 0.1078125 0.0734375
1 0.3578125 0.3078125 0.1046875 0.0734375
0 0.63984375 0.25859375 0.1234375 0.11875
1 0.26015625 0.31875 0.1109375 0.0734375
0 0.05234375 0.31171875 0.1046875 0.1265625
1 0.534375 0.71875 0.315625 0.396875
1 0.16796875 0.32578125 0.103125 0.0734375
0 0.17734375 0.20703125 0.0765625 0.0796875
1 0.24375 0.215625 0.071875 0.05625
0 0.76953125 0.6296875 0.353125 0.5015625
1 0.46875 0.375 0.2734375 0.1171875
1 0.1984375 0.40546875 0.2921875 0.1265625
0 0.13203125 0.728125 0.2640625 0.4875
1 0.37109375 0.20546875 0.0671875 0.0515625
1 0.553125 0.18984375 0.065625 0.05
0 0.73828125 0.23671875 0.1140625 0.1265625
1 0.29375 0.76171875 0.353125 0.41875
1 0.43125 0.2 0.06875 0.053125