1 0.6171875 0.28828125 0.1 0.0625
1 0.43046875 0.29453125 0.1015625 0.0578125
0 0.93203125 0.246875 0.121875 0.115625
1 0.715625 0.2859375 0.103125 0.0625
0 0.328125 0.2796875 0.109375 0.10625
1 0.5234375 0.29453125 0.1 0.059375
1 0.4859375 0.72109375 0.26875 0.36875
0 0.78203125 0.1671875 0.0734375 0.065625
1 0.8078125 0.2765625 0.1015625 0.0625
0 0.2484375 0.6625 0.290625 0.4703125
1 0.5203125 0.371875 0.265625 0.08125
1 0.715625 0.18359375 0.065625 0.046875
1 0.7875 0.3640625 0.290625 0.0859375
0 0.8921875 0.67578125 0.215625 0.4671875
1 0.76171875 0.721875 0.3453125 0.3828125
1 0.5875 0.18828125 0.0625 0.0421875
1 0.40625 0.20078125 0.0609375 0.04375
1 0.95859375 0.3515625 0.0828125 0.06875
1 0.6484375 0.18671875 0.0671875 0.04375
0 0.23203125 0.27890625 0.0953125 0.1125