1 0.52265625 0.309375 0.2265625 0.3671875
1 0.5203125 0.74375 0.0984375 0.05625
1 0.61328125 0.74921875 0.096875 0.0546875
1 0.721875 0.31328125 0.21484375 0.3703125
1 0.4265625 0.7421875 0.09921875 0.05625
0 0.92890625 0.79921875 0.1234375 0.11484375
0 0.2578125 0.3171875 0.25859375 0.384375
0 0.3234375 0.759375 0.1046875 0.09375
1 0.8078125 0.76171875 0.09140625 0.05625
0 0.77265625 0.878125 0.0640625 0.06640625
1 0.709375 0.7578125 0.10390625 0.05625
1 0.51953125 0.84453125 0.0609375 0.0375
1 0.7078125 0.8578125 0.06328125 0.04375
1 0.5796875 0.85 0.0625 0.03984375
1 0.39921875 0.83671875 0.06328125 0.040625
1 0.459375 0.83984375 0.06015625 0.04140625
1 0.790625 0.6765625 0.2875 0.06640625
0 0.9203125 0.3453125 0.1546875 0.40546875
1 0.52578125 0.665625 0.27109375 0.059375
1 0.64921875 0.85703125 0.0609375 0.0453125