1 0.7203125 0.32421875 0.1515625 0.1234375
0 0.60390625 0.2640625 0.1546875 0.1671875
1 0.85390625 0.3640625 0.1671875 0.1359375
1 0.86796875 0.19921875 0.0984375 0.0765625
1 0.95703125 0.4109375 0.0859375 0.11875
1 0.7875 0.18203125 0.0921875 0.071875
0 0.47734375 0.21484375 0.1546875 0.1640625
0 0.271875 0.14609375 0.1640625 0.171875
1 0.71328125 0.1609375 0.0890625 0.071875
1 0.64453125 0.13828125 0.0890625 0.0625
1 0.5734375 0.11171875 0.0859375 0.078125
0 0.50390625 0.07890625 0.0921875 0.090625
0 0.4359375 0.05234375 0.09375 0.1015625
1 0.5328125 0.43046875 0.4328125 0.2359375