1 0.65078125 0.26484375 0.10625 0.078125
1 0.46484375 0.22265625 0.109375 0.0765625
0 0.37265625 0.178125 0.1234375 0.1203125
0 0.94375 0.309375 0.1125 0.128125
1 0.44453125 0.6671875 0.321875 0.4015625
1 0.8375 0.3046875 0.1046875 0.0765625
1 0.55859375 0.2453125 0.109375 0.078125
1 0.74453125 0.284375 0.109375 0.078125
0 0.8328125 0.18359375 0.0796875 0.0796875
1 0.54296875 0.325 0.271875 0.11875
1 0.525 0.1328125 0.0734375 0.0546875
1 0.58125 0.14921875 0.071875 0.05625
1 0.7625 0.1859375 0.071875 0.059375
0 0.2140625 0.55546875 0.36875 0.509375
1 0.46640625 0.1171875 0.0703125 0.05
1 0.80546875 0.38359375 0.2859375 0.125
1 0.64375 0.1609375 0.0734375 0.053125
0 0.853125 0.73046875 0.29375 0.4828125
1 0.66328125 0.72265625 0.3046875 0.40625
0 0.275 0.1453125 0.1234375 0.13125
1 0.7015625 0.1734375 0.071875 0.05625
1 0.95859375 0.4234375 0.0828125 0.090625