1 0.7578125 0.134375 0.1546875 0.1171875
0 0.4765625 0.134375 0.1390625 0.1453125
0 0.26171875 0.1265625 0.1328125 0.1671875
0 0.61640625 0.13046875 0.1390625 0.13125
1 0.89765625 0.12109375 0.15625 0.125
1 0.60859375 0.8671875 0.4203125 0.265625
1 0.2328125 0.31328125 0.340625 0.1421875
1 0.2328125 0.85859375 0.428125 0.2828125
1 0.5984375 0.30625 0.409375 0.159375
0 0.11796875 0.13828125 0.1296875 0.1609375
0 0.3921875 0.01484375 0.071875 0.0234375
0 0.4640625 0.0109375 0.078125 0.021875
1 0.0328125 0.3109375 0.065625 0.11875
1 0.884375 0.2890625 0.2046875 0.140625