1 0.52734375 0.221875 0.10625 0.0796875
1 0.3421875 0.26875 0.1109375 0.078125
0 0.23984375 0.27109375 0.125 0.121875
0 0.8203125 0.12421875 0.1375 0.1296875
1 0.5265625 0.67421875 0.3265625 0.4046875
1 0.6203125 0.196875 0.109375 0.0796875
1 0.434375 0.246875 0.1125 0.08125
1 0.7125 0.17265625 0.1046875 0.0765625
0 0.653125 0.0671875 0.08125 0.08125
1 0.45859375 0.32421875 0.271875 0.1234375
1 0.35546875 0.16171875 0.0734375 0.05625
1 0.4125 0.15078125 0.071875 0.0578125
1 0.59140625 0.10078125 0.0703125 0.059375
0 0.2703125 0.6796875 0.3734375 0.5109375
1 0.71953125 0.2578125 0.2859375 0.128125
1 0.47421875 0.1328125 0.0734375 0.0546875
1 0.29609375 0.17421875 0.0703125 0.0515625
0 0.8859375 0.54140625 0.228125 0.4765625
1 0.7484375 0.6234375 0.315625 0.4109375
1 0.9 0.125 0.0546875 0.065625
1 0.53125 0.11796875 0.071875 0.0578125
0 0.13828125 0.2859375 0.125 0.1328125
1 0.8890625 0.21484375 0.1203125 0.0921875
0 0.8734375 0.0234375 0.053125 0.046875