1 0.39765625 0.86015625 0.3984375 0.27890625
1 0.628125 0.22734375 0.14140625 0.11328125
1 0.77578125 0.86953125 0.38984375 0.2609375
1 0.503125 0.228125 0.1359375 0.1109375
1 0.76953125 0.22265625 0.1703125 0.1125
0 0.525 0.04453125 0.0734375 0.0859375
1 0.23671875 0.225 0.20234375 0.1125
1 0.36640625 0.2265625 0.1546875 0.10859375
1 0.884375 0.21796875 0.17734375 0.11171875
1 0.12421875 0.22578125 0.21484375 0.109375
0 0.6046875 0.053125 0.0640625 0.0671875
1 0.67421875 0.06171875 0.07421875 0.04453125
1 0.44609375 0.0671875 0.07578125 0.046875
1 0.05859375 0.221875 0.1171875 0.1