1 0.4046875 0.63828125 0.3609375 0.45
1 0.62890625 0.21328125 0.1140625 0.084375
1 0.3484375 0.1109375 0.11875 0.0859375
1 0.4390625 0.153125 0.115625 0.084375
1 0.534375 0.184375 0.1125 0.0828125
0 0.7359375 0.22421875 0.128125 0.128125
1 0.25078125 0.08125 0.1125 0.0859375
0 0.1546875 0.040625 0.109375 0.08125
1 0.625 0.103125 0.075 0.0578125
0 0.32265625 0.009375 0.0890625 0.01875
1 0.5078125 0.26953125 0.290625 0.1421875
1 0.565625 0.08203125 0.0765625 0.0609375
1 0.6828125 0.12578125 0.071875 0.05625
0 0.659375 0.646875 0.4109375 0.56875
1 0.3796875 0.02109375 0.075 0.0421875
1 0.23984375 0.171875 0.3203125 0.153125
1 0.17578125 0.565625 0.3515625 0.471875
0 0.090625 0.40703125 0.18125 0.4390625
0 0.8328125 0.253125 0.1171875 0.13125
1 0.5109375 0.06015625 0.065625 0.05625