0 0.31171875 0.24765625 0.3484375 0.4375
1 0.55703125 0.2890625 0.3140625 0.421875
1 0.7765625 0.32734375 0.3 0.4125
0 0.90859375 0.42734375 0.1828125 0.4328125
0 0.2703125 0.6796875 0.125 0.11875
1 0.37734375 0.68125 0.1171875 0.0859375
1 0.48515625 0.62265625 0.2703125 0.1171875
1 0.46796875 0.7046875 0.103125 0.075
1 0.55859375 0.72890625 0.1046875 0.0734375
1 0.65390625 0.75078125 0.1125 0.08125
1 0.74765625 0.77578125 0.103125 0.075
0 0.8546875 0.83515625 0.15 0.15
0 0.6859375 0.87890625 0.0796875 0.0796875
1 0.628125 0.846875 0.0734375 0.0625
1 0.44609375 0.803125 0.0703125 0.0546875
1 0.38671875 0.78515625 0.06875 0.053125
1 0.32578125 0.77109375 0.0734375 0.053125
1 0.74921875 0.6828125 0.28125 0.13125
1 0.50546875 0.8171875 0.06875 0.053125