1 0.7703125 0.2796875 0.146875 0.103125
0 0.4953125 0.253125 0.1265625 0.14140625
0 0.2890625 0.22890625 0.12109375 0.1578125
1 0.9125 0.28203125 0.15390625 0.10546875
0 0.62734375 0.265625 0.1296875 0.12265625
1 0.7171875 0.11640625 0.08671875 0.05703125
0 0.14375 0.22421875 0.11953125 0.153125
1 0.64140625 0.1171875 0.0796875 0.05234375
1 0.80078125 0.1125 0.08515625 0.06171875
1 0.56328125 0.11796875 0.07578125 0.05390625
0 0.49140625 0.10234375 0.075 0.08984375
1 0.24453125 0.41640625 0.33671875 0.11484375
0 0.421875 0.09609375 0.06953125 0.09765625
1 0.60625 0.43671875 0.38984375 0.13515625
1 0.88515625 0.10859375 0.08984375 0.05546875
1 0.03828125 0.3890625 0.0765625 0.1125
1 0.89453125 0.43828125 0.20703125 0.11875
1 0.2140625 0.90703125 0.38984375 0.18203125
1 0.58515625 0.925 0.39375 0.1453125
1 0.9515625 0.1046875 0.06328125 0.05546875