1 0.603125 0.23984375 0.096875 0.0609375
1 0.4125 0.234375 0.1015625 0.059375
0 0.31328125 0.2078125 0.1078125 0.103125
0 0.91171875 0.2265625 0.11875 0.109375
1 0.47734375 0.675 0.2609375 0.3625
1 0.69921875 0.2421875 0.1015625 0.0609375
1 0.50703125 0.23828125 0.103125 0.0609375
1 0.79453125 0.24375 0.0953125 0.059375
0 0.76640625 0.1265625 0.06875 0.06875
1 0.50859375 0.31953125 0.2671875 0.0703125
1 0.45390625 0.13515625 0.065625 0.04375
1 0.5125 0.13984375 0.065625 0.0453125
1 0.69765625 0.14140625 0.0640625 0.0484375
0 0.2296875 0.609375 0.2875 0.46875
1 0.778125 0.32734375 0.28125 0.071875
1 0.5765625 0.13984375 0.0671875 0.0421875
1 0.39375 0.13046875 0.065625 0.0390625
0 0.89296875 0.65703125 0.2125 0.4484375
1 0.7046875 0.68671875 0.246875 0.3734375
1 0.9828125 0.25 0.034375 0.059375
1 0.63515625 0.14140625 0.0640625 0.0453125
0 0.2109375 0.19453125 0.1046875 0.115625
1 0.94921875 0.3328125 0.1015625 0.071875
0 0.9875 0.13046875 0.025 0.0703125