1 0.60625 0.2828125 0.096875 0.0578125
1 0.41953125 0.2984375 0.0984375 0.053125
0 0.91796875 0.225 0.11640625 0.109375
1 0.70390625 0.275 0.1 0.05703125
0 0.3171875 0.2890625 0.1046875 0.1015625
1 0.5125 0.29375 0.096875 0.05390625
1 0.49765625 0.721875 0.25078125 0.35625
0 0.7640625 0.153125 0.06953125 0.06171875
1 0.79609375 0.2609375 0.0984375 0.0578125
0 0.25703125 0.67578125 0.26640625 0.45703125
1 0.51328125 0.37109375 0.2625 0.06796875
1 0.6984375 0.17265625 0.0640625 0.04375
1 0.7796875 0.34921875 0.2875 0.0703125
0 0.90234375 0.6546875 0.19453125 0.4578125
1 0.77265625 0.7078125 0.32734375 0.36640625
1 0.57109375 0.184375 0.0609375 0.0390625
1 0.390625 0.20625 0.059375 0.040625
1 0.95546875 0.32734375 0.0890625 0.0640625
1 0.63203125 0.1796875 0.065625 0.03984375
0 0.22109375 0.29296875 0.08984375 0.1078125