1 0.44375 0.65859375 0.26796875 0.39453125
1 0.55 0.18984375 0.10234375 0.059375
1 0.253125 0.16328125 0.10703125 0.0609375
1 0.3515625 0.18046875 0.10390625 0.059375
1 0.4515625 0.1859375 0.1015625 0.05859375
0 0.65625 0.17265625 0.10390625 0.1046875
1 0.15078125 0.16015625 0.1 0.06171875
0 0.03984375 0.11796875 0.0796875 0.1234375
1 0.51796875 0.084375 0.06640625 0.04140625
0 0.19375 0.03828125 0.07265625 0.07109375
1 0.44765625 0.27578125 0.28203125 0.071875
1 0.45546875 0.07890625 0.06640625 0.0453125
1 0.5796875 0.09140625 0.06328125 0.040625
0 0.6921875 0.60078125 0.28828125 0.5109375
1 0.25859375 0.0609375 0.065625 0.04296875
1 0.1640625 0.25 0.3125 0.07421875
1 0.1828125 0.65390625 0.3015625 0.4078125
0 0.059375 0.52265625 0.11875 0.4234375
0 0.7578125 0.175 0.0921875 0.11171875
1 0.396875 0.07265625 0.05625 0.04375