1 0.625 0.25 0.1015625 0.06875
1 0.4359375 0.22734375 0.10625 0.06875
0 0.3390625 0.19296875 0.115625 0.1125
0 0.93359375 0.26328125 0.128125 0.11875
1 0.4625 0.671875 0.290625 0.3828125
1 0.815625 0.2703125 0.1 0.0671875
1 0.53203125 0.23984375 0.1046875 0.06875
1 0.72109375 0.26015625 0.1046875 0.06875
0 0.79765625 0.15078125 0.075 0.0734375
1 0.52421875 0.32109375 0.2703125 0.0921875
1 0.4859375 0.13203125 0.0703125 0.0484375
1 0.54375 0.1421875 0.06875 0.05
1 0.728125 0.16015625 0.0671875 0.053125
0 0.22109375 0.58515625 0.3265625 0.4890625
1 0.4265625 0.12265625 0.0671875 0.04375
1 0.79140625 0.35234375 0.284375 0.096875
1 0.6078125 0.14765625 0.0703125 0.046875
0 0.875 0.69140625 0.25 0.4703125
1 0.6859375 0.7046875 0.271875 0.3890625
1 0.99140625 0.2921875 0.0171875 0.0625
0 0.2390625 0.1703125 0.1140625 0.1234375
1 0.665625 0.1546875 0.06875 0.0515625
1 0.9546875 0.37265625 0.090625 0.0796875