1 0.5109375 0.2890625 0.1046875 0.0765625
1 0.4171875 0.765625 0.315625 0.375
1 0.2546875 0.38828125 0.1109375 0.0765625
1 0.425 0.32265625 0.1015625 0.0734375
1 0.67734375 0.22421875 0.1 0.0734375
1 0.3453125 0.353125 0.103125 0.0734375
1 0.5953125 0.26015625 0.10625 0.0765625
1 0.1640625 0.42265625 0.115625 0.0796875
1 0.19375 0.8265625 0.31875 0.346875
0 0.8140625 0.515625 0.371875 0.490625
0 0.484375 0.18671875 0.071875 0.0765625
0 0.615625 0.6 0.33125 0.4890625
1 0.75859375 0.18828125 0.1 0.0703125
0 0.5421875 0.1609375 0.075 0.0765625
1 0.26796875 0.28203125 0.071875 0.0546875
1 0.43515625 0.21875 0.065625 0.0546875
1 0.38125 0.240625 0.0640625 0.05
1 0.1453125 0.32578125 0.0703125 0.0515625
1 0.21015625 0.303125 0.0703125 0.0515625
1 0.32265625 0.2609375 0.0671875 0.05
1 0.8390625 0.1578125 0.0953125 0.0640625
1 0.90234375 0.13046875 0.059375 0.05625
1 0.9375 0.50390625 0.125 0.3078125
1 0.02265625 0.47265625 0.0453125 0.0828125
1 0.08984375 0.3484375 0.06875 0.05
1 0.35625 0.44453125 0.2796875 0.1375
1 0.12421875 0.5265625 0.2484375 0.128125