1 0.496875 0.225 0.0984375 0.0578125
1 0.4109375 0.20546875 0.1015625 0.0609375
1 0.30859375 0.54765625 0.2734375 0.303125
0 0.325 0.14921875 0.1125 0.1203125
1 0.73203125 0.6265625 0.2453125 0.29375
1 0.43203125 0.12734375 0.0671875 0.0484375
1 0.36953125 0.271875 0.275 0.1
1 0.48828125 0.1421875 0.0640625 0.0453125
1 0.7390625 0.27734375 0.0828125 0.0546875
1 0.54375 0.15390625 0.06875 0.05
1 0.90625 0.65 0.184375 0.271875
1 0.83203125 0.36484375 0.2421875 0.0921875
1 0.8171875 0.2921875 0.0734375 0.0515625
1 0.528125 0.58359375 0.2484375 0.29375
1 0.96875 0.328125 0.0625 0.05
1 0.88515625 0.30546875 0.096875 0.05625
0 0.1265625 0.43203125 0.253125 0.4390625
1 0.915625 0.3171875 0.08125 0.046875
1 0.553125 0.30703125 0.128125 0.071875