0 0.509375 0.28125 0.1390625 0.15
0 0.6375 0.2953125 0.1390625 0.1546875
1 0.76953125 0.3328125 0.1515625 0.1140625
0 0.29609375 0.24375 0.1328125 0.1734375
1 0.91171875 0.34765625 0.1578125 0.115625
1 0.6 0.47734375 0.403125 0.165625
1 0.23046875 0.41796875 0.35625 0.14375
0 0.5078125 0.13828125 0.084375 0.0921875
0 0.43671875 0.12265625 0.0796875 0.1078125
1 0.5828125 0.16015625 0.0765625 0.059375
1 0.65625 0.16640625 0.0828125 0.0546875
1 0.73359375 0.1703125 0.0859375 0.059375
1 0.81171875 0.175 0.0796875 0.0609375
1 0.8953125 0.1796875 0.0921875 0.0625