1 0.70859375 0.1734375 0.14375 0.10546875
0 0.440625 0.14296875 0.13203125 0.14140625
0 0.2140625 0.1125 0.12734375 0.1609375
0 0.57421875 0.159375 0.13046875 0.1234375
1 0.85703125 0.17890625 0.15390625 0.109375
1 0.52265625 0.88125 0.396875 0.23671875
1 0.1859375 0.86328125 0.36015625 0.26796875
1 0.18125 0.3015625 0.34765625 0.13359375
1 0.66171875 0.01796875 0.0828125 0.034375
1 0.73984375 0.01640625 0.08046875 0.03203125
0 0.06328125 0.1015625 0.12578125 0.17578125
1 0.55 0.32421875 0.3953125 0.1421875
1 0.8234375 0.01640625 0.08828125 0.03203125
0 0.4328125 0.01171875 0.08046875 0.0234375
0 0.35703125 0.0125 0.07578125 0.025
1 0.96484375 0.1859375 0.0703125 0.11171875
1 0.50859375 0.0125 0.07578125 0.025
1 0.5859375 0.0140625 0.08125 0.028125
1 0.86484375 0.33984375 0.26640625 0.121875
1 0.909375 0.0140625 0.103125 0.028125