1 0.42890625 0.2921875 0.09921875 0.05546875
1 0.61328125 0.29375 0.09609375 0.05546875
1 0.7109375 0.29296875 0.09609375 0.05546875
1 0.51875 0.2953125 0.09609375 0.05390625
0 0.92578125 0.26953125 0.11640625 0.109375
0 0.32578125 0.26796875 0.10390625 0.09921875
1 0.50078125 0.72578125 0.24765625 0.3546875
1 0.80625 0.29375 0.09296875 0.05390625
0 0.77265625 0.17890625 0.06796875 0.065625
1 0.52109375 0.3703125 0.265625 0.06015625
1 0.7078125 0.1921875 0.06328125 0.0453125
1 0.7875 0.37109375 0.28125 0.0640625
1 0.46015625 0.1953125 0.06171875 0.03984375
1 0.4015625 0.19453125 0.0609375 0.03671875
0 0.25859375 0.66640625 0.26875 0.45234375
1 0.584375 0.1953125 0.06796875 0.0359375
0 0.9078125 0.68671875 0.18046875 0.4765625
1 0.5234375 0.196875 0.0625 0.0421875
1 0.7234375 0.73359375 0.221875 0.36484375
0 0.2265625 0.265625 0.09609375 0.1078125
1 0.9578125 0.36953125 0.084375 0.0609375
1 0.64765625 0.196875 0.06015625 0.0421875