1 0.46640625 0.20859375 0.1 0.05625
1 0.45859375 0.67734375 0.2640625 0.3953125
1 0.5640625 0.2140625 0.09765625 0.05859375
1 0.37265625 0.19453125 0.10234375 0.0625
0 0.6703125 0.19609375 0.10625 0.10546875
1 0.17265625 0.1796875 0.1046875 0.06015625
1 0.27421875 0.18984375 0.10703125 0.06015625
0 0.0515625 0.1359375 0.10234375 0.1203125
0 0.21328125 0.05625 0.075 0.07421875
0 0.71796875 0.628125 0.27578125 0.50390625
1 0.4640625 0.2984375 0.2765625 0.07421875
1 0.534375 0.10859375 0.06640625 0.04296875
1 0.40625 0.09140625 0.065625 0.04296875
1 0.59375 0.11171875 0.06484375 0.03984375
1 0.2796875 0.0765625 0.0640625 0.04453125
1 0.1859375 0.26640625 0.3015625 0.075
1 0.20625 0.66953125 0.28671875 0.40625
1 0.34375 0.08828125 0.0671875 0.04140625
0 0.06875 0.56875 0.1375 0.4671875
0 0.77421875 0.2 0.10078125 0.11484375
0 0.93828125 0.2109375 0.10078125 0.11328125