0 0.778125 0.64296875 0.309375 0.4140625
1 0.53125 0.67734375 0.2734375 0.403125
1 0.3125 0.70859375 0.259375 0.3953125
0 0.1125 0.71796875 0.225 0.4359375
0 0.66171875 0.21328125 0.1171875 0.109375
1 0.559375 0.2453125 0.1125 0.0734375
1 0.4796875 0.340625 0.2703125 0.0859375
1 0.465625 0.2609375 0.0984375 0.065625
1 0.375 0.2734375 0.1 0.0625
1 0.27578125 0.2796875 0.1078125 0.0703125
1 0.1796875 0.28671875 0.0984375 0.0640625
0 0.065625 0.26875 0.13125 0.1375
0 0.2015625 0.16796875 0.0734375 0.071875
1 0.26796875 0.17109375 0.06875 0.05625
1 0.45234375 0.1625 0.0703125 0.05
1 0.5125 0.15546875 0.0671875 0.046875
1 0.5765625 0.15 0.0703125 0.046875
1 0.21328125 0.36796875 0.2796875 0.1
1 0.3921875 0.1671875 0.065625 0.046875