1 0.51875 0.3109375 0.23046875 0.36484375
0 0.69296875 0.76875 0.10390625 0.09609375
1 0.2828125 0.3125 0.20859375 0.37109375
1 0.40546875 0.74765625 0.09453125 0.05390625
1 0.58984375 0.75 0.10234375 0.0578125
0 0.7546875 0.32734375 0.2578125 0.38984375
1 0.5015625 0.75 0.09453125 0.0546875
0 0.08203125 0.34453125 0.1640625 0.396875
0 0.09453125 0.78671875 0.11484375 0.1140625
1 0.31171875 0.75234375 0.1 0.05390625
1 0.21640625 0.7546875 0.0875 0.05234375
1 0.31171875 0.8546875 0.0625 0.0453125
1 0.55859375 0.84453125 0.0625 0.04453125
1 0.6203125 0.84296875 0.06484375 0.03828125
1 0.2359375 0.6671875 0.27734375 0.065625
0 0.24921875 0.86875 0.0640625 0.06640625
1 0.43828125 0.84765625 0.06171875 0.0390625
1 0.49609375 0.84609375 0.0625 0.03984375
1 0.05078125 0.675 0.1015625 0.059375
1 0.50234375 0.6640625 0.265625 0.0609375
1 0.37265625 0.85 0.06015625 0.04453125
1 0.67734375 0.846875 0.053125 0.03125