0 0.525 0.73828125 0.13125 0.13828125
0 0.39609375 0.73515625 0.12890625 0.13828125
1 0.415625 0.565625 0.39453125 0.12890625
1 0.25859375 0.71328125 0.14296875 0.10078125
1 0.77421875 0.584375 0.33828125 0.1234375
1 0.38515625 0.86953125 0.07734375 0.05078125
1 0.1421875 0.87578125 0.090625 0.053125
1 0.23203125 0.875 0.08203125 0.05546875
0 0.534375 0.88828125 0.07734375 0.0890625
1 0.11484375 0.7109375 0.15625 0.109375
0 0.734375 0.75625 0.1234375 0.1609375
0 0.6015625 0.890625 0.0765625 0.0984375
1 0.3046875 0.87265625 0.08046875 0.05625
1 0.45546875 0.86875 0.07265625 0.05
1 0.7875 0.08203125 0.37109375 0.16328125
1 0.11640625 0.5640625 0.23203125 0.121875
1 0.43125 0.05859375 0.3890625 0.11640625
1 0.04765625 0.8765625 0.0953125 0.065625
1 0.01640625 0.68515625 0.0328125 0.0984375
1 0.97421875 0.590625 0.0515625 0.121875