1 0.35390625 0.84140625 0.4296875 0.3171875
1 0.66015625 0.2453125 0.1546875 0.1296875
1 0.728125 0.8734375 0.41875 0.253125
1 0.5359375 0.23046875 0.1484375 0.1265625
1 0.8015625 0.2578125 0.1828125 0.1328125
0 0.58046875 0.05078125 0.0828125 0.09375
1 0.271875 0.1953125 0.2140625 0.1359375
1 0.40078125 0.2125 0.1671875 0.1265625
1 0.91015625 0.26640625 0.1796875 0.1328125
1 0.16015625 0.18203125 0.2265625 0.134375
0 0.65859375 0.06953125 0.071875 0.075
1 0.7265625 0.0859375 0.0796875 0.053125
1 0.49921875 0.0640625 0.08125 0.05625
1 0.09609375 0.1703125 0.128125 0.1140625