1 0.34765625 0.1234375 0.1046875 0.05625
1 0.28671875 0.4859375 0.2546875 0.309375
0 0.253125 0.07890625 0.1125 0.125
1 0.44140625 0.13359375 0.0984375 0.053125
0 0.10078125 0.409375 0.2015625 0.4375
1 0.72109375 0.5046875 0.221875 0.278125
1 0.6984375 0.1578125 0.0796875 0.0484375
1 0.315625 0.1953125 0.2859375 0.0796875
1 0.06875 0.09296875 0.1 0.0640625
1 0.48125 0.05234375 0.06875 0.0484375
1 0.90234375 0.5 0.1953125 0.2625
1 0.421875 0.0484375 0.0671875 0.04375
1 0.77421875 0.1640625 0.0703125 0.046875
1 0.7890625 0.23515625 0.240625 0.0703125
1 0.84375 0.16875 0.0875 0.0484375
1 0.36015625 0.040625 0.06875 0.04375
1 0.9359375 0.18359375 0.1046875 0.046875
1 0.5109375 0.48828125 0.2359375 0.290625
1 0.52734375 0.14296875 0.0953125 0.05625
1 0.50546875 0.209375 0.1234375 0.059375