1 0.69375 0.15859375 0.1203125 0.0796875
1 0.496875 0.2015625 0.1078125 0.078125
1 0.4015625 0.21796875 0.109375 0.0703125
1 0.79765625 0.13671875 0.1140625 0.078125
1 0.59296875 0.18125 0.10625 0.0734375
0 0.29609375 0.21484375 0.121875 0.125
1 0.56875 0.66328125 0.3046875 0.4203125
0 0.7328125 0.03125 0.084375 0.0625
1 0.353125 0.11953125 0.075 0.0578125
1 0.54296875 0.0828125 0.0734375 0.0484375
1 0.41875 0.11171875 0.075 0.0515625
1 0.515625 0.284375 0.3015625 0.1046875
1 0.48046875 0.0984375 0.078125 0.0546875
1 0.79921875 0.628125 0.3125 0.43125
0 0.30390625 0.6859375 0.3265625 0.4515625
1 0.79609375 0.23046875 0.321875 0.115625