0 0.05078125 0.12578125 0.1015625 0.1265625
1 0.56171875 0.17578125 0.10625 0.065625
1 0.2703125 0.1578125 0.1078125 0.065625
1 0.46171875 0.16875 0.103125 0.0625
1 0.4734375 0.65703125 0.271875 0.4109375
0 0.665625 0.14765625 0.115625 0.1109375
1 0.36796875 0.16953125 0.1046875 0.065625
1 0.16484375 0.1609375 0.1046875 0.0640625
0 0.20234375 0.040625 0.071875 0.0640625
1 0.5296875 0.06796875 0.06875 0.046875
1 0.46328125 0.06484375 0.0671875 0.0484375
1 0.59296875 0.06796875 0.065625 0.040625
1 0.39921875 0.0609375 0.06875 0.0453125
1 0.27421875 0.05 0.0671875 0.046875
1 0.46171875 0.26015625 0.2859375 0.0828125
0 0.73515625 0.596875 0.2984375 0.496875
1 0.18203125 0.25390625 0.3078125 0.0875
0 0.07421875 0.5765625 0.1484375 0.478125
1 0.25078125 0.65703125 0.2328125 0.415625
1 0.3328125 0.05390625 0.0671875 0.046875
0 0.72109375 0.04609375 0.0734375 0.078125
0 0.77578125 0.14453125 0.1046875 0.115625