0 0.0265625 0.21015625 0.053125 0.1421875
1 0.50390625 0.1703125 0.115625 0.0828125
1 0.2140625 0.203125 0.1171875 0.0828125
1 0.4046875 0.18046875 0.1109375 0.0796875
1 0.50078125 0.659375 0.3359375 0.446875
0 0.60234375 0.12421875 0.13125 0.128125
1 0.3125 0.196875 0.1140625 0.0828125
1 0.1109375 0.22421875 0.1140625 0.08125
0 0.12734375 0.09921875 0.08125 0.0734375
1 0.45390625 0.06953125 0.075 0.0578125
1 0.38828125 0.078125 0.0734375 0.059375
1 0.51640625 0.0578125 0.0703125 0.0515625
1 0.325 0.08515625 0.075 0.05625
1 0.19921875 0.09609375 0.0734375 0.0578125
1 0.42109375 0.2703125 0.2921875 0.13125
0 0.7484375 0.55390625 0.3765625 0.5359375
1 0.15 0.3125 0.3 0.1375
0 0.10390625 0.65078125 0.2078125 0.4921875
1 0.28203125 0.6984375 0.2984375 0.44375
1 0.2578125 0.08984375 0.075 0.0578125
0 0.6390625 0.02890625 0.084375 0.0578125
0 0.71015625 0.10234375 0.121875 0.13125