1 0.59375 0.23671875 0.0953125 0.0578125
1 0.403125 0.2375 0.1 0.05625
0 0.303125 0.21484375 0.10390625 0.1
0 0.9015625 0.2125 0.115625 0.10546875
1 0.48359375 0.675 0.24921875 0.3546875
1 0.78515625 0.23359375 0.09375 0.05625
1 0.5 0.23828125 0.0984375 0.05703125
1 0.68984375 0.23515625 0.09921875 0.05703125
0 0.753125 0.1171875 0.0671875 0.06640625
1 0.50234375 0.31953125 0.265625 0.0609375
1 0.44140625 0.13671875 0.065625 0.04140625
1 0.5 0.13984375 0.0640625 0.04296875
1 0.68515625 0.13515625 0.0625 0.04609375
0 0.23359375 0.61875 0.27265625 0.459375
1 0.38125 0.134375 0.06328125 0.03671875
1 0.77109375 0.31796875 0.27890625 0.06328125
1 0.5640625 0.1375 0.065625 0.03984375
0 0.8984375 0.64453125 0.203125 0.4484375
1 0.709375 0.68046875 0.22890625 0.3640625
1 0.97890625 0.23203125 0.0421875 0.0578125
0 0.20078125 0.2046875 0.10078125 0.11171875
1 0.62265625 0.13671875 0.06328125 0.04375
1 0.946875 0.31796875 0.10546875 0.06796875
0 0.98125 0.11484375 0.03671875 0.06875