0 0.44140625 0.86640625 0.134375 0.1484375
1 0.55390625 0.67890625 0.40703125 0.134375
0 0.57109375 0.8609375 0.13359375 0.1421875
1 0.70625 0.8359375 0.14296875 0.10703125
1 0.1796875 0.7015625 0.35625 0.128125
0 0.21484375 0.88984375 0.12421875 0.1703125
1 0.178125 0.1296875 0.34609375 0.25859375
1 0.8421875 0.83203125 0.14453125 0.1125
1 0.51640625 0.109375 0.39609375 0.21875
1 0.58671875 0.9859375 0.08203125 0.0265625
1 0.6609375 0.9859375 0.08671875 0.02734375
1 0.73515625 0.9859375 0.09140625 0.028125
0 0.06796875 0.9046875 0.1234375 0.18203125
1 0.51171875 0.9875 0.08125 0.02421875
1 0.81796875 0.9875 0.10859375 0.025
0 0.35234375 0.9890625 0.0921875 0.02109375
1 0.8625 0.6703125 0.2703125 0.140625
1 0.9609375 0.8109375 0.078125 0.103125
0 0.4359375 0.9890625 0.090625 0.021875
1 0.91875 0.9828125 0.121875 0.034375
1 0.97109375 0.97890625 0.05703125 0.040625