1 0.4359375 0.28984375 0.1015625 0.059375
1 0.6203125 0.29765625 0.0984375 0.059375
1 0.71796875 0.30078125 0.0984375 0.059375
1 0.52578125 0.29609375 0.0984375 0.0578125
0 0.93359375 0.284375 0.1203125 0.1140625
0 0.334375 0.26171875 0.1078125 0.103125
1 0.49296875 0.72578125 0.259375 0.3625
1 0.81328125 0.3046875 0.0953125 0.0578125
0 0.78359375 0.18828125 0.0703125 0.0671875
1 0.52578125 0.37109375 0.2671875 0.06875
1 0.71875 0.2 0.0640625 0.046875
1 0.7921875 0.38125 0.2828125 0.0734375
1 0.47109375 0.19375 0.0625 0.0421875
1 0.4125 0.19140625 0.0625 0.0390625
0 0.253125 0.6578125 0.284375 0.4609375
1 0.5953125 0.1984375 0.06875 0.0390625
0 0.90078125 0.70078125 0.196875 0.4828125
1 0.534375 0.19765625 0.0640625 0.04375
1 0.71484375 0.74140625 0.234375 0.371875
0 0.23515625 0.25625 0.1 0.1109375
1 0.959375 0.38515625 0.08125 0.0640625
1 0.6578125 0.20234375 0.0609375 0.04375