1 0.590625 0.27578125 0.1 0.0640625
1 0.40546875 0.3046875 0.1015625 0.059375
0 0.89765625 0.196875 0.1234375 0.1171875
1 0.6875 0.2609375 0.103125 0.0640625
0 0.303125 0.30234375 0.1109375 0.109375
1 0.4984375 0.29375 0.1 0.0609375
1 0.51328125 0.721875 0.275 0.3734375
0 0.7390625 0.1359375 0.0734375 0.0671875
1 0.77890625 0.240625 0.1015625 0.0640625
0 0.26953125 0.6921875 0.296875 0.475
1 0.50390625 0.3703125 0.2671875 0.0859375
1 0.675 0.159375 0.0671875 0.0484375
1 0.76875 0.3296875 0.2921875 0.090625
0 0.89921875 0.62578125 0.2015625 0.4703125
1 0.78671875 0.68828125 0.3515625 0.3890625
1 0.54921875 0.18046875 0.0640625 0.04375
1 0.3703125 0.21484375 0.0625 0.0453125
1 0.9421875 0.29609375 0.09375 0.0703125
1 0.609375 0.17109375 0.06875 0.04375
0 0.20703125 0.31328125 0.096875 0.1140625