1 0.4515625 0.73671875 0.1078125 0.0796875
1 0.43828125 0.29375 0.315625 0.41875
1 0.628125 0.67578125 0.109375 0.0765625
1 0.2296875 0.35625 0.296875 0.4109375
1 0.540625 0.7046875 0.103125 0.075
0 0.73125 0.66171875 0.128125 0.11875
0 0.1671875 0.86953125 0.146875 0.1375
0 0.68046875 0.2390625 0.3375 0.44375
1 0.27421875 0.79765625 0.1015625 0.075
1 0.3890625 0.8671875 0.0734375 0.0578125
1 0.3640625 0.77109375 0.1140625 0.078125
0 0.08828125 0.44609375 0.1765625 0.4234375
1 0.1015625 0.77734375 0.1046875 0.0859375
1 0.525 0.62890625 0.275 0.1265625
0 0.3328125 0.90390625 0.08125 0.084375
1 0.26875 0.71796875 0.2859375 0.1328125
1 0.6765625 0.75703125 0.0703125 0.0546875
1 0.50703125 0.8265625 0.071875 0.053125
0 0.1203125 0.9765625 0.040625 0.046875