1 0.28125 0.27109375 0.1578125 0.1265625
0 0.553125 0.28203125 0.1453125 0.1578125
0 0.7609375 0.29375 0.14375 0.1734375
1 0.14375 0.2546875 0.15625 0.128125
0 0.41796875 0.271875 0.1453125 0.1484375
0 0.90625 0.30546875 0.14375 0.1734375
1 0.77265625 0.47578125 0.359375 0.171875
1 0.27734375 0.1046875 0.090625 0.065625
1 0.35625 0.11875 0.0875 0.0625
1 0.50390625 0.1375 0.08125 0.0625
0 0.58125 0.1390625 0.084375 0.0890625
1 0.19375 0.08671875 0.096875 0.0640625
1 0.421875 0.4421875 0.409375 0.190625
1 0.43125 0.13671875 0.084375 0.0578125
1 0.71796875 0.92578125 0.4015625 0.1484375
0 0.65234375 0.14140625 0.0828125 0.1015625
1 0.1203125 0.40703125 0.2375 0.1609375
1 0.3671875 0.9171875 0.39375 0.165625
1 0.9703125 0.48125 0.059375 0.115625
1 0.05234375 0.2421875 0.0515625 0.1171875