0 0.859375 0.05078125 0.134375 0.1015625
0 0.28671875 0.653125 0.353125 0.5125
0 0.2578125 0.19296875 0.134375 0.1375
0 0.915625 0.49765625 0.16875 0.4453125
1 0.78984375 0.5875 0.3 0.440625
1 0.55546875 0.6390625 0.3359375 0.4390625
0 0.6921875 0.0109375 0.096875 0.021875
1 0.47734375 0.25546875 0.2859375 0.128125
1 0.36640625 0.1921875 0.1125 0.0796875
1 0.4625 0.171875 0.1109375 0.08125
1 0.5578125 0.14609375 0.1171875 0.08125
1 0.6578125 0.1140625 0.103125 0.0765625
1 0.75078125 0.090625 0.1078125 0.08125
1 0.7515625 0.18828125 0.2984375 0.1390625
1 0.3734375 0.0765625 0.0796875 0.0765625
1 0.4359375 0.059375 0.075 0.071875
1 0.50078125 0.04375 0.078125 0.06875
1 0.621875 0.021875 0.06875 0.04375
1 0.31171875 0.09765625 0.0734375 0.05625