0 0.1671875 0.128125 0.1359375 0.18125
0 0.31015625 0.1546875 0.1421875 0.165625
0 0.51640625 0.19609375 0.1609375 0.1671875
0 0.65390625 0.2171875 0.153125 0.165625
1 0.784375 0.25078125 0.159375 0.13125
1 0.92421875 0.28046875 0.1515625 0.1359375
1 0.61015625 0.38203125 0.4140625 0.196875
1 0.23828125 0.328125 0.3625 0.171875
0 0.45390625 0.046875 0.0890625 0.09375
0 0.52734375 0.04765625 0.0859375 0.0953125
1 0.6 0.06796875 0.0796875 0.071875
1 0.67734375 0.0765625 0.0875 0.0671875
1 0.75390625 0.0875 0.084375 0.0640625
1 0.8328125 0.0953125 0.0875 0.0640625
1 0.9171875 0.10625 0.0953125 0.06875