1 0.25546875 0.17578125 0.1109375 0.071875
1 0.28984375 0.54140625 0.2953125 0.340625
0 0.15234375 0.15703125 0.128125 0.1390625
1 0.34921875 0.16171875 0.1046875 0.0671875
0 0.11171875 0.51640625 0.2234375 0.4578125
1 0.71484375 0.446875 0.259375 0.3046875
1 0.603125 0.11796875 0.0859375 0.059375
1 0.24296875 0.253125 0.290625 0.1234375
1 0.015625 0.21875 0.03125 0.078125
1 0.365625 0.07265625 0.075 0.0578125
1 0.88671875 0.39609375 0.2265625 0.2859375
1 0.3078125 0.084375 0.071875 0.053125
1 0.678125 0.1046875 0.075 0.05625
1 0.7109375 0.16953125 0.2453125 0.10625
1 0.74609375 0.09140625 0.09375 0.0609375
1 0.2453125 0.0921875 0.0734375 0.053125
1 0.8390625 0.08125 0.109375 0.0625
1 0.50703125 0.4859375 0.275 0.31875
1 0.434375 0.1484375 0.1 0.06875
1 0.43046875 0.21796875 0.128125 0.078125