1 0.61015625 0.228125 0.109375 0.0796875
1 0.70078125 0.24140625 0.115625 0.0875
1 0.49765625 0.6828125 0.35625 0.4484375
1 0.5140625 0.20859375 0.115625 0.0828125
1 0.80703125 0.25859375 0.1171875 0.0875
1 0.909375 0.27734375 0.1140625 0.084375
0 0.41484375 0.1625 0.1265625 0.1296875
0 0.89453125 0.146875 0.0890625 0.0875
0 0.9796875 0.2609375 0.040625 0.14375
1 0.58828125 0.31328125 0.290625 0.146875
0 0.240625 0.5796875 0.3796875 0.5140625
1 0.82578125 0.15078125 0.071875 0.0578125
1 0.56953125 0.1140625 0.075 0.059375
1 0.69765625 0.1296875 0.075 0.0578125
1 0.85859375 0.36171875 0.2828125 0.1515625
1 0.5109375 0.10078125 0.0703125 0.053125
1 0.71875 0.73671875 0.340625 0.4546875
1 0.7609375 0.14453125 0.075 0.059375
0 0.878125 0.67890625 0.24375 0.5046875
0 0.31875 0.1390625 0.121875 0.1359375
0 0.1578125 0.1109375 0.14375 0.1375