1 0.2484375 0.3078125 0.14296875 0.10546875
0 0.51875 0.2765625 0.125 0.140625
0 0.72578125 0.25546875 0.12109375 0.15625
1 0.109375 0.31328125 0.140625 0.1078125
0 0.38359375 0.2875 0.1265625 0.13046875
0 0.87109375 0.24453125 0.12109375 0.15625
1 0.765625 0.43359375 0.34453125 0.11953125
1 0.21796875 0.14453125 0.0828125 0.053125
1 0.2984375 0.14609375 0.08125 0.05
1 0.446875 0.14140625 0.0734375 0.05234375
0 0.5234375 0.13046875 0.0734375 0.07890625
1 0.1328125 0.13984375 0.090625 0.05078125
1 0.4140625 0.4546875 0.39296875 0.13125
1 0.375 0.15234375 0.078125 0.04609375
1 0.7875 0.91875 0.38125 0.15703125
0 0.59453125 0.121875 0.06953125 0.09140625
1 0.11015625 0.46796875 0.21953125 0.12890625
1 0.434375 0.93671875 0.38046875 0.11328125
1 0.9703125 0.40625 0.059375 0.1078125
1 0.0171875 0.315625 0.034375 0.11328125