0 0.1484375 0.1453125 0.1265625 0.175
0 0.2921875 0.16484375 0.1359375 0.159375
0 0.5 0.1953125 0.153125 0.1609375
0 0.63828125 0.209375 0.1453125 0.159375
1 0.7703125 0.2359375 0.1546875 0.1234375
1 0.91875 0.25859375 0.159375 0.128125
1 0.60390625 0.3765625 0.4078125 0.1765625
1 0.2296875 0.34140625 0.3578125 0.153125
0 0.4296875 0.046875 0.084375 0.09375
0 0.5046875 0.046875 0.08125 0.09375
1 0.57734375 0.06328125 0.0765625 0.06875
1 0.6546875 0.0671875 0.084375 0.0640625
1 0.73203125 0.07421875 0.08125 0.0609375
1 0.81171875 0.078125 0.0859375 0.059375
1 0.89609375 0.08515625 0.0921875 0.0640625