1 0.7625 0.2703125 0.15 0.1078125
0 0.48671875 0.253125 0.13125 0.1453125
0 0.2796875 0.23671875 0.1265625 0.1625
1 0.9046875 0.26796875 0.1578125 0.1109375
0 0.61875 0.2609375 0.134375 0.1265625
1 0.70390625 0.109375 0.0890625 0.059375
0 0.134375 0.23671875 0.125 0.1578125
1 0.628125 0.1125 0.08125 0.0546875
1 0.78671875 0.10234375 0.0875 0.0640625
1 0.55 0.115625 0.078125 0.05625
0 0.47734375 0.103125 0.078125 0.0921875
1 0.24140625 0.425 0.340625 0.1265625
0 0.4078125 0.09921875 0.0734375 0.1
1 0.60390625 0.4328125 0.39375 0.1484375
1 0.87109375 0.0953125 0.0921875 0.0578125
1 0.03671875 0.4046875 0.0734375 0.115625
1 0.8921875 0.42421875 0.2109375 0.1265625
1 0.22734375 0.909375 0.3953125 0.18125
1 0.59921875 0.92109375 0.3984375 0.1578125
1 0.9375 0.0890625 0.065625 0.0578125