1 0.5125 0.30859375 0.2453125 0.378125
1 0.5328125 0.7421875 0.1015625 0.0609375
1 0.62578125 0.74296875 0.1 0.059375
1 0.71171875 0.3015625 0.234375 0.38125
1 0.4390625 0.7453125 0.1015625 0.0609375
0 0.9390625 0.7765625 0.121875 0.121875
0 0.2484375 0.33046875 0.278125 0.396875
0 0.3375 0.76796875 0.109375 0.0984375
1 0.82109375 0.7453125 0.09375 0.0609375
0 0.7921875 0.86328125 0.0671875 0.0703125
1 0.72265625 0.746875 0.10625 0.0609375
1 0.5375 0.84296875 0.0625 0.040625
1 0.7265625 0.84609375 0.065625 0.046875
1 0.59765625 0.8453125 0.0640625 0.04375
1 0.4171875 0.84140625 0.065625 0.04375
1 0.47734375 0.84140625 0.0625 0.04375
1 0.79921875 0.6609375 0.290625 0.08125
0 0.91171875 0.3234375 0.175 0.4125
1 0.534375 0.6640625 0.2734375 0.0734375
1 0.66796875 0.8484375 0.0625 0.0484375