0 0.4765625 0.865625 0.134375 0.15
0 0.34375 0.8703125 0.140625 0.1484375
1 0.3625 0.6828125 0.4109375 0.134375
1 0.19921875 0.853125 0.15625 0.1109375
1 0.06640625 0.85703125 0.121875 0.11875
0 0.69453125 0.8765625 0.1203125 0.175
1 0.74296875 0.134375 0.3921875 0.26875
1 0.7265625 0.68828125 0.3328125 0.1296875
1 0.38125 0.10859375 0.409375 0.2171875
1 0.08359375 0.684375 0.1625 0.1359375
1 0.94140625 0.703125 0.1171875 0.11875
0 0.83359375 0.8765625 0.1234375 0.175
1 0.2453125 0.9921875 0.096875 0.015625
1 0.40859375 0.9890625 0.0828125 0.021875
0 0.4859375 0.9875 0.0875 0.025
1 0.33359375 0.990625 0.0859375 0.01875
0 0.565625 0.98671875 0.0828125 0.0265625