1 0.59375 0.23671875 0.0953125 0.0578125
1 0.403125 0.2375 0.1 0.05625
0 0.303125 0.21484375 0.10390625 0.1
0 0.9015625 0.2125 0.115625 0.10546875
1 0.48359375 0.67578125 0.2484375 0.3546875
1 0.68984375 0.23515625 0.09921875 0.05703125
1 0.49765625 0.23828125 0.10078125 0.0578125
1 0.78515625 0.23359375 0.09375 0.05625
0 0.753125 0.1171875 0.0671875 0.06640625
1 0.50234375 0.31953125 0.26484375 0.0609375
1 0.44140625 0.13671875 0.06484375 0.04140625
1 0.5 0.13984375 0.0640625 0.04296875
1 0.68515625 0.134375 0.06171875 0.04609375
0 0.23359375 0.61875 0.27109375 0.459375
1 0.771875 0.31796875 0.2796875 0.0625
1 0.5640625 0.1375 0.065625 0.03984375
1 0.38125 0.134375 0.0640625 0.03671875
0 0.8984375 0.64296875 0.19765625 0.4421875
1 0.7109375 0.6796875 0.23359375 0.36484375
1 0.97890625 0.2328125 0.04140625 0.0578125
1 0.62265625 0.13671875 0.06328125 0.04375
0 0.20078125 0.2046875 0.10078125 0.1125
1 0.946875 0.3171875 0.10625 0.06875
0 0.98125 0.1140625 0.03671875 0.06953125