1 0.584375 0.403125 0.4125 0.1859375
1 0.70234375 0.2515625 0.165625 0.128125
1 0.21796875 0.45703125 0.35625 0.19375
0 0.56171875 0.26015625 0.1578125 0.1546875
0 0.21953125 0.29140625 0.15625 0.1828125
0 0.43046875 0.27890625 0.1609375 0.1546875
1 0.85234375 0.22421875 0.178125 0.1375
1 0.47265625 0.128125 0.090625 0.0796875
0 0.3984375 0.12578125 0.09375 0.1109375
0 0.32578125 0.1359375 0.09375 0.1140625
0 0.07734375 0.31328125 0.1515625 0.1875
1 0.54609375 0.11640625 0.0890625 0.075
1 0.62265625 0.1 0.096875 0.0796875
1 0.703125 0.08046875 0.103125 0.08125
1 0.7875 0.06640625 0.1015625 0.084375