0 0.4703125 0.86484375 0.13125 0.1484375
0 0.3375 0.8671875 0.1375 0.1453125
1 0.359375 0.68046875 0.409375 0.1265625
1 0.19296875 0.84765625 0.15390625 0.1078125
1 0.06015625 0.84921875 0.1203125 0.1171875
0 0.68828125 0.8796875 0.11796875 0.17265625
1 0.75 0.13515625 0.3875 0.2703125
1 0.7234375 0.6921875 0.33125 0.12421875
1 0.3890625 0.10546875 0.40546875 0.2109375
1 0.08046875 0.67734375 0.1609375 0.1328125
1 0.93984375 0.7109375 0.11953125 0.1171875
0 0.82734375 0.88203125 0.1203125 0.17265625
1 0.2375 0.990625 0.09609375 0.01875
1 0.40078125 0.9890625 0.0828125 0.021875
0 0.47734375 0.98828125 0.08671875 0.0234375
1 0.325 0.98984375 0.08515625 0.0203125
0 0.55703125 0.9875 0.08203125 0.025