1 0.48984375 0.29296875 0.09453125 0.0546875
1 0.57890625 0.30234375 0.09921875 0.05625
1 0.396875 0.284375 0.09609375 0.05625
0 0.68359375 0.28984375 0.10625 0.10078125
1 0.29921875 0.2765625 0.10234375 0.05546875
0 0.08203125 0.2265625 0.1171875 0.10546875
1 0.4921875 0.72109375 0.253125 0.35546875
1 0.20703125 0.265625 0.09375 0.05703125
0 0.2390625 0.15078125 0.06484375 0.06875
1 0.303125 0.171875 0.0640625 0.0453125
0 0.73984375 0.67890625 0.27109375 0.4578125
1 0.49296875 0.37109375 0.26484375 0.0671875
1 0.221875 0.35 0.28359375 0.0734375
0 0.09296875 0.65390625 0.1859375 0.46015625
1 0.4296875 0.1859375 0.0609375 0.04140625
1 0.61171875 0.20546875 0.05859375 0.0390625
0 0.784375 0.28671875 0.09453125 0.11015625
1 0.24765625 0.7171875 0.2875 0.3703125
1 0.48984375 0.1921875 0.06171875 0.04140625