1 0.39609375 0.71796875 0.096875 0.0578125
1 0.48984375 0.28515625 0.23203125 0.37421875
1 0.58203125 0.7015625 0.09921875 0.05390625
1 0.27265625 0.2953125 0.2140625 0.3703125
1 0.48984375 0.70859375 0.09375 0.053125
0 0.68515625 0.7125 0.1078125 0.0953125
0 0.0875 0.778125 0.1234375 0.1109375
0 0.73828125 0.290625 0.25 0.39453125
1 0.20859375 0.734375 0.09140625 0.05390625
1 0.303125 0.8296875 0.0640625 0.04375
1 0.30234375 0.73046875 0.1046875 0.05390625
0 0.07890625 0.3390625 0.1578125 0.396875
1 0.04609375 0.67265625 0.0921875 0.065625
1 0.49296875 0.63125 0.26796875 0.0640625
0 0.23984375 0.8515625 0.065625 0.07109375
1 0.22265625 0.65546875 0.27734375 0.0671875
1 0.609375 0.7921875 0.0625 0.040625
1 0.428125 0.81875 0.0640625 0.0390625
0 0.01328125 0.88125 0.0265625 0.0640625