1 0.4359375 0.61875 0.3046875 0.43125
0 0.86640625 0.06875 0.1265625 0.10625
1 0.45 0.1234375 0.10625 0.0703125
1 0.65 0.1078125 0.109375 0.06875
0 0.23125 0.1125 0.128125 0.11875
1 0.5484375 0.1171875 0.1078125 0.071875
1 0.3453125 0.128125 0.1171875 0.071875
1 0.74453125 0.10078125 0.1046875 0.06875
1 0.38203125 0.0203125 0.0703125 0.040625
0 0.159375 0.57109375 0.31875 0.5578125
1 0.31640625 0.021875 0.0703125 0.04375
1 0.709375 0.6 0.34375 0.4265625
1 0.95703125 0.0828125 0.084375 0.0671875
1 0.51484375 0.01484375 0.0703125 0.0296875
1 0.0421875 0.14609375 0.0515625 0.075
0 0.11953125 0.1140625 0.121875 0.1296875
0 0.86640625 0.5125 0.2671875 0.503125
1 0.4453125 0.2140625 0.290625 0.096875
1 0.721875 0.1953125 0.296875 0.1
1 0.58046875 0.01640625 0.0671875 0.028125
1 0.4484375 0.01875 0.06875 0.0375
1 0.9265625 0.165625 0.146875 0.09375
1 0.16640625 0.22734375 0.3015625 0.09375
1 0.25546875 0.01953125 0.0609375 0.0390625