1 0.45859375 0.228125 0.09296875 0.0453125
1 0.37109375 0.2203125 0.09609375 0.0484375
1 0.3171875 0.5734375 0.23828125 0.27265625
0 0.278125 0.1765625 0.0984375 0.10703125
1 0.74765625 0.59296875 0.2109375 0.26640625
1 0.38046875 0.140625 0.0625 0.03984375
1 0.3390625 0.2921875 0.26875 0.06328125
1 0.43828125 0.14765625 0.059375 0.03671875
1 0.70546875 0.24609375 0.078125 0.04453125
1 0.4953125 0.15078125 0.0640625 0.0421875
1 0.9234375 0.5921875 0.15 0.253125
1 0.81015625 0.3203125 0.23671875 0.059375
1 0.78515625 0.25 0.06875 0.04296875
1 0.53984375 0.57890625 0.2140625 0.2671875
1 0.953125 0.2625 0.08515625 0.0390625
1 0.8546875 0.25390625 0.0921875 0.04375
0 0.11015625 0.4859375 0.2203125 0.4125
1 0.8859375 0.2609375 0.0765625 0.0359375
1 0.52578125 0.3015625 0.12109375 0.05625