1 0.4890625 0.30859375 0.2875 0.4015625
1 0.5625 0.73671875 0.10625 0.071875
1 0.6546875 0.72578125 0.1046875 0.0703125
1 0.6859375 0.27734375 0.2765625 0.4015625
1 0.46953125 0.7515625 0.1078125 0.071875
0 0.9515625 0.7203125 0.096875 0.134375
0 0.2296875 0.36171875 0.321875 0.4234375
0 0.37109375 0.7859375 0.11875 0.1109375
1 0.8484375 0.70390625 0.1 0.071875
0 0.834375 0.825 0.075 0.0765625
1 0.75078125 0.7171875 0.1125 0.0734375
1 0.57890625 0.8359375 0.0671875 0.046875
1 0.76640625 0.81640625 0.0703125 0.0546875
1 0.6390625 0.83046875 0.06875 0.05
1 0.459375 0.84921875 0.06875 0.0515625
1 0.51875 0.84140625 0.0671875 0.0515625
1 0.8171875 0.6234375 0.2953125 0.115625
0 0.88671875 0.275 0.2234375 0.4265625
1 0.55390625 0.65859375 0.2765625 0.10625
1 0.70859375 0.82578125 0.0671875 0.0546875