1 0.8484375 0.21953125 0.16875 0.140625
0 0.57890625 0.1421875 0.159375 0.165625
0 0.37265625 0.08359375 0.1578125 0.1671875
0 0.7140625 0.1765625 0.15625 0.15
1 0.95 0.24453125 0.1 0.1484375
1 0.5015625 0.85859375 0.453125 0.2828125
1 0.29453125 0.246875 0.3546875 0.196875
1 0.1875 0.7828125 0.375 0.371875
1 0.6484375 0.340625 0.4234375 0.2265625
0 0.2328125 0.06796875 0.153125 0.1359375
0 0.53046875 0.0109375 0.0734375 0.021875
0 0.60078125 0.01953125 0.078125 0.034375
1 0.09609375 0.1890625 0.096875 0.1296875
1 0.9078125 0.40234375 0.184375 0.1703125