0 0.21796875 0.3609375 0.3421875 0.434375
1 0.4546875 0.2859375 0.309375 0.4203125
1 0.66796875 0.2203125 0.29375 0.4109375
0 0.865625 0.23203125 0.2546875 0.43125
0 0.3765625 0.7640625 0.1234375 0.1171875
1 0.4734375 0.7171875 0.1171875 0.084375
1 0.54296875 0.615625 0.2703125 0.1125
1 0.56484375 0.696875 0.103125 0.0734375
1 0.65625 0.67734375 0.103125 0.071875
1 0.75078125 0.65390625 0.1109375 0.0796875
1 0.84609375 0.63359375 0.103125 0.0734375
0 0.946875 0.63671875 0.10625 0.1484375
0 0.8375 0.753125 0.0796875 0.078125
1 0.771875 0.75078125 0.071875 0.0609375
1 0.58984375 0.79453125 0.0703125 0.053125
1 0.52890625 0.80546875 0.06875 0.0515625
1 0.46796875 0.82109375 0.0734375 0.053125
1 0.8046875 0.55 0.28125 0.128125
1 0.6484375 0.7796875 0.06875 0.053125