1 0.4421875 0.621875 0.28359375 0.4171875
0 0.84296875 0.05 0.12109375 0.1
1 0.43046875 0.1265625 0.10234375 0.06484375
1 0.62890625 0.10078125 0.10546875 0.0640625
0 0.21171875 0.12734375 0.121875 0.11328125
1 0.528125 0.11484375 0.1046875 0.06640625
1 0.32578125 0.13671875 0.1140625 0.065625
1 0.7234375 0.08828125 0.1015625 0.06328125
1 0.35703125 0.02421875 0.06875 0.0453125
0 0.15625 0.5890625 0.30546875 0.5421875
1 0.29140625 0.0296875 0.06796875 0.04453125
1 0.7140625 0.5890625 0.32265625 0.4109375
1 0.934375 0.059375 0.08046875 0.0625
1 0.48984375 0.0140625 0.06875 0.02734375
1 0.02421875 0.1703125 0.0484375 0.071875
0 0.1 0.134375 0.11484375 0.1234375
0 0.871875 0.49296875 0.25078125 0.490625
1 0.43046875 0.2171875 0.28671875 0.08203125
1 0.70546875 0.184375 0.29296875 0.08515625
1 0.5546875 0.0125 0.065625 0.02421875
1 0.42421875 0.01953125 0.06640625 0.0390625
1 0.91875 0.14375 0.16171875 0.08515625
1 0.15234375 0.2453125 0.29765625 0.07890625
1 0.23125 0.03203125 0.059375 0.0390625