0 0.0578125 0.11015625 0.11015625 0.12265625
1 0.57265625 0.178125 0.1046875 0.0625
1 0.28203125 0.15 0.10625 0.06171875
1 0.4734375 0.16796875 0.1015625 0.059375
1 0.46796875 0.65625 0.2578125 0.40234375
0 0.678125 0.15390625 0.11171875 0.1078125
1 0.3796875 0.16484375 0.103125 0.0625
1 0.1765625 0.14921875 0.103125 0.0609375
0 0.21875 0.03046875 0.06953125 0.0609375
1 0.54453125 0.06953125 0.06796875 0.04453125
1 0.478125 0.0640625 0.065625 0.04609375
1 0.6078125 0.07109375 0.0640625 0.0390625
1 0.41484375 0.0578125 0.0671875 0.04375
1 0.28984375 0.0421875 0.065625 0.04453125
1 0.4703125 0.25859375 0.28359375 0.0734375
0 0.73203125 0.6046875 0.28203125 0.4875
1 0.190625 0.24296875 0.3046875 0.0765625
0 0.06875 0.5625 0.1375 0.47421875
1 0.2453125 0.6484375 0.21796875 0.4078125
1 0.3484375 0.0484375 0.06640625 0.0453125
0 0.73671875 0.05390625 0.0703125 0.075
0 0.78828125 0.1546875 0.10078125 0.1125