1 0.6140625 0.43984375 0.4125 0.1796875
1 0.778125 0.340625 0.1640625 0.1265625
1 0.25234375 0.35859375 0.3546875 0.1890625
0 0.64375 0.2984375 0.15625 0.153125
0 0.31328125 0.2046875 0.153125 0.18125
0 0.51484375 0.26875 0.159375 0.153125
1 0.91953125 0.36953125 0.1609375 0.1359375
1 0.60703125 0.14296875 0.090625 0.078125
0 0.53984375 0.1140625 0.0921875 0.109375
0 0.46796875 0.09765625 0.0921875 0.1125
0 0.17265625 0.17421875 0.15 0.1859375
1 0.68046875 0.15859375 0.0890625 0.0734375
1 0.7578125 0.1703125 0.0953125 0.078125
1 0.83984375 0.18125 0.103125 0.0796875
1 0.9234375 0.19765625 0.1 0.0828125