1 0.209375 0.37421875 0.1640625 0.1375
0 0.4640625 0.27890625 0.1546875 0.1671875
0 0.66015625 0.2078125 0.1546875 0.18125
1 0.078125 0.41328125 0.15625 0.1390625
0 0.3359375 0.321875 0.1546875 0.1578125
0 0.7984375 0.1625 0.1546875 0.18125
1 0.74140625 0.37109375 0.3625 0.2
1 0.140625 0.2234375 0.09375 0.071875
1 0.21875 0.20546875 0.090625 0.06875
1 0.36171875 0.16484375 0.084375 0.06875
0 0.43359375 0.1359375 0.090625 0.09375
1 0.05625 0.2390625 0.1 0.071875
1 0.40546875 0.4765625 0.4125 0.221875
1 0.29453125 0.19296875 0.0875 0.0640625
1 0.83828125 0.83671875 0.3234375 0.2453125
0 0.5 0.11015625 0.0890625 0.10625
1 0.11796875 0.5625 0.2359375 0.178125
1 0.5421875 0.91953125 0.396875 0.1609375
1 0.93359375 0.2953125 0.084375 0.11875
1 0.00859375 0.4375 0.0171875 0.11875