1 0.42109375 0.23671875 0.0984375 0.0578125
1 0.33359375 0.240625 0.1015625 0.0609375
1 0.32890625 0.5984375 0.2734375 0.303125
0 0.23515625 0.2109375 0.1125 0.1203125
1 0.7578125 0.5578125 0.2453125 0.29375
1 0.33125 0.1609375 0.0671875 0.0484375
1 0.31171875 0.31640625 0.275 0.1
1 0.38984375 0.159375 0.0640625 0.0453125
1 0.66796875 0.2203125 0.0828125 0.0546875
1 0.446875 0.1546875 0.06875 0.05
1 0.91953125 0.53125 0.1609375 0.271875
1 0.78203125 0.27890625 0.2421875 0.0921875
1 0.74765625 0.2125 0.0734375 0.0515625
1 0.55078125 0.57265625 0.2484375 0.29375
1 0.915625 0.2015625 0.0890625 0.05
1 0.8171875 0.20703125 0.096875 0.05625
0 0.12421875 0.53984375 0.2484375 0.4390625
1 0.84921875 0.209375 0.08125 0.046875
1 0.49765625 0.3 0.128125 0.071875