1 0.4578125 0.66328125 0.3015625 0.415625
1 0.52265625 0.18671875 0.1078125 0.06875
1 0.225 0.1859375 0.1125 0.0703125
1 0.32421875 0.19453125 0.109375 0.06875
1 0.42421875 0.19140625 0.10625 0.0671875
0 0.62734375 0.16015625 0.1125 0.1140625
1 0.12265625 0.1921875 0.1046875 0.0703125
0 0.0265625 0.15859375 0.053125 0.1296875
1 0.48203125 0.084375 0.0703125 0.046875
0 0.1546875 0.06640625 0.078125 0.0765625
1 0.428125 0.28125 0.2875 0.096875
1 0.41875 0.084375 0.0703125 0.0515625
1 0.54375 0.0859375 0.0671875 0.0453125
0 0.7 0.58359375 0.33125 0.534375
1 0.22109375 0.08359375 0.06875 0.0484375
1 0.15078125 0.28046875 0.3015625 0.1015625
1 0.19765625 0.68125 0.3359375 0.4328125
0 0.0703125 0.56015625 0.140625 0.4328125
0 0.728125 0.15390625 0.1015625 0.11875
1 0.36015625 0.08359375 0.059375 0.0484375