0 0.2375 0.33125 0.2625 0.3859375
1 0.4875 0.3203125 0.2296875 0.378125
1 0.7125 0.315625 0.21640625 0.371875
0 0.91171875 0.334375 0.1765625 0.41796875
0 0.303125 0.76484375 0.10234375 0.096875
1 0.40859375 0.74921875 0.10546875 0.06171875
1 0.50078125 0.6609375 0.26484375 0.0546875
1 0.50078125 0.74609375 0.09296875 0.0546875
1 0.59375 0.7484375 0.09453125 0.0515625
1 0.69296875 0.75546875 0.10078125 0.05859375
1 0.78984375 0.7515625 0.09296875 0.05390625
0 0.90546875 0.7890625 0.12265625 0.1234375
0 0.75234375 0.86796875 0.06640625 0.06484375
1 0.68828125 0.8546875 0.06328125 0.0484375
1 0.503125 0.84921875 0.0625 0.040625
1 0.44296875 0.84453125 0.06171875 0.0390625
1 0.38125 0.84140625 0.065625 0.0390625
1 0.76875 0.67578125 0.27265625 0.06796875
1 0.5640625 0.85078125 0.06171875 0.03984375