1 0.53828125 0.209375 0.1109375 0.078125
1 0.4171875 0.66171875 0.3515625 0.446875
1 0.63125 0.23828125 0.109375 0.08125
1 0.45 0.17265625 0.1140625 0.0859375
0 0.7390625 0.24609375 0.128125 0.128125
1 0.26015625 0.11015625 0.115625 0.084375
1 0.35625 0.14453125 0.11875 0.084375
0 0.153125 0.0546875 0.128125 0.109375
0 0.328125 0.02265625 0.090625 0.0453125
0 0.68046875 0.67734375 0.3890625 0.55625
1 0.5140625 0.29609375 0.2859375 0.1390625
1 0.628125 0.12890625 0.075 0.0578125
1 0.5078125 0.08125 0.0734375 0.0578125
1 0.68515625 0.14609375 0.071875 0.0546875
1 0.38828125 0.0359375 0.0734375 0.059375
1 0.2515625 0.19765625 0.3109375 0.1453125
1 0.18125 0.59296875 0.3625 0.4640625
1 0.44765625 0.0625 0.075 0.05625
0 0.09375 0.46171875 0.1875 0.4859375
0 0.83828125 0.275 0.125 0.1359375
0 0.96640625 0.325 0.0671875 0.134375