1 0.43984375 0.73359375 0.10625 0.075
1 0.44921875 0.29140625 0.2984375 0.4109375
1 0.61875 0.68203125 0.1078125 0.071875
1 0.2375 0.3421875 0.28125 0.4046875
1 0.5296875 0.70703125 0.1015625 0.0703125
0 0.72265625 0.6734375 0.1234375 0.1140625
0 0.1484375 0.8515625 0.1421875 0.1328125
0 0.69375 0.24921875 0.3203125 0.434375
1 0.25859375 0.7859375 0.1 0.0703125
1 0.36953125 0.8609375 0.071875 0.0546875
1 0.35 0.7640625 0.1125 0.0734375
0 0.0859375 0.42265625 0.171875 0.4203125
1 0.0875 0.75625 0.103125 0.08125
1 0.51796875 0.63046875 0.275 0.1140625
0 0.31171875 0.89453125 0.078125 0.0828125
1 0.25703125 0.70546875 0.284375 0.11875
1 0.66328125 0.765625 0.06875 0.0515625
1 0.490625 0.8265625 0.0703125 0.05
0 0.09453125 0.96640625 0.0390625 0.0671875