1 0.43359375 0.334375 0.09609375 0.05546875
1 0.615625 0.33828125 0.09375 0.05390625
0 0.92421875 0.31328125 0.115625 0.10625
0 0.33125 0.31484375 0.1 0.096875
1 0.52265625 0.33671875 0.09609375 0.05390625
1 0.50546875 0.765625 0.2484375 0.3546875
1 0.71171875 0.33515625 0.096875 0.0546875
1 0.81015625 0.33515625 0.090625 0.05390625
0 0.775 0.2203125 0.06796875 0.06328125
1 0.52734375 0.2390625 0.0609375 0.040625
0 0.2671875 0.69375 0.26640625 0.471875
1 0.46484375 0.23828125 0.06328125 0.0390625
1 0.7109375 0.23359375 0.0625 0.04453125
1 0.525 0.41796875 0.26171875 0.059375
1 0.40546875 0.2359375 0.0625 0.0359375
1 0.5859375 0.23515625 0.06484375 0.0390625
0 0.909375 0.73046875 0.1765625 0.48125
1 0.79296875 0.41953125 0.2828125 0.0609375
1 0.74453125 0.775 0.253125 0.3703125
1 0.34921875 0.234375 0.059375 0.03515625
0 0.23671875 0.30859375 0.0921875 0.10625
1 0.64921875 0.2375 0.06171875 0.0421875
1 0.959375 0.41640625 0.08125 0.0609375