1 0.5578125 0.296875 0.09453125 0.05625
1 0.359375 0.73984375 0.2484375 0.328125
1 0.2859375 0.3359375 0.1015625 0.05546875
1 0.4671875 0.31015625 0.09140625 0.05390625
1 0.73515625 0.27109375 0.0890625 0.05546875
1 0.38203125 0.321875 0.09296875 0.05390625
1 0.646875 0.2875 0.0953125 0.05625
1 0.18984375 0.34921875 0.1046875 0.0578125
1 0.12421875 0.76875 0.2484375 0.3375
0 0.8125 0.5890625 0.30234375 0.43359375
0 0.55546875 0.19140625 0.059375 0.065625
0 0.58984375 0.6234375 0.2359375 0.44765625
1 0.821875 0.2546875 0.090625 0.0515625
0 0.6171875 0.17890625 0.06171875 0.0640625
1 0.32265625 0.23515625 0.06484375 0.040625
1 0.5 0.21171875 0.05703125 0.04296875
1 0.44296875 0.2203125 0.0578125 0.0375
1 0.19375 0.25078125 0.0640625 0.03828125
1 0.26171875 0.24296875 0.0640625 0.0375
1 0.38125 0.22734375 0.0609375 0.03671875
1 0.90703125 0.24296875 0.0875 0.04609375
1 0.975 0.23046875 0.05 0.046875
1 0.946875 0.60703125 0.10546875 0.29140625
1 0.02890625 0.3640625 0.0578125 0.07109375
1 0.134375 0.26015625 0.06171875 0.03671875
1 0.37265625 0.4140625 0.26953125 0.07890625
1 0.12421875 0.44140625 0.2484375 0.0734375