1 0.5359375 0.20859375 0.0984375 0.05625
1 0.62734375 0.1984375 0.103125 0.0625
1 0.5453125 0.67734375 0.2640625 0.39375
1 0.43828125 0.21484375 0.1046875 0.0578125
1 0.734375 0.1875 0.10546875 0.06171875
1 0.8375 0.17890625 0.1015625 0.06015625
0 0.33046875 0.19609375 0.1015625 0.10703125
0 0.78984375 0.05703125 0.07265625 0.07109375
0 0.9453125 0.134375 0.10234375 0.12109375
1 0.53671875 0.296875 0.2796875 0.0765625
0 0.2703125 0.64375 0.2703125 0.46015625
1 0.72421875 0.078125 0.06328125 0.04296875
1 0.4671875 0.109375 0.06640625 0.04296875
1 0.5953125 0.09140625 0.06640625 0.04140625
1 0.82421875 0.27109375 0.30234375 0.07578125
1 0.40703125 0.11171875 0.06328125 0.03828125
1 0.77265625 0.671875 0.24453125 0.40546875
1 0.66015625 0.0890625 0.065625 0.04453125
0 0.92421875 0.57265625 0.146875 0.48359375
0 0.23125 0.1984375 0.0953125 0.11484375
0 0.06875 0.2125 0.11953125 0.11015625
1 0.978125 0.24609375 0.0421875 0.0734375