1 0.7140625 0.31640625 0.1484375 0.1203125
0 0.5953125 0.2609375 0.15 0.1640625
1 0.84921875 0.35234375 0.1640625 0.13125
1 0.8578125 0.1859375 0.096875 0.075
1 0.95546875 0.39375 0.0890625 0.115625
1 0.77578125 0.171875 0.090625 0.0703125
0 0.46796875 0.215625 0.15 0.1609375
0 0.259375 0.1546875 0.159375 0.1671875
1 0.7015625 0.15390625 0.0875 0.0703125
1 0.63203125 0.13359375 0.0875 0.059375
1 0.56015625 0.109375 0.084375 0.0765625
0 0.4890625 0.07890625 0.0890625 0.0875
0 0.4203125 0.05546875 0.0921875 0.0984375
1 0.53046875 0.42890625 0.43125 0.2234375