1 0.75703125 0.21015625 0.1578125 0.1265625
0 0.496875 0.13828125 0.153125 0.1609375
0 0.27734375 0.08046875 0.1515625 0.1609375
0 0.6265625 0.175 0.1484375 0.1421875
1 0.903125 0.2390625 0.16875 0.1328125
1 0.46171875 0.86640625 0.4296875 0.2671875
1 0.165625 0.80859375 0.33125 0.3203125
1 0.21640625 0.25390625 0.3640625 0.1859375
1 0.73515625 0.04921875 0.0875 0.046875
1 0.8125 0.06015625 0.084375 0.04375
0 0.13046875 0.0671875 0.1515625 0.134375
1 0.5765625 0.334375 0.4125 0.2015625
1 0.8953125 0.07265625 0.0921875 0.0453125
0 0.51015625 0.0125 0.0828125 0.025
0 0.434375 0.00703125 0.078125 0.0140625
1 0.98203125 0.2625 0.0359375 0.121875
1 0.584375 0.01953125 0.078125 0.0359375
1 0.6609375 0.03359375 0.084375 0.040625
1 0.871875 0.3984375 0.25625 0.1625
1 0.96328125 0.084375 0.0734375 0.04375