0 0.77265625 0.65234375 0.296875 0.40625
1 0.525 0.678125 0.2625 0.396875
1 0.30546875 0.70234375 0.2484375 0.3890625
0 0.10546875 0.7046875 0.2109375 0.43125
0 0.671875 0.21953125 0.1140625 0.10625
1 0.56796875 0.24765625 0.1109375 0.0703125
1 0.48515625 0.33984375 0.26875 0.078125
1 0.47421875 0.26015625 0.096875 0.0625
1 0.3828125 0.26953125 0.0984375 0.059375
1 0.28359375 0.271875 0.10625 0.0671875
1 0.18671875 0.27578125 0.096875 0.0625
0 0.07109375 0.2546875 0.1328125 0.134375
0 0.21328125 0.1578125 0.071875 0.0703125
1 0.2796875 0.16328125 0.0671875 0.053125
1 0.4640625 0.1609375 0.06875 0.0484375
1 0.525 0.15625 0.0671875 0.0453125
1 0.5890625 0.15234375 0.06875 0.0453125
1 0.21796875 0.3578125 0.278125 0.0921875
1 0.40390625 0.16328125 0.065625 0.0453125