0 0.2140625 0.37421875 0.3203125 0.421875
1 0.459375 0.32421875 0.2859375 0.409375
1 0.68125 0.284375 0.271875 0.4015625
0 0.88046875 0.271875 0.2390625 0.440625
0 0.346875 0.7921875 0.115625 0.1109375
1 0.4484375 0.76015625 0.1140625 0.078125
1 0.52578125 0.65859375 0.2703125 0.0953125
1 0.5390625 0.74296875 0.1 0.06875
1 0.63125 0.73046875 0.1015625 0.065625
1 0.73046875 0.721875 0.109375 0.0734375
1 0.82578125 0.703125 0.1 0.0671875
0 0.9375 0.721875 0.125 0.140625
0 0.80703125 0.82421875 0.075 0.075
1 0.74140625 0.82109375 0.0703125 0.0578125
1 0.5578125 0.84453125 0.06875 0.05
1 0.49765625 0.84921875 0.0671875 0.0484375
1 0.4359375 0.85546875 0.0703125 0.0484375
1 0.79296875 0.63125 0.2796875 0.109375
1 0.61796875 0.83671875 0.0671875 0.0484375