1 0.328125 0.13203125 0.10234375 0.0515625
1 0.2859375 0.496875 0.2390625 0.29765625
0 0.23125 0.0921875 0.10625 0.11953125
1 0.42265625 0.1375 0.09609375 0.0484375
0 0.09375 0.43125 0.1875 0.428125
1 0.72109375 0.49296875 0.2078125 0.2671875
1 0.68046875 0.14765625 0.078125 0.04453125
1 0.3 0.20546875 0.28359375 0.065625
1 0.0484375 0.11640625 0.096875 0.05859375
1 0.4578125 0.05390625 0.0671875 0.0453125
1 0.90546875 0.4796875 0.1890625 0.25234375
1 0.3984375 0.053125 0.065625 0.040625
1 0.75625 0.15 0.06796875 0.04375
1 0.775 0.2203125 0.23828125 0.05859375
1 0.82578125 0.1515625 0.0859375 0.04375
1 0.3359375 0.0484375 0.0671875 0.040625
1 0.91875 0.1609375 0.103125 0.04140625
1 0.51015625 0.4875 0.221875 0.27890625
1 0.50859375 0.1421875 0.0921875 0.05078125
1 0.490625 0.209375 0.1203125 0.05390625