1 0.46953125 0.2828125 0.1078125 0.0734375
1 0.65078125 0.31953125 0.1046875 0.0734375
1 0.746875 0.33671875 0.1046875 0.0734375
1 0.5578125 0.30234375 0.1046875 0.071875
0 0.946875 0.35390625 0.10625 0.1296875
0 0.3734375 0.2390625 0.1203125 0.1171875
1 0.4578125 0.721875 0.3109375 0.3953125
1 0.83984375 0.35625 0.1015625 0.0703125
0 0.82890625 0.23671875 0.0796875 0.078125
1 0.5453125 0.3765625 0.271875 0.109375
1 0.7625 0.2375 0.0703125 0.05625
1 0.80703125 0.428125 0.2890625 0.1171875
1 0.51875 0.19296875 0.06875 0.0515625
1 0.46171875 0.18125 0.0671875 0.0484375
0 0.23125 0.6171875 0.35 0.4953125
1 0.640625 0.2171875 0.0734375 0.0484375
0 0.8640625 0.7546875 0.26875 0.490625
1 0.58046875 0.20703125 0.06875 0.053125
1 0.675 0.771875 0.2875 0.4
0 0.2765625 0.21796875 0.115625 0.1234375
1 0.96328125 0.45859375 0.0734375 0.0765625
1 0.703125 0.23046875 0.0671875 0.053125