1 0.7765625 0.1484375 0.1484375 0.11015625
0 0.49609375 0.13359375 0.13125 0.1390625
0 0.28125 0.11484375 0.12421875 0.1609375
0 0.6359375 0.13671875 0.13203125 0.12421875
1 0.9171875 0.1421875 0.15 0.1171875
1 0.5890625 0.875 0.4078125 0.25
1 0.24296875 0.29921875 0.33515625 0.125
1 0.21484375 0.85703125 0.4140625 0.2859375
1 0.60859375 0.31171875 0.40234375 0.1390625
0 0.1375 0.11875 0.121875 0.1546875
0 0.41796875 0.01015625 0.07109375 0.0203125
0 0.48984375 0.009375 0.0765625 0.01796875
1 0.03671875 0.2875 0.07265625 0.115625
1 0.89453125 0.309375 0.1984375 0.1296875