0 0.459375 0.28515625 0.15 0.159375
0 0.5875 0.26953125 0.15 0.1640625
1 0.725 0.27578125 0.159375 0.125
0 0.24375 0.29609375 0.1453125 0.1828125
1 0.8671875 0.259375 0.165625 0.128125
1 0.59296875 0.45546875 0.4109375 0.1984375
1 0.21875 0.48046875 0.3640625 0.1734375
0 0.4265625 0.1453125 0.0921875 0.0984375
0 0.35390625 0.146875 0.0890625 0.1140625
1 0.50390625 0.15078125 0.0796875 0.065625
1 0.57734375 0.13984375 0.0859375 0.0625
1 0.65390625 0.12578125 0.0890625 0.065625
1 0.73046875 0.11328125 0.084375 0.0671875
1 0.81328125 0.09921875 0.096875 0.0703125