1 0.48203125 0.3109375 0.2953125 0.4015625
0 0.740625 0.72734375 0.1203125 0.1140625
1 0.25078125 0.35703125 0.275 0.4046875
1 0.4546875 0.7609375 0.103125 0.0703125
1 0.6359375 0.728125 0.1109375 0.0765625
0 0.7171875 0.28203125 0.328125 0.43125
1 0.54921875 0.7453125 0.103125 0.071875
0 0.0890625 0.42734375 0.178125 0.4203125
0 0.15703125 0.85859375 0.134375 0.134375
1 0.36328125 0.78359375 0.1078125 0.071875
1 0.2703125 0.80390625 0.0953125 0.06875
1 0.3828125 0.884375 0.0703125 0.05625
1 0.6234375 0.82734375 0.0703125 0.05625
1 0.68359375 0.8140625 0.0703125 0.05
1 0.27265625 0.71484375 0.284375 0.1171875
0 0.32421875 0.91015625 0.075 0.078125
1 0.50546875 0.853125 0.06875 0.05
1 0.5625 0.840625 0.06875 0.0515625
1 0.0921875 0.7578125 0.1109375 0.078125
1 0.53359375 0.6609375 0.271875 0.1109375
1 0.44140625 0.86796875 0.0671875 0.0546875
1 0.740625 0.80703125 0.0578125 0.040625