1 0.5328125 0.20859375 0.109375 0.0765625
1 0.41953125 0.66328125 0.346875 0.4453125
1 0.6265625 0.2359375 0.1078125 0.0796875
1 0.44453125 0.1734375 0.1140625 0.084375
0 0.734375 0.2421875 0.1265625 0.1265625
1 0.253125 0.1140625 0.115625 0.0828125
1 0.35 0.146875 0.1171875 0.0828125
0 0.14453125 0.05703125 0.1265625 0.1140625
0 0.31953125 0.0234375 0.0890625 0.046875
0 0.68359375 0.67421875 0.3828125 0.553125
1 0.51015625 0.2953125 0.2859375 0.134375
1 0.621875 0.1265625 0.075 0.05625
1 0.50078125 0.08046875 0.0734375 0.05625
1 0.67890625 0.14296875 0.071875 0.053125
1 0.38046875 0.0375 0.071875 0.0578125
1 0.246875 0.2015625 0.3109375 0.140625
1 0.18046875 0.59921875 0.3609375 0.4609375
1 0.440625 0.0640625 0.075 0.0546875
0 0.09140625 0.46953125 0.1828125 0.4859375
0 0.834375 0.26953125 0.1234375 0.134375
0 0.96484375 0.31640625 0.0703125 0.1328125