1 0.7140625 0.17734375 0.1453125 0.1078125
0 0.446875 0.1421875 0.134375 0.14375
0 0.22109375 0.1078125 0.1296875 0.1625
0 0.58046875 0.1609375 0.1328125 0.125
1 0.8625 0.18515625 0.15625 0.1125
1 0.51484375 0.8796875 0.4015625 0.240625
1 0.18046875 0.85703125 0.3609375 0.2734375
1 0.184375 0.29609375 0.35 0.1390625
1 0.6703125 0.02109375 0.0828125 0.0359375
1 0.7484375 0.0203125 0.08125 0.0328125
0 0.0703125 0.09375 0.128125 0.178125
1 0.553125 0.325 0.3984375 0.1484375
1 0.83203125 0.021875 0.0890625 0.0328125
0 0.440625 0.01171875 0.08125 0.0234375
0 0.36484375 0.01171875 0.0765625 0.0234375
1 0.9671875 0.19375 0.065625 0.1125
1 0.51640625 0.0125 0.0765625 0.025
1 0.59453125 0.015625 0.08125 0.0296875
1 0.86640625 0.34609375 0.2671875 0.1265625
1 0.91796875 0.02109375 0.103125 0.0296875