1 0.75 0.25703125 0.1546875 0.115625
0 0.4734375 0.2546875 0.1390625 0.1515625
0 0.26640625 0.2484375 0.134375 0.1671875
1 0.8921875 0.246875 0.1625 0.11875
0 0.60625 0.25546875 0.140625 0.1328125
1 0.6828125 0.09921875 0.090625 0.0640625
0 0.12109375 0.25625 0.1328125 0.1625
1 0.6078125 0.10625 0.084375 0.059375
1 0.765625 0.0875 0.090625 0.06875
1 0.5296875 0.1140625 0.0796875 0.0609375
0 0.45703125 0.1046875 0.0828125 0.0953125
1 0.23828125 0.4390625 0.3453125 0.14375
0 0.38671875 0.1046875 0.078125 0.103125
1 0.6 0.42734375 0.4 0.16875
1 0.84921875 0.0765625 0.09375 0.0625
1 0.03671875 0.4296875 0.0734375 0.11875
1 0.8875 0.40390625 0.2171875 0.1359375
1 0.25078125 0.9109375 0.4046875 0.178125
1 0.62109375 0.9125 0.4046875 0.175
1 0.915625 0.0671875 0.0671875 0.0609375