1 0.29296875 0.2890625 0.1453125 0.115625
0 0.55 0.2171875 0.1421875 0.1515625
0 0.4234375 0.25703125 0.1359375 0.134375
0 0.765625 0.1671875 0.14375 0.1671875
1 0.1625 0.3125 0.15 0.11875
1 0.04296875 0.3359375 0.0859375 0.1125
1 0.821875 0.353125 0.3421875 0.159375
0 0.90546875 0.140625 0.1359375 0.1671875
1 0.32578125 0.121875 0.084375 0.0609375
1 0.4703125 0.0984375 0.0796875 0.0609375
1 0.84140625 0.865625 0.3171875 0.234375
1 0.24765625 0.1328125 0.0828125 0.0609375
1 0.52890625 0.909375 0.4046875 0.18125
0 0.54296875 0.071875 0.084375 0.09375
1 0.4 0.11171875 0.0828125 0.0546875
1 0.1703125 0.13984375 0.0859375 0.059375
1 0.46015625 0.4203125 0.3984375 0.1703125
0 0.61640625 0.0546875 0.08125 0.096875
1 0.021875 0.1703125 0.04375 0.059375
1 0.14140625 0.465625 0.2828125 0.140625
1 0.0828125 0.15390625 0.0953125 0.0625