1 0.40078125 0.3515625 0.10625 0.075
1 0.5796875 0.31796875 0.103125 0.071875
0 0.87578125 0.22890625 0.1359375 0.128125
0 0.29609375 0.35390625 0.1171875 0.115625
1 0.48828125 0.3359375 0.1046875 0.0734375
1 0.5609375 0.75859375 0.3171875 0.3984375
1 0.67265625 0.29453125 0.10625 0.0734375
1 0.76875 0.27421875 0.1 0.071875
0 0.7109375 0.16953125 0.0796875 0.0765625
1 0.47265625 0.2390625 0.06875 0.053125
0 0.3125 0.73828125 0.359375 0.5171875
1 0.4109375 0.2515625 0.0703125 0.0515625
1 0.65078125 0.1953125 0.0703125 0.05625
1 0.50703125 0.41484375 0.26875 0.1125
1 0.35234375 0.26171875 0.06875 0.0484375
1 0.52890625 0.2234375 0.071875 0.0515625
0 0.90546875 0.63984375 0.1890625 0.5078125
1 0.76953125 0.36015625 0.2890625 0.11875
1 0.79609375 0.71796875 0.325 0.415625
1 0.29765625 0.271875 0.065625 0.046875
0 0.20234375 0.3671875 0.1125 0.1234375
1 0.59140625 0.2125 0.06875 0.0546875
1 0.93203125 0.32265625 0.0921875 0.0765625