1 0.765625 0.2109375 0.1171875 0.0734375
1 0.5640625 0.20859375 0.1046875 0.071875
1 0.4671875 0.203125 0.10625 0.065625
1 0.871875 0.21328125 0.1109375 0.071875
1 0.6625 0.2109375 0.1046875 0.06875
0 0.36484375 0.17578125 0.115625 0.1203125
1 0.53046875 0.67421875 0.2859375 0.409375
0 0.83515625 0.08828125 0.08125 0.075
1 0.44296875 0.096875 0.0734375 0.0546875
1 0.6359375 0.103125 0.071875 0.0453125
1 0.5078125 0.103125 0.0734375 0.046875
1 0.56328125 0.29296875 0.3 0.090625
1 0.57109375 0.1046875 0.075 0.05
1 0.7625 0.6921875 0.29375 0.4203125
0 0.2671875 0.6375 0.30625 0.440625
1 0.84453125 0.30390625 0.3109375 0.0984375