0 0.42578125 0.85859375 0.1484375 0.1640625
0 0.29375 0.84453125 0.1546875 0.1609375
1 0.33828125 0.66171875 0.421875 0.175
1 0.153125 0.8078125 0.165625 0.125
1 0.04375 0.7921875 0.0875 0.13125
0 0.640625 0.9 0.1375 0.1859375
1 0.7921875 0.1671875 0.415625 0.315625
1 0.6984375 0.71796875 0.34375 0.1640625
1 0.4375 0.11171875 0.428125 0.2234375
1 0.075 0.62421875 0.15 0.1515625
1 0.9109375 0.76328125 0.1328125 0.13125
0 0.778125 0.9125 0.140625 0.175
1 0.1796875 0.9546875 0.0984375 0.0296875
1 0.3421875 0.9734375 0.084375 0.03125
0 0.41796875 0.98203125 0.0890625 0.034375
1 0.26640625 0.96484375 0.0875 0.03125
0 0.496875 0.98671875 0.084375 0.0265625