1 0.3125 0.271875 0.13671875 0.10390625
0 0.57421875 0.22265625 0.1296875 0.14140625
0 0.44453125 0.2515625 0.125 0.12421875
0 0.79375 0.19140625 0.13046875 0.15703125
1 0.18046875 0.28359375 0.14140625 0.10625
1 0.04921875 0.29609375 0.0984375 0.1046875
1 0.83359375 0.38203125 0.3328125 0.13046875
0 0.93515625 0.17734375 0.121875 0.1578125
1 0.359375 0.1078125 0.0796875 0.05390625
1 0.50546875 0.09765625 0.075 0.05390625
1 0.82890625 0.896875 0.34140625 0.20546875
1 0.28046875 0.1125 0.07890625 0.05390625
1 0.49375 0.91640625 0.39140625 0.1609375
0 0.58046875 0.07734375 0.0765625 0.0875
1 0.434375 0.1046875 0.07890625 0.04765625
1 0.203125 0.1125 0.08125 0.05234375
1 0.4671875 0.4171875 0.3875 0.1375
0 0.6546875 0.06640625 0.0734375 0.09140625
1 0.0421875 0.12890625 0.0609375 0.0546875
1 0.14140625 0.43515625 0.28203125 0.1171875
1 0.11484375 0.11875 0.090625 0.05546875