1 0.5609375 0.2125 0.103125 0.0640625
1 0.653125 0.2109375 0.1078125 0.071875
1 0.5296875 0.68046875 0.296875 0.415625
1 0.46328125 0.2109375 0.109375 0.0671875
1 0.7609375 0.209375 0.1109375 0.0703125
1 0.8640625 0.209375 0.10625 0.06875
0 0.3578125 0.1828125 0.1109375 0.115625
0 0.82734375 0.08359375 0.078125 0.0765625
0 0.959375 0.17421875 0.08125 0.1296875
1 0.55390625 0.30078125 0.2859375 0.1
0 0.25859375 0.6234375 0.309375 0.48125
1 0.76015625 0.09921875 0.0671875 0.0484375
1 0.5015625 0.1078125 0.0703125 0.0484375
1 0.63046875 0.1015625 0.0703125 0.046875
1 0.84296875 0.3 0.3078125 0.1015625
1 0.44140625 0.10546875 0.065625 0.04375
1 0.75625 0.6953125 0.2796875 0.425
1 0.6953125 0.1046875 0.06875 0.05
0 0.9109375 0.60859375 0.178125 0.4953125
0 0.25859375 0.17578125 0.1046875 0.1234375
0 0.0953125 0.17578125 0.128125 0.1203125
1 0.98671875 0.28828125 0.0265625 0.0765625