0 0.2078125 0.38984375 0.3375 0.4328125
1 0.45078125 0.3265625 0.303125 0.4171875
1 0.66953125 0.27578125 0.2890625 0.409375
0 0.86796875 0.25234375 0.259375 0.4453125
0 0.3625 0.8 0.1203125 0.115625
1 0.4625 0.7625 0.115625 0.0828125
1 0.534375 0.65703125 0.2703125 0.1078125
1 0.5515625 0.740625 0.1015625 0.0734375
1 0.64296875 0.7234375 0.103125 0.0703125
1 0.7421875 0.71015625 0.1109375 0.078125
1 0.8359375 0.6859375 0.1015625 0.071875
0 0.9421875 0.6984375 0.115625 0.146875
0 0.8234375 0.8078125 0.078125 0.0765625
1 0.7578125 0.8078125 0.071875 0.0609375
1 0.57578125 0.840625 0.0703125 0.053125
1 0.515625 0.84921875 0.06875 0.0515625
1 0.4546875 0.85859375 0.071875 0.0515625
1 0.79921875 0.61640625 0.28125 0.1234375
1 0.6359375 0.8296875 0.06875 0.0515625