0 0.49921875 0.87109375 0.15625 0.1671875
1 0.58125 0.66796875 0.4234375 0.196875
0 0.6265625 0.8453125 0.1546875 0.1609375
1 0.75625 0.79921875 0.1578125 0.128125
1 0.21484375 0.74921875 0.371875 0.1828125
0 0.2796875 0.91796875 0.15 0.1640625
1 0.1578125 0.184375 0.315625 0.309375
1 0.88984375 0.77421875 0.1609375 0.134375
1 0.4546875 0.125 0.425 0.25
1 0.66171875 0.96640625 0.0859375 0.0390625
1 0.73515625 0.9546875 0.090625 0.040625
1 0.80859375 0.94296875 0.0953125 0.0421875
0 0.1359375 0.93359375 0.15 0.1328125
1 0.5875 0.9796875 0.084375 0.0359375
1 0.890625 0.93203125 0.1109375 0.0421875
0 0.4296875 0.99375 0.09375 0.0125
1 0.86953125 0.6109375 0.2609375 0.18125
1 0.978125 0.73515625 0.04375 0.1140625
0 0.51328125 0.9875 0.0921875 0.025
1 0.96328125 0.9109375 0.0734375 0.053125