1 0.34140625 0.25078125 0.1484375 0.1203125
0 0.6078125 0.23359375 0.1453125 0.15625
0 0.475 0.246875 0.1390625 0.1390625
0 0.82890625 0.2296875 0.1484375 0.171875
1 0.209375 0.24609375 0.153125 0.1234375
1 0.07734375 0.24296875 0.1109375 0.115625
1 0.8359375 0.42265625 0.328125 0.1703125
0 0.95 0.2328125 0.1 0.171875
1 0.40859375 0.09375 0.0859375 0.0625
1 0.5546875 0.1015625 0.08125 0.0625
1 0.77734375 0.90546875 0.3640625 0.1890625
1 0.3296875 0.08828125 0.084375 0.0625
1 0.44296875 0.90390625 0.4078125 0.1921875
0 0.63125 0.090625 0.0859375 0.096875
1 0.4828125 0.1 0.084375 0.05625
1 0.25234375 0.07890625 0.0875 0.0625
1 0.47734375 0.4140625 0.4015625 0.184375
0 0.70625 0.08828125 0.084375 0.1
1 0.090625 0.07578125 0.0671875 0.0609375
1 0.15234375 0.3921875 0.29375 0.15
1 0.1640625 0.075 0.096875 0.065625