1 0.50859375 0.31015625 0.25 0.3765625
0 0.70703125 0.75859375 0.109375 0.1015625
1 0.2734375 0.32421875 0.228125 0.38125
1 0.41875 0.75234375 0.096875 0.059375
1 0.603125 0.7453125 0.1046875 0.0625
0 0.7453125 0.3140625 0.278125 0.403125
1 0.51484375 0.74921875 0.096875 0.059375
0 0.0828125 0.36640625 0.165625 0.4046875
0 0.11015625 0.8078125 0.1203125 0.1203125
1 0.325 0.76171875 0.103125 0.059375
1 0.23046875 0.76953125 0.090625 0.05625
1 0.33046875 0.8640625 0.0640625 0.0484375
1 0.5765625 0.840625 0.0640625 0.0484375
1 0.63828125 0.8359375 0.0671875 0.0421875
1 0.2453125 0.68046875 0.2796875 0.0796875
0 0.26875 0.88125 0.0671875 0.0703125
1 0.45625 0.85078125 0.0640625 0.0421875
1 0.5140625 0.84609375 0.0640625 0.04375
1 0.0609375 0.6984375 0.1046875 0.0640625
1 0.5109375 0.6640625 0.26875 0.075
1 0.39140625 0.85625 0.0625 0.046875
1 0.6953125 0.8375 0.0546875 0.034375