1 0.46953125 0.32421875 0.10625 0.075
1 0.646875 0.365625 0.103125 0.071875
0 0.94296875 0.4046875 0.1140625 0.128125
0 0.3734375 0.28359375 0.1171875 0.115625
1 0.55625 0.3453125 0.1046875 0.0734375
1 0.45 0.7609375 0.3171875 0.3984375
1 0.74140625 0.3828125 0.10625 0.0734375
1 0.8375 0.403125 0.1 0.071875
0 0.82734375 0.28359375 0.0796875 0.0765625
1 0.58125 0.25078125 0.06875 0.053125
0 0.23203125 0.64140625 0.359375 0.5171875
1 0.5203125 0.23671875 0.0703125 0.0515625
1 0.76171875 0.28359375 0.0703125 0.05625
1 0.54140625 0.425 0.26875 0.1125
1 0.4625 0.221875 0.06875 0.0484375
1 0.6390625 0.25859375 0.071875 0.0515625
0 0.85234375 0.778125 0.2734375 0.44375
1 0.803125 0.48203125 0.2890625 0.11875
1 0.68125 0.80546875 0.325 0.3890625
1 0.4078125 0.20859375 0.065625 0.046875
0 0.28203125 0.2578125 0.1125 0.1234375
1 0.70078125 0.27421875 0.06875 0.0546875
1 0.96015625 0.51328125 0.0796875 0.0765625