1 0.3296875 0.8296875 0.44375 0.340625
1 0.678125 0.25703125 0.1609375 0.1375
1 0.69921875 0.875 0.4328125 0.25
1 0.5546875 0.23359375 0.1546875 0.134375
1 0.8171875 0.27890625 0.1890625 0.1421875
0 0.61171875 0.0578125 0.0890625 0.0984375
1 0.29375 0.1796875 0.2203125 0.1484375
1 0.42109375 0.20625 0.171875 0.1359375
1 0.91640625 0.296875 0.1671875 0.14375
1 0.18359375 0.159375 0.23125 0.1484375
0 0.68828125 0.08125 0.075 0.078125
1 0.7546875 0.103125 0.08125 0.0578125
1 0.5296875 0.06484375 0.0828125 0.0609375
1 0.11953125 0.14296875 0.134375 0.1203125