0 0.45390625 0.86796875 0.1390625 0.153125
1 0.56015625 0.6765625 0.4109375 0.1484375
0 0.58359375 0.85859375 0.1390625 0.146875
1 0.71796875 0.82890625 0.146875 0.1125
1 0.18671875 0.7125 0.3609375 0.140625
0 0.22890625 0.89921875 0.1296875 0.175
1 0.17109375 0.14140625 0.3421875 0.2703125
1 0.85390625 0.81953125 0.1484375 0.1171875
1 0.503125 0.1125 0.403125 0.225
1 0.60390625 0.9828125 0.0828125 0.0296875
1 0.678125 0.9796875 0.0875 0.0296875
1 0.75234375 0.97734375 0.0921875 0.03125
0 0.08203125 0.91328125 0.1296875 0.1734375
1 0.52890625 0.98671875 0.0828125 0.0265625
1 0.83515625 0.97578125 0.109375 0.028125
0 0.36953125 0.990625 0.0921875 0.01875
1 0.86484375 0.6578125 0.2703125 0.15
1 0.965625 0.79375 0.06875 0.10625
0 0.453125 0.9890625 0.090625 0.021875
1 0.93515625 0.96796875 0.1234375 0.0390625
1 0.97890625 0.96171875 0.0421875 0.0421875