0 0.49609375 0.73984375 0.146875 0.153125
0 0.36796875 0.72109375 0.1453125 0.153125
1 0.40859375 0.5546875 0.4078125 0.1765625
1 0.234375 0.68203125 0.1546875 0.1171875
1 0.76171875 0.6171875 0.3515625 0.1640625
1 0.340625 0.853125 0.0828125 0.059375
1 0.09921875 0.8296875 0.096875 0.0640625
1 0.18828125 0.83984375 0.0875 0.065625
0 0.48671875 0.88984375 0.0875 0.0984375
1 0.0921875 0.6625 0.16875 0.128125
0 0.7015625 0.7828125 0.1421875 0.175
0 0.553125 0.9 0.0875 0.1078125
1 0.2609375 0.84609375 0.0875 0.065625
1 0.4109375 0.8609375 0.078125 0.0578125
1 0.82109375 0.11953125 0.3578125 0.2078125
1 0.1171875 0.5171875 0.234375 0.15
1 0.4859375 0.0671875 0.4 0.134375
1 0.028125 0.81796875 0.05625 0.0765625
1 0.01015625 0.62421875 0.0203125 0.1015625
1 0.959375 0.64765625 0.065625 0.1265625