0 0.471875 0.35859375 0.1265625 0.309375
1 0.69609375 0.3234375 0.1296875 0.325
0 0.31875 0.37890625 0.13125 0.3203125
0 0.3953125 0.3703125 0.1296875 0.3171875
0 0.2265625 0.7109375 0.1234375 0.29375
0 0.753125 0.6265625 0.1328125 0.303125
0 0.4484375 0.6734375 0.121875 0.296875
0 0.93046875 0.28203125 0.121875 0.2890625
0 0.85 0.2953125 0.1328125 0.296875
0 0.5484375 0.346875 0.1265625 0.3109375
0 0.82890625 0.6125 0.1328125 0.3046875
1 0.2484375 0.4 0.1328125 0.325
0 0.5296875 0.6640625 0.1234375 0.3
1 0.77421875 0.309375 0.13125 0.3171875
0 0.30234375 0.69765625 0.125 0.3
0 0.15390625 0.725 0.125 0.3
1 0.378125 0.690625 0.1265625 0.3015625
1 0.1765625 0.4125 0.1265625 0.3234375
0 0.0765625 0.7375 0.1328125 0.3015625
0 0.67890625 0.63984375 0.128125 0.303125
0 0.90703125 0.59765625 0.1296875 0.3046875
0 0.95859375 0.58125 0.0828125 0.3
1 0.6015625 0.653125 0.128125 0.30625
1 0.1015625 0.42578125 0.1328125 0.325
0 0.04453125 0.44140625 0.0890625 0.3234375
1 0.6265625 0.3375 0.125 0.321875