0 0.496875 0.35546875 0.075 0.3015625
1 0.7234375 0.36015625 0.07578125 0.3171875
0 0.3421875 0.34921875 0.078125 0.3109375
0 0.41953125 0.35390625 0.07734375 0.3078125
0 0.19375 0.66015625 0.07421875 0.2859375
0 0.72734375 0.66875 0.0828125 0.29375
0 0.41875 0.66171875 0.07265625 0.2890625
0 0.96171875 0.36015625 0.075 0.2796875
0 0.88046875 0.359375 0.08359375 0.2875
0 0.57421875 0.3578125 0.075 0.303125
0 0.8046875 0.66796875 0.0828125 0.2953125
1 0.26953125 0.3578125 0.0796875 0.315625
0 0.50078125 0.66640625 0.07421875 0.2921875
1 0.803125 0.36015625 0.07890625 0.3078125
0 0.27109375 0.66015625 0.075 0.2921875
0 0.1203125 0.66171875 0.075 0.2921875
1 0.346875 0.66640625 0.07734375 0.2921875
1 0.196875 0.3578125 0.07265625 0.315625
0 0.04140625 0.66015625 0.0828125 0.2921875
0 0.6515625 0.66875 0.07890625 0.29375
0 0.88359375 0.66640625 0.0796875 0.2953125
0 0.959375 0.6640625 0.07734375 0.290625
1 0.5734375 0.66875 0.07734375 0.296875
1 0.1203125 0.3578125 0.07890625 0.315625
0 0.04453125 0.3609375 0.0703125 0.31640625
1 0.653125 0.36171875 0.071875 0.31484375