0 0.19921875 0.8484375 0.19453125 0.125
0 0.68203125 0.7609375 0.171875 0.11484375
0 0.64765625 0.90703125 0.19765625 0.13125
0 0.30859375 0.184375 0.19765625 0.1328125
0 0.234375 0.70234375 0.2078125 0.13046875
0 0.925 0.22734375 0.1421875 0.1375
0 0.72421875 0.42578125 0.2 0.12734375
0 0.1015625 0.17109375 0.13046875 0.13203125
0 0.265625 0.5640625 0.19140625 0.13359375
0 0.85859375 0.92421875 0.1921875 0.140625
0 0.92109375 0.43984375 0.1515625 0.11484375
0 0.06484375 0.54140625 0.1296875 0.1234375
0 0.74921875 0.21484375 0.19609375 0.13046875
0 0.7015625 0.5984375 0.2171875 0.1359375
0 0.88359375 0.77421875 0.184375 0.15
0 0.08046875 0.34765625 0.13125 0.11953125
0 0.05859375 0.68359375 0.1171875 0.13203125
0 0.046875 0.8171875 0.09375 0.11875
0 0.31640625 0.03046875 0.1765625 0.0609375
0 0.27421875 0.3984375 0.20078125 0.13515625
0 0.91015625 0.62890625 0.16796875 0.13125
0 0.9453125 0.0765625 0.10625 0.0546875
0 0.7734375 0.0546875 0.1828125 0.06484375
0 0.1359375 0.01328125 0.140625 0.0265625