1 0.74453125 0.396875 0.1265625 0.3140625
1 0.14765625 0.29375 0.13125 0.321875
1 0.82109375 0.409375 0.13125 0.3109375
1 0.22109375 0.30703125 0.128125 0.3234375
0 0.07109375 0.284375 0.128125 0.325
1 0.29296875 0.321875 0.128125 0.321875
1 0.66796875 0.3890625 0.1296875 0.315625
0 0.36640625 0.33515625 0.1265625 0.31875
0 0.69765625 0.7046875 0.1296875 0.3109375
0 0.47265625 0.6640625 0.121875 0.3
0 0.39609375 0.646875 0.11875 0.296875
0 0.1734375 0.61171875 0.121875 0.3
0 0.89765625 0.42109375 0.1296875 0.3046875
0 0.24765625 0.6234375 0.1234375 0.303125
0 0.04375 0.58203125 0.0875 0.2890625
0 0.6203125 0.69453125 0.121875 0.3015625
0 0.51796875 0.36015625 0.125 0.3140625
0 0.59296875 0.37734375 0.121875 0.3078125
0 0.44140625 0.353125 0.1234375 0.3078125
1 0.3234375 0.63828125 0.125 0.303125
0 0.9578125 0.43125 0.084375 0.3
0 0.10078125 0.5984375 0.1234375 0.296875
0 0.7734375 0.715625 0.13125 0.315625
1 0.54609375 0.68046875 0.125 0.3078125
0 0.85 0.7265625 0.13125 0.315625
0 0.9265625 0.73984375 0.1265625 0.31875