1 0.72578125 0.36015625 0.08046875 0.3046875
1 0.11953125 0.3515625 0.08359375 0.3125
1 0.803125 0.36015625 0.084375 0.3015625
1 0.19453125 0.353125 0.0796875 0.315625
0 0.04296875 0.35390625 0.0796875 0.3171875
1 0.26796875 0.35625 0.0796875 0.3125
1 0.6484375 0.3640625 0.0828125 0.30625
0 0.3421875 0.3578125 0.0796875 0.309375
0 0.72734375 0.67109375 0.0828125 0.3015625
0 0.4984375 0.66640625 0.07734375 0.2921875
0 0.4203125 0.66171875 0.075 0.2890625
0 0.1953125 0.66171875 0.0765625 0.2921875
0 0.88046875 0.36015625 0.08515625 0.2953125
0 0.2703125 0.66171875 0.078125 0.2953125
0 0.04296875 0.65546875 0.0859375 0.2796875
0 0.64921875 0.6734375 0.07734375 0.29375
0 0.49609375 0.359375 0.07734375 0.30625
0 0.57265625 0.3640625 0.0765625 0.3
0 0.41953125 0.3640625 0.07734375 0.3
1 0.346875 0.6640625 0.0796875 0.29375
0 0.96015625 0.3578125 0.078125 0.290625
0 0.12109375 0.659375 0.07890625 0.2875
0 0.80390625 0.6703125 0.08359375 0.30625
1 0.5734375 0.67109375 0.0796875 0.2984375
0 0.88125 0.66875 0.084375 0.30625
0 0.95859375 0.6703125 0.0796875 0.309375