0 0.1640625 0.81484375 0.20625 0.1453125
0 0.65390625 0.77890625 0.1828125 0.1328125
0 0.6046875 0.9203125 0.2109375 0.1515625
0 0.34296875 0.16640625 0.2109375 0.153125
0 0.21484375 0.6734375 0.2203125 0.1515625
0 0.93671875 0.27265625 0.1265625 0.1515625
0 0.73046875 0.45 0.2125 0.146875
0 0.13828125 0.13125 0.14375 0.1453125
0 0.26015625 0.5390625 0.2046875 0.153125
0 0.8125 0.93984375 0.20625 0.1203125
0 0.921875 0.48359375 0.15625 0.1296875
0 0.0671875 0.49453125 0.134375 0.1359375
0 0.77734375 0.2421875 0.209375 0.15
0 0.68984375 0.61875 0.2296875 0.1578125
0 0.853125 0.8125 0.1984375 0.16875
0 0.0984375 0.3046875 0.14375 0.1328125
0 0.053125 0.6359375 0.10625 0.14375
0 0.034375 0.7671875 0.06875 0.128125
0 0.365625 0.0265625 0.18125 0.053125
0 0.2859375 0.37578125 0.2140625 0.1546875
0 0.89453125 0.67109375 0.18125 0.1484375
0 0.965625 0.125 0.06875 0.065625
0 0.81875 0.0859375 0.1890625 0.084375