1 0.70390625 0.33046875 0.121875 0.3125
1 0.10234375 0.40625 0.1265625 0.3203125
1 0.78046875 0.31953125 0.125 0.3109375
1 0.17734375 0.396875 0.1234375 0.3234375
0 0.04453125 0.41875 0.0890625 0.325
1 0.25 0.38984375 0.121875 0.3203125
1 0.628125 0.34453125 0.125 0.3140625
0 0.32421875 0.38125 0.121875 0.3171875
0 0.74921875 0.6375 0.1234375 0.309375
0 0.521875 0.66484375 0.1171875 0.3
0 0.44375 0.67109375 0.1140625 0.296875
0 0.22109375 0.70234375 0.1171875 0.3
0 0.85703125 0.30859375 0.125 0.3046875
0 0.2953125 0.6921875 0.11875 0.303125
0 0.06875 0.7171875 0.1234375 0.2890625
0 0.671875 0.65078125 0.1171875 0.3015625
0 0.4765625 0.3609375 0.11875 0.3140625
0 0.553125 0.35546875 0.1171875 0.3078125
0 0.4015625 0.3765625 0.11875 0.3078125
1 0.37109375 0.68359375 0.1203125 0.3015625
0 0.9359375 0.2953125 0.1171875 0.2984375
0 0.146875 0.7109375 0.11875 0.2953125
0 0.825 0.6265625 0.125 0.315625
1 0.596875 0.659375 0.1203125 0.30625
0 0.90078125 0.6140625 0.1265625 0.315625
0 0.95859375 0.60390625 0.0828125 0.3171875