0 0.48671875 0.35625 0.0953125 0.30625
1 0.71328125 0.34453125 0.0984375 0.321875
0 0.33203125 0.3609375 0.1 0.315625
0 0.409375 0.36015625 0.0984375 0.3125
0 0.20546875 0.68125 0.09375 0.290625
0 0.73828125 0.65234375 0.103125 0.2984375
0 0.43046875 0.6671875 0.0921875 0.29375
0 0.95078125 0.328125 0.09375 0.284375
0 0.86953125 0.3328125 0.103125 0.2921875
0 0.5640625 0.353125 0.0953125 0.3078125
0 0.815625 0.64609375 0.103125 0.3
1 0.26015625 0.37421875 0.1015625 0.3203125
0 0.5125 0.665625 0.09375 0.296875
1 0.79296875 0.3390625 0.1 0.3125
0 0.2828125 0.67578125 0.0953125 0.296875
0 0.1328125 0.6875 0.0953125 0.296875
1 0.35859375 0.6765625 0.096875 0.296875
1 0.1875 0.3796875 0.09375 0.3203125
0 0.05390625 0.69140625 0.103125 0.296875
0 0.66328125 0.6578125 0.0984375 0.2984375
0 0.89453125 0.6390625 0.1 0.3
0 0.96015625 0.63046875 0.0796875 0.2953125
1 0.58515625 0.66328125 0.0984375 0.3015625
1 0.1109375 0.384375 0.1 0.3203125
0 0.040625 0.39296875 0.08125 0.3203125
1 0.64296875 0.3515625 0.09375 0.31875