0 0.27109375 0.89921875 0.2140625 0.159375
0 0.728125 0.72109375 0.190625 0.1453125
0 0.72265625 0.87109375 0.21875 0.1671875
0 0.2515625 0.2265625 0.21875 0.16875
0 0.278125 0.74921875 0.228125 0.1671875
0 0.86484375 0.1515625 0.165625 0.1625
0 0.70625 0.384375 0.2203125 0.1625
0 0.0609375 0.25234375 0.121875 0.1546875
0 0.28203125 0.6078125 0.2140625 0.1671875
0 0.9125 0.846875 0.175 0.175
0 0.9015625 0.3609375 0.1703125 0.1421875
0 0.08046875 0.6234375 0.1515625 0.1453125
0 0.68984375 0.17265625 0.2171875 0.165625
0 0.71640625 0.5578125 0.2390625 0.175
0 0.91171875 0.69609375 0.1765625 0.1828125
0 0.0671875 0.43046875 0.134375 0.1421875
0 0.1015625 0.7640625 0.140625 0.1515625
0 0.115625 0.89765625 0.1140625 0.134375
0 0.23046875 0.07421875 0.184375 0.09375
0 0.259375 0.44375 0.2234375 0.1703125
0 0.915625 0.54765625 0.16875 0.1609375
0 0.85546875 0.01796875 0.1140625 0.0359375
0 0.68359375 0.0296875 0.1921875 0.059375
0 0.0609375 0.090625 0.121875 0.053125