1 0.5875 0.7140625 0.1171875 0.2078125
1 0.29140625 0.6203125 0.115625 0.209375
1 0.34609375 0.2625 0.11875 0.221875
1 0.52421875 0.69296875 0.115625 0.209375
0 0.41015625 0.64921875 0.1171875 0.2171875
1 0.64296875 0.73046875 0.1171875 0.20625
0 0.47578125 0.66953125 0.115625 0.2171875
1 0.34765625 0.6359375 0.1171875 0.2171875
1 0.70390625 0.75390625 0.115625 0.20625
1 0.51875 0.31640625 0.11875 0.2296875
1 0.39921875 0.28125 0.11875 0.2203125
1 0.2359375 0.60390625 0.11875 0.2171875
1 0.28125 0.24296875 0.11875 0.221875
1 0.759375 0.3953125 0.11875 0.23125
0 0.5765625 0.35 0.121875 0.2453125
1 0.69765625 0.378125 0.11875 0.23125
0 0.17265625 0.5828125 0.11875 0.2234375
0 0.45703125 0.31640625 0.115625 0.215625
0 0.63125 0.371875 0.1171875 0.2328125
0 0.81171875 0.4140625 0.1078125 0.2203125