1 0.63984375 0.684375 0.06796875 0.196875
1 0.3296875 0.6703125 0.0671875 0.1984375
1 0.28984375 0.31015625 0.0671875 0.2109375
1 0.5734375 0.68046875 0.06640625 0.19921875
0 0.4515625 0.6671875 0.06640625 0.20703125
1 0.69765625 0.6859375 0.06875 0.1953125
0 0.5203125 0.6703125 0.06328125 0.20859375
1 0.38828125 0.6703125 0.06640625 0.20625
1 0.7625 0.6921875 0.0671875 0.19609375
1 0.4703125 0.31796875 0.0640625 0.22109375
1 0.34609375 0.31484375 0.065625 0.2109375
1 0.271875 0.66875 0.0671875 0.20625
1 0.221875 0.30859375 0.0671875 0.2109375
1 0.7234375 0.33203125 0.0640625 0.22265625
0 0.53515625 0.33515625 0.06328125 0.23671875
1 0.659375 0.33125 0.0640625 0.221875
0 0.20546875 0.66484375 0.065625 0.2140625
0 0.4109375 0.33359375 0.06484375 0.20546875
0 0.59375 0.3421875 0.0609375 0.225
0 0.77890625 0.3359375 0.0546875 0.21328125