1 0.48671875 0.78046875 0.134375 0.3390625
0 0.3921875 0.790625 0.128125 0.3390625
0 0.57109375 0.76875 0.1234375 0.3453125
0 0.21640625 0.8078125 0.1203125 0.3203125
0 0.75234375 0.7421875 0.128125 0.340625
0 0.0625 0.17890625 0.10625 0.2765625
0 0.31796875 0.14609375 0.1203125 0.2609375
0 0.5 0.12421875 0.121875 0.2484375
0 0.9703125 0.703125 0.059375 0.321875
0 0.6796875 0.1140625 0.121875 0.228125
0 0.0640625 0.825 0.096875 0.309375
0 0.84296875 0.10546875 0.1109375 0.2109375
1 0.91796875 0.709375 0.1015625 0.3171875
0 0.14609375 0.16171875 0.1015625 0.259375
0 0.228125 0.15390625 0.1046875 0.2484375
0 0.40703125 0.13046875 0.1125 0.2484375
0 0.5875 0.11484375 0.115625 0.2296875
0 0.75859375 0.1078125 0.1046875 0.215625
0 0.91875 0.10078125 0.096875 0.2015625
0 0.66171875 0.7578125 0.125 0.315625
0 0.83984375 0.721875 0.1140625 0.31875
0 0.1359375 0.8203125 0.1140625 0.3203125
0 0.30234375 0.80859375 0.1234375 0.3328125
0 0.0171875 0.175 0.034375 0.253125