0 0.265625 0.121875 0.0984375 0.23515625
0 0.359375 0.784375 0.10078125 0.31484375
1 0.4515625 0.78046875 0.10234375 0.31875
0 0.45 0.11796875 0.1046875 0.23125
0 0.7203125 0.11796875 0.09375 0.23125
0 0.26796875 0.77890625 0.09765625 0.3125
0 0.6359375 0.11796875 0.08828125 0.23125
0 0.80546875 0.11796875 0.09296875 0.23125
0 0.1 0.125 0.09140625 0.25
0 0.10234375 0.78046875 0.0953125 0.30625
0 0.54609375 0.77578125 0.10078125 0.32265625
0 0.9609375 0.11796875 0.0765625 0.23125
0 0.64140625 0.77890625 0.1046875 0.32109375
0 0.95859375 0.76171875 0.0796875 0.29375
0 0.73828125 0.77421875 0.10078125 0.30625
0 0.84375 0.76640625 0.103125 0.29609375
1 0.9015625 0.76328125 0.0796875 0.28515625
0 0.18828125 0.12421875 0.07578125 0.23515625
0 0.03046875 0.13203125 0.06015625 0.24296875
0 0.353125 0.121875 0.08828125 0.23046875
0 0.54140625 0.115625 0.0890625 0.23125
0 0.890625 0.11953125 0.078125 0.23046875
0 0.18515625 0.7796875 0.08828125 0.30078125
0 0.03359375 0.78125 0.06640625 0.30390625