0 0.18671875 0.184375 0.1484375 0.2515625
0 0.4265625 0.80859375 0.16875 0.3296875
1 0.515625 0.784375 0.171875 0.334375
0 0.365625 0.1390625 0.1546875 0.2484375
0 0.628125 0.10078125 0.14375 0.2015625
0 0.33671875 0.82421875 0.165625 0.3265625
0 0.546875 0.109375 0.1375 0.21875
0 0.71171875 0.09140625 0.1421875 0.1828125
0 0.04921875 0.22421875 0.0984375 0.2640625
0 0.175 0.85078125 0.1625 0.2984375
0 0.60703125 0.75859375 0.1703125 0.3375
0 0.86328125 0.07265625 0.1265625 0.1453125
0 0.70078125 0.73984375 0.175 0.3359375
0 0.96640625 0.65078125 0.0671875 0.3046875
0 0.79375 0.71328125 0.1671875 0.3203125
0 0.89453125 0.68203125 0.1671875 0.3109375
1 0.93984375 0.66640625 0.1203125 0.2953125
0 0.11171875 0.20390625 0.1265625 0.246875
0 0.271875 0.16484375 0.1375 0.24375
0 0.45390625 0.11953125 0.1390625 0.2390625
0 0.7953125 0.08125 0.128125 0.1625
0 0.25625 0.84296875 0.153125 0.3125
0 0.10859375 0.86171875 0.1328125 0.2765625