1 0.4578125 0.77734375 0.10078125 0.3296875
0 0.3625 0.778125 0.09453125 0.33125
0 0.54296875 0.775 0.0890625 0.33828125
0 0.1859375 0.7765625 0.0875 0.31328125
0 0.72578125 0.7671875 0.09453125 0.33203125
0 0.0984375 0.13515625 0.078125 0.2703125
0 0.35625 0.12890625 0.09375 0.253125
0 0.540625 0.1234375 0.09609375 0.246875
0 0.965625 0.75390625 0.06640625 0.3171875
0 0.72109375 0.12265625 0.09609375 0.2453125
0 0.0328125 0.77734375 0.06484375 0.30390625
0 0.88515625 0.12265625 0.0859375 0.2453125
1 0.89375 0.7515625 0.06953125 0.31171875
0 0.18359375 0.1265625 0.07578125 0.253125
0 0.265625 0.12734375 0.0796875 0.24140625
0 0.44609375 0.12265625 0.08828125 0.240625
0 0.62890625 0.11875 0.090625 0.23671875
0 0.80078125 0.12109375 0.0796875 0.24140625
0 0.9609375 0.12265625 0.071875 0.2453125
0 0.63359375 0.7734375 0.09375 0.3078125
0 0.81484375 0.75625 0.08203125 0.31171875
0 0.1046875 0.78046875 0.08203125 0.31328125
0 0.27109375 0.7859375 0.090625 0.325
0 0.0296875 0.12421875 0.05859375 0.2484375