0 0.28515625 0.11484375 0.1109375 0.2296875
0 0.34453125 0.7765625 0.1171875 0.3203125
1 0.43671875 0.77734375 0.11875 0.3234375
0 0.46953125 0.11640625 0.1171875 0.2328125
0 0.73984375 0.1296875 0.10625 0.2359375
0 0.25390625 0.76640625 0.1140625 0.3171875
0 0.65546875 0.12578125 0.1 0.2359375
0 0.825 0.134375 0.1046875 0.2359375
0 0.11953125 0.115625 0.1046875 0.23125
0 0.08828125 0.759375 0.1109375 0.3109375
0 0.53125 0.778125 0.1171875 0.328125
0 0.96796875 0.1421875 0.0640625 0.234375
0 0.6265625 0.7859375 0.121875 0.3265625
0 0.94453125 0.78515625 0.0953125 0.296875
0 0.7234375 0.7859375 0.1171875 0.3109375
0 0.8296875 0.784375 0.11875 0.3015625
1 0.8875 0.78359375 0.09375 0.2890625
0 0.2078125 0.1140625 0.0875 0.228125
0 0.04921875 0.11484375 0.0734375 0.2296875
0 0.3734375 0.115625 0.1 0.23125
0 0.56171875 0.11796875 0.1015625 0.2359375
0 0.91015625 0.140625 0.090625 0.234375
0 0.17109375 0.7625 0.103125 0.3046875
0 0.03046875 0.75625 0.0609375 0.30625