1 0.4484375 0.77578125 0.1125 0.3328125
0 0.353125 0.7734375 0.10625 0.334375
0 0.53359375 0.7765625 0.1015625 0.340625
0 0.1765625 0.765625 0.0984375 0.315625
0 0.71640625 0.775 0.10625 0.334375
0 0.1109375 0.12890625 0.0875 0.2578125
0 0.36875 0.12578125 0.103125 0.2515625
0 0.55390625 0.125 0.1046875 0.25
0 0.95625 0.7703125 0.078125 0.31875
0 0.734375 0.13046875 0.1046875 0.2484375
0 0.03046875 0.7609375 0.0609375 0.30625
0 0.8984375 0.1359375 0.09375 0.2484375
1 0.884375 0.76484375 0.0796875 0.3140625
0 0.196875 0.121875 0.084375 0.24375
0 0.278125 0.1203125 0.0875 0.240625
0 0.459375 0.12109375 0.096875 0.2421875
0 0.6421875 0.1234375 0.0984375 0.2390625
0 0.8140625 0.13203125 0.0875 0.24375
0 0.96640625 0.13828125 0.0671875 0.2484375
0 0.62421875 0.778125 0.1046875 0.3109375
0 0.80546875 0.7671875 0.0921875 0.3140625
0 0.0953125 0.76640625 0.0921875 0.315625
0 0.2609375 0.778125 0.1015625 0.328125
0 0.04296875 0.11640625 0.0671875 0.2328125