0 0.371875 0.1703125 0.08046875 0.2765625
1 0.4421875 0.178125 0.08046875 0.2765625
0 0.146875 0.94140625 0.08984375 0.11171875
0 0.65390625 0.19296875 0.084375 0.26875
0 0.29453125 0.765625 0.07890625 0.27109375
0 0.878125 0.20625 0.0859375 0.26875
0 0.36171875 0.95234375 0.0828125 0.090625
0 0.37265625 0.77265625 0.0828125 0.26875
0 0.2984375 0.16640625 0.07734375 0.27890625
0 0.509375 0.18359375 0.07734375 0.27109375
0 0.51015625 0.9578125 0.08125 0.0796875
0 0.509375 0.78046875 0.07734375 0.27421875
0 0.6515625 0.78984375 0.08046875 0.27109375
0 0.87734375 0.81015625 0.08828125 0.27890625
0 0.7265625 0.79765625 0.08046875 0.27109375
0 0.2171875 0.7578125 0.08125 0.2765625
0 0.94609375 0.2109375 0.0578125 0.253125
0 0.646875 0.9640625 0.08125 0.06640625
0 0.16015625 0.15390625 0.08046875 0.2765625
0 0.79453125 0.19375 0.071875 0.2390625
0 0.07578125 0.7484375 0.0828125 0.26875
1 0.58125 0.78828125 0.07734375 0.27421875
1 0.0875 0.15546875 0.0921875 0.28984375
1 0.23359375 0.1609375 0.07734375 0.27890625
0 0.79453125 0.97109375 0.08984375 0.053125
0 0.72578125 0.20234375 0.05859375 0.26796875
0 0.94375 0.98125 0.08828125 0.03203125
0 0.58203125 0.190625 0.07109375 0.25390625
0 0.4453125 0.7859375 0.06796875 0.265625
0 0.9453125 0.81875 0.05859375 0.26953125
0 0.80078125 0.80234375 0.06171875 0.2328125
0 0.15625 0.7546875 0.0640625 0.2765625
0 0.071875 0.93828125 0.06875 0.1234375
0 0.2234375 0.95 0.0578125 0.09921875
0 0.29765625 0.953125 0.0671875 0.09296875
0 0.43125 0.9625 0.0609375 0.075
0 0.58828125 0.96875 0.06015625 0.0625
0 0.71875 0.96640625 0.059375 0.06640625