0 0.44921875 0.15 0.140625 0.2875
1 0.51640625 0.1734375 0.140625 0.2875
0 0.05625 0.85078125 0.1125 0.1296875
0 0.71875 0.23515625 0.1421875 0.28125
0 0.23984375 0.7125 0.1375 0.28125
0 0.93125 0.2984375 0.1375 0.28125
0 0.26328125 0.909375 0.1015625 0.10625
0 0.31484375 0.73671875 0.140625 0.28125
0 0.378125 0.13671875 0.1375 0.2734375
0 0.58046875 0.19375 0.1359375 0.28125
0 0.40703125 0.9484375 0.096875 0.0953125
0 0.44609375 0.775 0.1375 0.284375
0 0.5828125 0.81640625 0.1390625 0.2828125
0 0.79765625 0.8703125 0.1484375 0.259375
0 0.65390625 0.840625 0.1390625 0.2828125
0 0.16640625 0.6875 0.140625 0.2875
0 0.971875 0.31875 0.05625 0.259375
0 0.5390625 0.971875 0.09375 0.05625
0 0.246875 0.11484375 0.140625 0.2296875
0 0.85625 0.26796875 0.1234375 0.2484375
0 0.05 0.646875 0.1 0.28125
1 0.5140625 0.79921875 0.1375 0.284375
1 0.17578125 0.11171875 0.1546875 0.2234375
1 0.315625 0.1265625 0.1375 0.253125
0 0.78671875 0.2609375 0.1171875 0.275
0 0.64921875 0.2171875 0.1265625 0.2640625
0 0.38203125 0.76640625 0.1265625 0.2734375
0 0.86171875 0.8859375 0.1171875 0.228125
0 0.725 0.8625 0.1125 0.240625
0 0.1078125 0.67109375 0.125 0.284375
0 0.015625 0.83046875 0.03125 0.1359375
0 0.1296875 0.8765625 0.078125 0.109375
0 0.20078125 0.89609375 0.0859375 0.10625
0 0.32890625 0.93515625 0.0765625 0.0875
0 0.48046875 0.96953125 0.0734375 0.0609375
0 0.60859375 0.98203125 0.0734375 0.0359375