0 0.3734375 0.1796875 0.08125 0.284375
1 0.44765625 0.1859375 0.07890625 0.27734375
0 0.653125 0.2015625 0.06640625 0.27734375
1 0.58359375 0.78984375 0.07890625 0.28203125
0 0.51953125 0.19296875 0.06953125 0.284375
0 0.2265625 0.75390625 0.0734375 0.284375
1 0.23515625 0.1671875 0.084375 0.2875
0 0.7953125 0.209375 0.07265625 0.27265625
0 0.44296875 0.77265625 0.078125 0.28515625
0 0.65625 0.796875 0.07734375 0.2671875
0 0.79765625 0.80703125 0.06875 0.275
0 0.16171875 0.159375 0.0859375 0.2921875
0 0.940625 0.2140625 0.06796875 0.2796875
1 0.09609375 0.15625 0.07890625 0.2828125
0 0.58359375 0.1921875 0.065625 0.28515625
0 0.95078125 0.81875 0.090625 0.28828125
0 0.0828125 0.74609375 0.07734375 0.27890625
0 0.725 0.20234375 0.06875 0.2515625
0 0.30546875 0.165625 0.071875 0.28203125
0 0.2953125 0.76953125 0.065625 0.265625
0 0.36953125 0.7734375 0.0578125 0.27421875
0 0.86484375 0.20625 0.07890625 0.2796875
0 0.51015625 0.78046875 0.065625 0.2546875
0 0.7265625 0.8046875 0.065625 0.28359375
0 0.8671875 0.815625 0.06640625 0.271875
0 0.15625 0.75 0.065625 0.27578125