0 0.35703125 0.18671875 0.0953125 0.2875
1 0.43125 0.1890625 0.09375 0.28125
0 0.6375 0.19375 0.08125 0.2796875
1 0.5984375 0.78515625 0.09375 0.2859375
0 0.503125 0.1921875 0.084375 0.2875
0 0.23984375 0.76796875 0.0875 0.2875
1 0.21796875 0.18125 0.1 0.2921875
0 0.7796875 0.19453125 0.0875 0.2765625
0 0.45703125 0.775 0.0921875 0.2890625
0 0.671875 0.78828125 0.090625 0.2703125
0 0.81328125 0.79140625 0.0828125 0.278125
0 0.14453125 0.17734375 0.1015625 0.296875
0 0.925 0.19140625 0.0828125 0.2828125
1 0.07890625 0.178125 0.09375 0.2859375
0 0.5671875 0.18828125 0.0796875 0.2875
0 0.95703125 0.79453125 0.0859375 0.2921875
0 0.09609375 0.76796875 0.0921875 0.2828125
0 0.709375 0.190625 0.08125 0.2546875
0 0.28828125 0.1765625 0.0859375 0.2859375
0 0.309375 0.7796875 0.0796875 0.26875
0 0.384375 0.7796875 0.071875 0.2765625
0 0.84921875 0.1875 0.09375 0.2828125
0 0.525 0.7796875 0.078125 0.2578125
0 0.7421875 0.7921875 0.0796875 0.2859375
0 0.8828125 0.79609375 0.08125 0.275
0 0.16953125 0.76796875 0.0796875 0.278125