0 0.41328125 0.16640625 0.115625 0.2921875
1 0.4859375 0.18203125 0.1125 0.284375
0 0.68828125 0.22265625 0.1 0.2828125
1 0.54765625 0.79765625 0.1125 0.2890625
0 0.55703125 0.19765625 0.103125 0.290625
0 0.19765625 0.71875 0.1078125 0.290625
1 0.2765625 0.1421875 0.11875 0.284375
0 0.82890625 0.24765625 0.1046875 0.2796875
0 0.41015625 0.7640625 0.1125 0.2921875
0 0.61875 0.8140625 0.109375 0.275
0 0.7578125 0.84140625 0.1015625 0.28125
0 0.20546875 0.13515625 0.1203125 0.2703125
0 0.96015625 0.26953125 0.0796875 0.2859375
1 0.140625 0.12734375 0.1125 0.2546875
0 0.6203125 0.2046875 0.1 0.290625
0 0.9078125 0.8609375 0.125 0.278125
0 0.05625 0.69375 0.1109375 0.2859375
0 0.759375 0.23203125 0.0984375 0.2578125
0 0.34765625 0.14453125 0.10625 0.2890625
0 0.2640625 0.7421875 0.096875 0.271875
0 0.3375 0.75546875 0.090625 0.2796875
0 0.89765625 0.253125 0.1125 0.2875
0 0.47578125 0.7796875 0.096875 0.2609375
0 0.6875 0.8296875 0.1 0.2890625
0 0.82578125 0.8578125 0.0984375 0.278125
0 0.128125 0.70625 0.0984375 0.28125