0 0.37734375 0.16796875 0.0859375 0.278125
1 0.44765625 0.17734375 0.0859375 0.278125
0 0.1390625 0.93515625 0.0921875 0.1125
0 0.659375 0.1953125 0.0890625 0.2703125
0 0.28984375 0.76171875 0.084375 0.271875
0 0.8828125 0.21328125 0.090625 0.2703125
0 0.35390625 0.95 0.084375 0.0921875
0 0.36796875 0.7703125 0.0875 0.2703125
0 0.30390625 0.16328125 0.0828125 0.2796875
0 0.51484375 0.18359375 0.0828125 0.271875
0 0.50234375 0.9578125 0.0828125 0.08125
0 0.5046875 0.78046875 0.0828125 0.275
0 0.64609375 0.7921875 0.0859375 0.271875
0 0.871875 0.81640625 0.09375 0.2796875
0 0.72109375 0.8015625 0.0859375 0.271875
0 0.2125 0.753125 0.0859375 0.278125
0 0.95078125 0.21875 0.0625 0.2546875
0 0.6390625 0.96640625 0.0828125 0.0671875
0 0.16640625 0.14765625 0.0859375 0.278125
0 0.8 0.19921875 0.0765625 0.240625
0 0.071875 0.740625 0.0875 0.2703125
1 0.5765625 0.78984375 0.0828125 0.275
1 0.09375 0.1484375 0.096875 0.2921875
1 0.23984375 0.15625 0.0828125 0.2796875
0 0.7859375 0.97421875 0.090625 0.0515625
0 0.73125 0.20625 0.0625 0.26875
0 0.93515625 0.9859375 0.0890625 0.028125
0 0.5875 0.1921875 0.075 0.2546875
0 0.440625 0.78515625 0.071875 0.2671875
0 0.93984375 0.8265625 0.0640625 0.2703125
0 0.7953125 0.8078125 0.065625 0.234375
0 0.1515625 0.7484375 0.06875 0.278125
0 0.0640625 0.93046875 0.0703125 0.125
0 0.215625 0.9453125 0.059375 0.1
0 0.28984375 0.94921875 0.06875 0.09375
0 0.4234375 0.9609375 0.0625 0.0765625
0 0.58046875 0.96875 0.0609375 0.0625
0 0.71015625 0.96796875 0.0609375 0.0640625