0 0.5625 0.88359375 0.246875 0.2203125
0 0.60625 0.70546875 0.24375 0.215625
0 0.771875 0.9125 0.246875 0.175
0 0.10625 0.759375 0.2125 0.2125
0 0.18125 0.41640625 0.2375 0.2109375
0 0.225 0.240625 0.240625 0.2171875
0 0.26640625 0.084375 0.2421875 0.16875
0 0.709375 0.31796875 0.2390625 0.2109375
0 0.13359375 0.58515625 0.2390625 0.215625
0 0.7609375 0.11875 0.23125 0.1796875
0 0.815625 0.759375 0.2390625 0.21875
0 0.86484375 0.58046875 0.24375 0.234375
0 0.9265625 0.17265625 0.146875 0.1828125
0 0.04765625 0.3828125 0.0953125 0.171875
0 0.89453125 0.37265625 0.2109375 0.2484375
0 0.0875 0.20625 0.096875 0.1796875
0 0.02421875 0.546875 0.0484375 0.175
0 0.09609375 0.87734375 0.1921875 0.1140625
1 0.64765625 0.5359375 0.24375 0.21875
0 0.525 0.975 0.20625 0.05