0 0.67734375 0.8453125 0.221875 0.1890625
0 0.6640625 0.6625 0.21875 0.1859375
0 0.89140625 0.83046875 0.2171875 0.1890625
0 0.19453125 0.871875 0.2125 0.1828125
0 0.17109375 0.51875 0.215625 0.1796875
0 0.1578125 0.33828125 0.215625 0.1875
0 0.1421875 0.15546875 0.2171875 0.184375
0 0.64296875 0.26171875 0.215625 0.1796875
0 0.17734375 0.69375 0.2140625 0.184375
0 0.63046875 0.065625 0.2140625 0.13125
0 0.8796875 0.64921875 0.2140625 0.1890625
0 0.871875 0.4640625 0.215625 0.2046875
0 0.8390625 0.0609375 0.2 0.121875
0 0.0546875 0.87890625 0.071875 0.1765625
0 0.034375 0.5296875 0.06875 0.165625
0 0.85234375 0.2515625 0.215625 0.21875
0 0.02578125 0.3484375 0.0515625 0.175
0 0.06328125 0.98125 0.0640625 0.0375
0 0.040625 0.6984375 0.065625 0.1703125
0 0.2140625 0.975 0.225 0.05
1 0.6515625 0.48828125 0.21875 0.1875
0 0.89921875 0.94921875 0.2015625 0.0578125
0 0.678125 0.96484375 0.2046875 0.0609375