0 0.190625 0.56015625 0.05546875 0.153125
0 0.3109375 0.55703125 0.06328125 0.159375
1 0.184375 0.17421875 0.05703125 0.1234375
1 0.29140625 0.18046875 0.05859375 0.11640625
0 0.32734375 0.84296875 0.06484375 0.15625
1 0.41015625 0.3 0.05859375 0.1203125
1 0.46875 0.30234375 0.05546875 0.11953125
1 0.3453125 0.1796875 0.05703125 0.12109375
0 0.60859375 0.56328125 0.0578125 0.15078125
0 0.66171875 0.56796875 0.0703125 0.14609375
1 0.25390625 0.5609375 0.06328125 0.14609375
1 0.55859375 0.18984375 0.0609375 0.1203125
1 0.4546875 0.1859375 0.0625 0.12109375
0 0.0234375 0.8453125 0.046875 0.128125
0 0.0734375 0.84921875 0.05234375 0.146875
1 0.48984375 0.5671875 0.06953125 0.14609375
0 0.13046875 0.296875 0.06015625 0.12890625
1 0.521875 0.30625 0.0515625 0.11484375
1 0.5734375 0.30859375 0.06484375 0.12265625
0 0.62578125 0.309375 0.06015625 0.1234375
0 0.18828125 0.29921875 0.059375 0.1265625
0 0.68125 0.31171875 0.053125 0.11796875
1 0.73046875 0.31328125 0.0578125 0.1265625
0 0.546875 0.5671875 0.0671875 0.14609375
0 0.50546875 0.18671875 0.06015625 0.11640625
0 0.4015625 0.1796875 0.06015625 0.1234375
0 0.5828125 0.84296875 0.0703125 0.14375
0 0.3546875 0.3015625 0.0625 0.13125
0 0.7828125 0.3140625 0.0578125 0.12265625
0 0.71640625 0.1890625 0.0578125 0.11875
1 0.61328125 0.1890625 0.053125 0.11484375
1 0.6640625 0.1921875 0.05859375 0.11640625
1 0.95703125 0.20859375 0.0578125 0.1203125
0 0.24296875 0.29921875 0.059375 0.12890625
1 0.07578125 0.5609375 0.07265625 0.15625
0 0.45234375 0.8453125 0.05859375 0.14921875
0 0.77734375 0.5671875 0.07265625 0.1484375
1 0.88515625 0.3203125 0.0578125 0.12265625
0 0.8359375 0.3140625 0.0578125 0.1234375
1 0.76484375 0.18515625 0.04921875 0.10703125
1 0.8125 0.196875 0.0546875 0.11640625
0 0.93515625 0.321875 0.0625 0.1265625
1 0.2625 0.84609375 0.0640625 0.15234375
1 0.13125 0.84921875 0.0421875 0.14140625
0 0.6984375 0.8453125 0.0703125 0.1484375
0 0.83203125 0.56484375 0.04609375 0.14140625
0 0.88828125 0.56328125 0.059375 0.15546875
1 0.2359375 0.17734375 0.05390625 0.1171875
0 0.9671875 0.82734375 0.0625 0.1421875
1 0.86484375 0.20625 0.0453125 0.13203125
0 0.9109375 0.20234375 0.0546875 0.12265625
0 0.13203125 0.171875 0.0546875 0.12109375
0 0.1703125 0.8546875 0.05859375 0.1515625
1 0.371875 0.559375 0.053125 0.1640625
1 0.07265625 0.296875 0.0625 0.12890625
0 0.94609375 0.57734375 0.040625 0.12890625
0 0.07421875 0.175 0.05703125 0.1171875
0 0.29921875 0.2984375 0.05859375 0.1171875
0 0.98359375 0.325 0.0328125 0.11640625
0 0.71875 0.5609375 0.053125 0.1421875
1 0.4265625 0.5640625 0.0609375 0.1484375
1 0.13671875 0.546875 0.06171875 0.14296875
0 0.38828125 0.834375 0.0625 0.13125
0 0.753125 0.8390625 0.06171875 0.13203125
0 0.81953125 0.82734375 0.06875 0.12890625