0 0.18515625 0.4890625 0.0890625 0.1609375
0 0.303125 0.51328125 0.096875 0.16875
1 0.265625 0.11171875 0.0828125 0.1328125
1 0.36875 0.14140625 0.0828125 0.1265625
0 0.2546875 0.7953125 0.0984375 0.1671875
1 0.4578125 0.28515625 0.084375 0.1296875
1 0.5140625 0.3 0.08125 0.1296875
1 0.42109375 0.153125 0.0828125 0.13125
0 0.59140625 0.5859375 0.090625 0.159375
0 0.6421875 0.60234375 0.1015625 0.1578125
1 0.246875 0.50390625 0.09375 0.15625
1 0.6265625 0.2109375 0.0859375 0.13125
1 0.5265625 0.18359375 0.0875 0.1328125
0 0.0234375 0.74453125 0.046875 0.1546875
1 0.475 0.56328125 0.1 0.1578125
0 0.1859375 0.21875 0.0875 0.1390625
1 0.56484375 0.31640625 0.0765625 0.1234375
1 0.61484375 0.3296875 0.090625 0.134375
0 0.665625 0.3421875 0.0859375 0.134375
0 0.24140625 0.234375 0.0859375 0.1359375
0 0.71875 0.35703125 0.078125 0.1265625
1 0.76640625 0.36953125 0.084375 0.1359375
0 0.53046875 0.57578125 0.0984375 0.1578125
0 0.57578125 0.19609375 0.084375 0.1265625
0 0.47578125 0.165625 0.0859375 0.134375
0 0.50390625 0.853125 0.1015625 0.15625
0 0.403125 0.27421875 0.090625 0.1421875
0 0.8171875 0.3828125 0.084375 0.1328125
0 0.78046875 0.24609375 0.0828125 0.128125
1 0.68046875 0.22265625 0.078125 0.1234375
1 0.72890625 0.23671875 0.0828125 0.1265625
1 0.984375 0.31796875 0.03125 0.1296875
0 0.29453125 0.246875 0.0875 0.1390625
1 0.07265625 0.4640625 0.10625 0.16875
0 0.37578125 0.82578125 0.090625 0.1578125
0 0.75546875 0.628125 0.1046875 0.1609375
1 0.915625 0.41171875 0.084375 0.1328125
0 0.86953125 0.39453125 0.084375 0.1328125
1 0.82890625 0.253125 0.071875 0.115625
1 0.87265625 0.275 0.0796875 0.125
0 0.959375 0.4234375 0.08125 0.1375
1 0.190625 0.78359375 0.096875 0.1625
1 0.0625 0.75703125 0.0734375 0.146875
0 0.615625 0.88125 0.1015625 0.1609375
0 0.80859375 0.6375 0.0765625 0.1484375
0 0.8640625 0.64921875 0.0921875 0.1640625
1 0.315625 0.1265625 0.078125 0.1265625
0 0.88046875 0.9234375 0.0921875 0.153125
1 0.921875 0.29609375 0.0734375 0.1390625
0 0.96328125 0.3015625 0.0734375 0.13125
0 0.215625 0.09765625 0.08125 0.1296875
0 0.09921875 0.77109375 0.090625 0.1609375
1 0.36171875 0.52890625 0.0890625 0.171875
1 0.1296875 0.20625 0.090625 0.1390625
0 0.9171875 0.67578125 0.06875 0.134375
0 0.15859375 0.0875 0.08125 0.1265625
0 0.35 0.25859375 0.0828125 0.128125
0 0.990625 0.43828125 0.01875 0.1203125
0 0.69921875 0.60859375 0.084375 0.15
1 0.4140625 0.54609375 0.0921875 0.1578125
1 0.13515625 0.4640625 0.0921875 0.153125
0 0.315625 0.80078125 0.090625 0.1421875
0 0.6703125 0.8875 0.0890625 0.1421875
0 0.7375 0.890625 0.0953125 0.140625