0 0.1859375 0.52734375 0.071875 0.1578125
0 0.30625 0.53671875 0.0796875 0.165625
1 0.2203125 0.14296875 0.0703125 0.128125
1 0.32578125 0.16015625 0.0703125 0.121875
0 0.2921875 0.82265625 0.08125 0.1625
1 0.43125 0.29140625 0.0703125 0.125
1 0.48984375 0.3 0.0671875 0.125
1 0.3796875 0.165625 0.06875 0.1265625
0 0.6015625 0.57421875 0.0734375 0.15625
0 0.65390625 0.584375 0.0859375 0.153125
1 0.24921875 0.53515625 0.078125 0.1515625
1 0.590625 0.19765625 0.0734375 0.1265625
1 0.4875 0.1828125 0.075 0.1265625
0 0.009375 0.79296875 0.01875 0.1328125
0 0.0390625 0.80234375 0.0671875 0.1515625
1 0.4828125 0.565625 0.084375 0.153125
0 0.15390625 0.259375 0.0734375 0.134375
1 0.5421875 0.309375 0.0640625 0.1203125
1 0.59296875 0.3171875 0.0765625 0.128125
0 0.6453125 0.3234375 0.0734375 0.1296875
0 0.2109375 0.26796875 0.071875 0.1328125
0 0.7 0.33203125 0.065625 0.1234375
1 0.7484375 0.33828125 0.0703125 0.13125
0 0.53984375 0.571875 0.0828125 0.1515625
0 0.53828125 0.1890625 0.071875 0.121875
0 0.4359375 0.17109375 0.0734375 0.1296875
0 0.546875 0.85 0.084375 0.15
0 0.3765625 0.2875 0.0765625 0.1375
0 0.80078125 0.34453125 0.0703125 0.128125
0 0.74765625 0.21328125 0.0703125 0.1234375
1 0.6453125 0.20234375 0.0640625 0.1203125
1 0.6953125 0.2109375 0.0703125 0.121875
1 0.975 0.2578125 0.05 0.125
0 0.265625 0.2734375 0.071875 0.134375
1 0.071875 0.51640625 0.0890625 0.1625
0 0.41640625 0.83828125 0.0734375 0.1546875
0 0.76875 0.59609375 0.0875 0.1546875
1 0.9015625 0.36171875 0.0703125 0.128125
0 0.85390625 0.35 0.0703125 0.128125
1 0.79609375 0.21484375 0.059375 0.1109375
1 0.8421875 0.23125 0.0671875 0.121875
0 0.9515625 0.36796875 0.075 0.1328125
1 0.22734375 0.81953125 0.0796875 0.1578125
1 0.096875 0.80859375 0.05625 0.1453125
0 0.6609375 0.8640625 0.0859375 0.1546875
0 0.8234375 0.59921875 0.0609375 0.1453125
0 0.8796875 0.60390625 0.075 0.1609375
1 0.27109375 0.1515625 0.065625 0.121875
0 0.93046875 0.87421875 0.0765625 0.1484375
1 0.89375 0.24609375 0.059375 0.1359375
0 0.93984375 0.246875 0.0671875 0.128125
0 0.16796875 0.13515625 0.0671875 0.1265625
0 0.13515625 0.81796875 0.0734375 0.15625
1 0.36640625 0.5453125 0.0703125 0.16875
1 0.09609375 0.253125 0.075 0.134375
0 0.9359375 0.6234375 0.053125 0.1328125
0 0.11015625 0.13203125 0.06875 0.121875
0 0.32109375 0.27890625 0.0703125 0.1234375
0 0.98828125 0.3765625 0.0234375 0.11875
0 0.7109375 0.58359375 0.0671875 0.146875
1 0.4203125 0.55625 0.0765625 0.1546875
1 0.13359375 0.50859375 0.0765625 0.1484375
0 0.35390625 0.82109375 0.0765625 0.1375
0 0.71640625 0.86328125 0.075 0.1375
0 0.78359375 0.85859375 0.08125 0.1359375