1 0.59921875 0.77265625 0.1046875 0.2640625
0 0.39453125 0.7984375 0.10625 0.2546875
0 0.784375 0.05 0.096875 0.1
1 0.80625 0.7484375 0.10625 0.271875
0 0.68984375 0.93515625 0.0828125 0.1
0 0.4125 0.95703125 0.0875 0.0859375
0 0.6203125 0.9421875 0.0828125 0.1
0 0.2484375 0.8140625 0.11875 0.2609375
0 0.48359375 0.953125 0.0828125 0.09375
1 0.73359375 0.22109375 0.1015625 0.25625
1 0.396875 0.2484375 0.1015625 0.25625
0 0.43984375 0.06484375 0.0859375 0.128125
0 0.66953125 0.765625 0.10625 0.2671875
0 0.75859375 0.92890625 0.0875 0.0953125
0 0.20625 0.96796875 0.090625 0.0640625
0 0.80625 0.2125 0.1046875 0.2546875
0 0.5515625 0.94921875 0.0828125 0.1
0 0.57734375 0.059375 0.0859375 0.11875
0 0.60078125 0.23203125 0.1046875 0.259375
0 0.32890625 0.25703125 0.103125 0.253125
0 0.11640625 0.27890625 0.115625 0.271875
0 0.16953125 0.09140625 0.090625 0.125
0 0.3078125 0.07890625 0.090625 0.1296875
0 0.8765625 0.74296875 0.1171875 0.278125
0 0.83515625 0.92109375 0.0984375 0.096875
0 0.959375 0.90703125 0.08125 0.0984375
0 0.034375 0.1078125 0.06875 0.125
0 0.25625 0.26328125 0.1046875 0.25625
1 0.8984375 0.91328125 0.0828125 0.1
0 0.0953125 0.83671875 0.10625 0.253125
1 0.34453125 0.96015625 0.0890625 0.0796875
0 0.04609375 0.27890625 0.0921875 0.2453125
0 0.18828125 0.27109375 0.1 0.2453125
0 0.53203125 0.24921875 0.09375 0.2453125
0 0.6703125 0.228125 0.0859375 0.246875
0 0.88359375 0.20625 0.0875 0.246875
0 0.95 0.7390625 0.0875 0.278125
0 0.46171875 0.78984375 0.0890625 0.24375
0 0.32421875 0.8046875 0.090625 0.2578125
0 0.178125 0.82421875 0.1046875 0.25
0 0.74140625 0.7546875 0.090625 0.2546875
1 0.53046875 0.78125 0.0921875 0.2546875
1 0.46640625 0.24921875 0.0890625 0.2671875
0 0.0984375 0.09453125 0.0796875 0.115625
0 0.2359375 0.0796875 0.071875 0.115625
0 0.37109375 0.06953125 0.0796875 0.1234375
0 0.5078125 0.06171875 0.078125 0.1234375
0 0.64375 0.05546875 0.065625 0.1109375
0 0.7109375 0.04921875 0.075 0.0984375
0 0.8625 0.04453125 0.090625 0.0890625
0 0.121875 0.97421875 0.071875 0.0515625
0 0.27734375 0.96875 0.0703125 0.0625