1 0.571875 0.7859375 0.07421875 0.24765625
0 0.64296875 0.78671875 0.07421875 0.25
0 0.36328125 0.784375 0.078125 0.24375
0 0.1453125 0.7890625 0.08671875 0.24609375
0 0.43359375 0.7859375 0.07109375 0.23984375
0 0.48671875 0.0609375 0.0734375 0.121875
0 0.64296875 0.95390625 0.071875 0.08828125
0 0.83203125 0.0640625 0.07890625 0.128125
0 0.7125 0.9546875 0.071875 0.0859375
0 0.57421875 0.95390625 0.071875 0.08828125
0 0.4359375 0.9546875 0.07109375 0.0859375
0 0.35546875 0.2390625 0.0734375 0.2421875
0 0.13984375 0.2359375 0.0796875 0.24765625
0 0.55703125 0.0609375 0.07578125 0.121875
0 0.36640625 0.9546875 0.071875 0.0859375
0 0.28203125 0.2359375 0.078125 0.24375
0 0.50546875 0.9546875 0.0734375 0.0859375
1 0.77890625 0.784375 0.07109375 0.25625
0 0.21328125 0.059375 0.0734375 0.11796875
0 0.28359375 0.059375 0.0734375 0.11796875
0 0.1421875 0.05703125 0.078125 0.1140625
0 0.22578125 0.9546875 0.0765625 0.0859375
0 0.41953125 0.0609375 0.0703125 0.121875
0 0.834375 0.24296875 0.0796875 0.234375
0 0.84921875 0.7859375 0.0796875 0.26015625
0 0.35234375 0.0609375 0.07578125 0.121875
0 0.69765625 0.240625 0.0734375 0.23828125
1 0.7625 0.240625 0.0734375 0.23828125
0 0.71015625 0.78515625 0.06875 0.25
0 0.78515625 0.9546875 0.08125 0.0859375
0 0.15546875 0.9546875 0.078125 0.0859375
0 0.628125 0.240625 0.0765625 0.23828125
0 0.6921875 0.06328125 0.07578125 0.12578125
0 0.0640625 0.05703125 0.09296875 0.1140625
0 0.559375 0.240625 0.071875 0.23828125
1 0.50234375 0.78828125 0.0734375 0.24375
0 0.08359375 0.9546875 0.07890625 0.0859375
0 0.928125 0.9546875 0.09140625 0.0859375
0 0.91875 0.784375 0.07109375 0.25625
1 0.49140625 0.2390625 0.07578125 0.2421875
1 0.421875 0.23828125 0.07109375 0.23984375
1 0.85234375 0.9546875 0.06875 0.0859375
0 0.07109375 0.2296875 0.06640625 0.26015625
0 0.296875 0.9546875 0.0765625 0.0859375
0 0.909375 0.24296875 0.07890625 0.2421875
0 0.21328125 0.23671875 0.06953125 0.228125
0 0.76171875 0.06640625 0.0640625 0.13203125
0 0.6265625 0.06640625 0.06015625 0.13203125
0 0.90234375 0.06328125 0.0796875 0.12578125
0 0.22734375 0.79140625 0.07421875 0.23125
0 0.29296875 0.790625 0.0640625 0.24765625
0 0.07109375 0.78515625 0.090625 0.2484375