1 0.61328125 0.76640625 0.11875 0.2671875
0 0.41015625 0.80390625 0.11875 0.2578125
0 0.759375 0.04296875 0.103125 0.0859375
1 0.81875 0.73203125 0.1203125 0.275
0 0.71171875 0.92421875 0.0875 0.103125
0 0.43828125 0.9578125 0.0921875 0.084375
0 0.64296875 0.93515625 0.0875 0.103125
0 0.265625 0.8265625 0.13125 0.2640625
0 0.5078125 0.95234375 0.0875 0.0953125
1 0.71875 0.209375 0.1140625 0.259375
1 0.38359375 0.25390625 0.1140625 0.259375
0 0.4171875 0.06875 0.0921875 0.13125
0 0.6828125 0.75625 0.11875 0.26875
0 0.78125 0.91484375 0.090625 0.1
0 0.23203125 0.97421875 0.0953125 0.0515625
0 0.790625 0.196875 0.1171875 0.2578125
0 0.57578125 0.94609375 0.0875 0.103125
0 0.55390625 0.05859375 0.0921875 0.1171875
0 0.58671875 0.2265625 0.1171875 0.2609375
0 0.31640625 0.26640625 0.115625 0.2546875
0 0.10546875 0.29921875 0.1296875 0.275
0 0.1484375 0.109375 0.096875 0.128125
0 0.2859375 0.0890625 0.096875 0.1328125
0 0.8890625 0.7234375 0.1296875 0.28125
0 0.85625 0.903125 0.1015625 0.1015625
0 0.96875 0.88125 0.0625 0.103125
0 0.02578125 0.13359375 0.0515625 0.1296875
0 0.24375 0.2765625 0.1171875 0.259375
1 0.91953125 0.89140625 0.0875 0.103125
0 0.1140625 0.8578125 0.11875 0.25625
1 0.3703125 0.96328125 0.09375 0.0734375
0 0.04375 0.303125 0.0875 0.246875
0 0.1765625 0.2875 0.1109375 0.2484375
0 0.51875 0.24765625 0.1046875 0.246875
0 0.65546875 0.21953125 0.0984375 0.2484375
0 0.86796875 0.1859375 0.1 0.2484375
0 0.95546875 0.715625 0.0890625 0.278125
0 0.4765625 0.79140625 0.1 0.246875
0 0.33984375 0.81328125 0.103125 0.259375
0 0.1953125 0.840625 0.115625 0.253125
0 0.75390625 0.74140625 0.103125 0.25625
1 0.5453125 0.77890625 0.1046875 0.25625
1 0.453125 0.25078125 0.103125 0.26875
0 0.07734375 0.11640625 0.084375 0.11875
0 0.2140625 0.09453125 0.0765625 0.1171875
0 0.3484375 0.07734375 0.084375 0.1265625
0 0.48515625 0.0625 0.0828125 0.125
0 0.6203125 0.05234375 0.071875 0.1046875
0 0.6875 0.0453125 0.08125 0.090625
0 0.8359375 0.03671875 0.096875 0.0734375
0 0.14921875 0.9828125 0.0765625 0.034375
0 0.303125 0.9734375 0.075 0.053125