1 0.5703125 0.78125 0.07890625 0.2578125
0 0.3640625 0.7859375 0.08125 0.24765625
0 0.83203125 0.0640625 0.08359375 0.128125
1 0.77890625 0.77890625 0.0796875 0.265625
0 0.64296875 0.95234375 0.07421875 0.0921875
0 0.365625 0.95234375 0.078125 0.0921875
0 0.5734375 0.95234375 0.0734375 0.0921875
0 0.2171875 0.7859375 0.0921875 0.25234375
0 0.4359375 0.95234375 0.0734375 0.0921875
1 0.76171875 0.246875 0.0765625 0.25
1 0.4234375 0.2390625 0.07578125 0.25
0 0.4859375 0.0609375 0.0734375 0.121875
0 0.640625 0.78203125 0.07890625 0.26015625
0 0.7125 0.95390625 0.078125 0.08828125
0 0.15703125 0.95234375 0.08203125 0.0921875
0 0.834375 0.24609375 0.0796875 0.24765625
0 0.5046875 0.95234375 0.0734375 0.0921875
0 0.6234375 0.06328125 0.0734375 0.12578125
0 0.628125 0.24375 0.078125 0.25234375
0 0.35546875 0.240625 0.078125 0.24609375
0 0.14140625 0.23984375 0.0890625 0.2640625
0 0.2140625 0.059375 0.07890625 0.11796875
0 0.353125 0.0609375 0.07890625 0.121875
0 0.84921875 0.78125 0.0890625 0.2703125
0 0.7890625 0.95390625 0.0890625 0.08828125
0 0.92734375 0.95390625 0.096875 0.08828125
0 0.05859375 0.06015625 0.096875 0.115625
0 0.28203125 0.2390625 0.0796875 0.25
1 0.853125 0.95234375 0.0734375 0.0921875
0 0.0625 0.79296875 0.08125 0.24609375
1 0.296875 0.95234375 0.0796875 0.0921875
0 0.071875 0.2328125 0.06953125 0.2390625
0 0.2140625 0.23984375 0.075 0.2390625
0 0.5578125 0.25390625 0.06875 0.23984375
0 0.69765625 0.24765625 0.0609375 0.24140625
0 0.9125 0.24765625 0.0625 0.24140625
0 0.92265625 0.78515625 0.059375 0.27265625
0 0.43125 0.784375 0.0640625 0.2390625
0 0.29296875 0.784375 0.0640625 0.253125
0 0.14609375 0.7890625 0.07890625 0.24375
0 0.71328125 0.778125 0.065625 0.2484375
1 0.50078125 0.7828125 0.06640625 0.24921875
1 0.49296875 0.246875 0.0625 0.26171875
0 0.14296875 0.0546875 0.06796875 0.109375
0 0.28125 0.0546875 0.0609375 0.109375
0 0.41640625 0.05859375 0.0671875 0.1171875
0 0.5546875 0.06171875 0.06484375 0.1234375
0 0.69140625 0.06328125 0.05234375 0.12578125
0 0.759375 0.0609375 0.06328125 0.12109375
0 0.91015625 0.06328125 0.078125 0.1265625
0 0.07265625 0.9546875 0.06328125 0.090625
0 0.22890625 0.9578125 0.0625 0.084375