1 0.5765625 0.784375 0.078125 0.2484375
0 0.64765625 0.784375 0.078125 0.2515625
0 0.36796875 0.78671875 0.0828125 0.2453125
0 0.15078125 0.7953125 0.090625 0.246875
0 0.43828125 0.78671875 0.075 0.240625
0 0.478125 0.0609375 0.075 0.121875
0 0.65078125 0.9515625 0.0734375 0.0890625
0 0.8234375 0.06171875 0.08125 0.1234375
0 0.7203125 0.95078125 0.0734375 0.0875
0 0.58203125 0.95234375 0.0734375 0.0890625
0 0.44375 0.95546875 0.071875 0.0875
0 0.35078125 0.24140625 0.078125 0.24375
0 0.13515625 0.2421875 0.084375 0.2484375
0 0.5484375 0.0609375 0.078125 0.121875
0 0.37421875 0.95625 0.0734375 0.0875
0 0.27734375 0.23984375 0.0828125 0.2453125
0 0.51328125 0.9546875 0.075 0.0875
1 0.78359375 0.7796875 0.075 0.2578125
0 0.20546875 0.0640625 0.075 0.11875
0 0.27578125 0.06328125 0.075 0.11875
0 0.134375 0.06328125 0.0796875 0.115625
0 0.2328125 0.9578125 0.078125 0.084375
0 0.41171875 0.0625 0.071875 0.1234375
0 0.8296875 0.2375 0.084375 0.2359375
0 0.85390625 0.7796875 0.084375 0.2609375
0 0.34453125 0.06328125 0.078125 0.1234375
0 0.69296875 0.2375 0.078125 0.2390625
1 0.7578125 0.2359375 0.078125 0.2390625
0 0.71484375 0.78125 0.0734375 0.2515625
0 0.79296875 0.95 0.0828125 0.0875
0 0.16328125 0.95859375 0.0796875 0.0828125
0 0.6234375 0.23828125 0.08125 0.2390625
0 0.684375 0.06171875 0.078125 0.1234375
0 0.05625 0.06484375 0.0953125 0.115625
0 0.5546875 0.23984375 0.0765625 0.2390625
1 0.50703125 0.78828125 0.078125 0.2453125
0 0.09140625 0.95859375 0.0796875 0.0828125
0 0.9359375 0.946875 0.0921875 0.0875
0 0.9234375 0.77734375 0.075 0.2578125
1 0.48671875 0.2390625 0.0796875 0.24375
1 0.4171875 0.23984375 0.075 0.240625
1 0.86015625 0.9484375 0.0703125 0.0875
0 0.06640625 0.2375 0.0703125 0.2609375
0 0.3046875 0.95703125 0.078125 0.0859375
0 0.9046875 0.2359375 0.0828125 0.24375
0 0.20859375 0.24140625 0.0734375 0.2296875
0 0.753125 0.0640625 0.065625 0.128125
0 0.61875 0.06484375 0.0625 0.1296875
0 0.89375 0.059375 0.08125 0.11875
0 0.2328125 0.79609375 0.078125 0.2328125
0 0.2984375 0.79453125 0.06875 0.2484375
0 0.07578125 0.79296875 0.0953125 0.25