1 0.596875 0.77890625 0.0953125 0.253125
0 0.6671875 0.7734375 0.0953125 0.25625
0 0.38828125 0.7953125 0.0984375 0.25
0 0.171875 0.81875 0.1078125 0.253125
0 0.45859375 0.790625 0.0921875 0.2453125
0 0.4484375 0.0640625 0.084375 0.128125
0 0.68203125 0.93984375 0.0796875 0.09375
0 0.79296875 0.0515625 0.0890625 0.103125
0 0.7515625 0.934375 0.0796875 0.0921875
0 0.61328125 0.94609375 0.0796875 0.09375
0 0.475 0.95625 0.078125 0.0875
0 0.33359375 0.25234375 0.09375 0.2484375
0 0.11796875 0.26796875 0.1015625 0.253125
0 0.51796875 0.0609375 0.0859375 0.121875
0 0.40546875 0.959375 0.0796875 0.08125
0 0.26015625 0.25625 0.0984375 0.25
0 0.5453125 0.95234375 0.08125 0.0921875
1 0.80234375 0.759375 0.09375 0.2609375
0 0.17578125 0.0859375 0.0828125 0.1234375
0 0.24609375 0.0796875 0.0828125 0.1234375
0 0.1046875 0.08984375 0.0875 0.1203125
0 0.265625 0.96484375 0.084375 0.0703125
0 0.38125 0.06953125 0.08125 0.128125
0 0.8109375 0.21484375 0.1 0.240625
0 0.87265625 0.7546875 0.1015625 0.265625
0 0.31484375 0.07578125 0.0859375 0.128125
0 0.67421875 0.22421875 0.09375 0.24375
1 0.7390625 0.21875 0.09375 0.24375
0 0.734375 0.765625 0.090625 0.2546875
0 0.8234375 0.928125 0.0890625 0.0921875
0 0.19609375 0.96796875 0.0859375 0.0640625
0 0.6046875 0.23046875 0.096875 0.24375
0 0.65234375 0.05703125 0.0859375 0.1140625
0 0.0390625 0.096875 0.078125 0.121875
0 0.53671875 0.23671875 0.0921875 0.24375
1 0.52734375 0.78671875 0.09375 0.25
0 0.12421875 0.97109375 0.0859375 0.0578125
0 0.95859375 0.915625 0.0828125 0.09375
0 0.9421875 0.746875 0.09375 0.2609375
1 0.46875 0.240625 0.096875 0.2484375
1 0.39921875 0.24609375 0.0921875 0.2453125
1 0.890625 0.921875 0.0765625 0.0921875
0 0.04921875 0.26796875 0.0890625 0.265625
0 0.3375 0.96171875 0.084375 0.0765625
0 0.88515625 0.20859375 0.1 0.2484375
0 0.19140625 0.2625 0.0890625 0.2328125
0 0.721875 0.05703125 0.075 0.1140625
0 0.5875 0.0625 0.071875 0.125
0 0.8625 0.04765625 0.090625 0.0953125
0 0.25390625 0.8140625 0.09375 0.2375
0 0.31875 0.8078125 0.0859375 0.2515625
0 0.09765625 0.82109375 0.1125 0.2546875