0 0.646875 0.80625 0.1 0.29140625
0 0.046875 0.1578125 0.09375 0.315625
0 0.646875 0.1765625 0.1 0.2859375
0 0.5484375 0.8171875 0.096875 0.28828125
0 0.7453125 0.80390625 0.1 0.2828125
0 0.14296875 0.81171875 0.1140625 0.3265625
0 0.54609375 0.1765625 0.10234375 0.27890625
0 0.8453125 0.81171875 0.09609375 0.28828125
0 0.746875 0.1734375 0.09921875 0.28984375
0 0.846875 0.18359375 0.10234375 0.27578125
0 0.44765625 0.81171875 0.10234375 0.2953125
0 0.14375 0.16640625 0.10703125 0.32890625
0 0.4453125 0.1765625 0.10390625 0.28984375
0 0.346875 0.16875 0.10234375 0.30234375
1 0.25078125 0.8265625 0.10390625 0.28984375
0 0.94765625 0.17109375 0.103125 0.31484375
0 0.246875 0.16328125 0.10625 0.3125
0 0.93984375 0.809375 0.0921875 0.2828125
0 0.34921875 0.81171875 0.09765625 0.30546875
0 0.03984375 0.80390625 0.07890625 0.32890625