0 0.625 0.815625 0.1203125 0.2984375
0 0.071875 0.14375 0.115625 0.2875
0 0.66875 0.1875 0.1203125 0.2921875
0 0.5265625 0.81953125 0.1171875 0.29375
0 0.7234375 0.8203125 0.11875 0.2890625
0 0.121875 0.7859375 0.1359375 0.334375
0 0.56875 0.18046875 0.121875 0.2859375
0 0.82265625 0.83515625 0.115625 0.29375
0 0.76875 0.19140625 0.11875 0.2953125
0 0.86796875 0.20859375 0.121875 0.2828125
0 0.42578125 0.80703125 0.1234375 0.3015625
0 0.16796875 0.1546875 0.1296875 0.309375
0 0.46796875 0.1734375 0.1234375 0.296875
0 0.3703125 0.15859375 0.1234375 0.309375
1 0.22890625 0.80859375 0.1234375 0.296875
0 0.953125 0.203125 0.09375 0.321875
0 0.2703125 0.15234375 0.128125 0.3046875
0 0.9171875 0.8390625 0.1109375 0.2890625
0 0.328125 0.80078125 0.11875 0.3109375
0 0.03515625 0.7703125 0.0703125 0.334375