0 0.6140625 0.8203125 0.1296875 0.3
0 0.08515625 0.13671875 0.1265625 0.2734375
0 0.6796875 0.19375 0.1296875 0.2953125
0 0.51484375 0.8203125 0.1265625 0.296875
0 0.7125 0.828125 0.1296875 0.2921875
0 0.1125 0.77265625 0.146875 0.3359375
0 0.5796875 0.1828125 0.13125 0.2875
0 0.8109375 0.84609375 0.125 0.296875
0 0.7796875 0.20078125 0.1296875 0.2984375
0 0.878125 0.221875 0.13125 0.284375
0 0.415625 0.8046875 0.1328125 0.3046875
0 0.1796875 0.15 0.140625 0.3
0 0.4796875 0.17265625 0.134375 0.2984375
0 0.38203125 0.1546875 0.1328125 0.309375
1 0.21796875 0.7984375 0.134375 0.2984375
0 0.95546875 0.21953125 0.0890625 0.3234375
0 0.28359375 0.14921875 0.1390625 0.2984375
0 0.90546875 0.85390625 0.121875 0.290625
0 0.3171875 0.79453125 0.1296875 0.3140625
0 0.03359375 0.75390625 0.0671875 0.3359375