1 0.384375 0.86640625 0.190625 0.2671875
1 0.3109375 0.17421875 0.190625 0.2953125
1 0.80625 0.7734375 0.1890625 0.2984375
0 0.52734375 0.56796875 0.1859375 0.2921875
0 0.2109375 0.65234375 0.18125 0.290625
1 0.6234375 0.12265625 0.19375 0.2453125
0 0.1 0.23125 0.1859375 0.2953125
1 0.04375 0.25859375 0.0875 0.2953125
0 0.3171875 0.62578125 0.184375 0.2890625
0 0.28046875 0.87734375 0.1890625 0.2453125
0 0.41875 0.5984375 0.1828125 0.2890625
0 0.4125 0.15 0.190625 0.3
0 0.63125 0.53984375 0.1875 0.2921875
1 0.92265625 0.45703125 0.1546875 0.2984375
0 0.90625 0.73984375 0.1875 0.3078125
0 0.8390625 0.484375 0.190625 0.2984375
0 0.7015625 0.80078125 0.190625 0.3046875
0 0.72734375 0.11015625 0.1921875 0.2203125
0 0.59453125 0.825 0.190625 0.3015625
1 0.20390625 0.2 0.16875 0.2796875
0 0.51875 0.13984375 0.16875 0.2796875
0 0.83515625 0.09375 0.1765625 0.1875
1 0.49375 0.85546875 0.171875 0.2890625
0 0.73828125 0.50703125 0.1703125 0.2765625
0 0.96640625 0.7125 0.0671875 0.278125