1 0.225 0.7875 0.178125 0.29375
1 0.478125 0.13515625 0.178125 0.2703125
1 0.64765625 0.8671875 0.1765625 0.265625
0 0.49296875 0.57265625 0.1734375 0.2890625
0 0.1734375 0.5046875 0.16875 0.2890625
1 0.79453125 0.19609375 0.18125 0.296875
0 0.26640625 0.1125 0.1734375 0.225
1 0.1515625 0.09921875 0.1875 0.1984375
0 0.2796875 0.52890625 0.171875 0.2859375
0 0.1203125 0.76328125 0.175 0.3015625
0 0.3828125 0.55078125 0.1703125 0.2859375
0 0.58203125 0.14921875 0.178125 0.2984375
0 0.5984375 0.5953125 0.175 0.2890625
1 0.91171875 0.66171875 0.1765625 0.2953125
0 0.7546875 0.8734375 0.178125 0.253125
0 0.80859375 0.63984375 0.178125 0.296875
0 0.5421875 0.85390625 0.178125 0.2921875
0 0.8984375 0.21796875 0.1796875 0.3015625
0 0.43671875 0.83203125 0.178125 0.2984375
1 0.371875 0.11875 0.15625 0.2375
0 0.68671875 0.17734375 0.15625 0.303125
0 0.96328125 0.240625 0.0734375 0.296875
1 0.33203125 0.815625 0.159375 0.290625
0 0.70859375 0.61484375 0.159375 0.2734375
0 0.8625 0.89296875 0.153125 0.2140625