1 0.290625 0.83828125 0.1234375 0.2734375
1 0.4015625 0.13671875 0.1234375 0.2734375
1 0.725 0.84296875 0.121875 0.2765625
0 0.50859375 0.57265625 0.11953125 0.2703125
0 0.18125 0.57265625 0.115625 0.2703125
1 0.725 0.14140625 0.12578125 0.2765625
0 0.18359375 0.13671875 0.11953125 0.2734375
1 0.0671875 0.13515625 0.134375 0.2703125
0 0.290625 0.57421875 0.11953125 0.2671875
0 0.18359375 0.83671875 0.11953125 0.2828125
0 0.39609375 0.57421875 0.1171875 0.2671875
0 0.50703125 0.13984375 0.121875 0.2796875
0 0.61640625 0.57265625 0.121875 0.2703125
1 0.93671875 0.57265625 0.121875 0.2765625
0 0.83203125 0.83828125 0.121875 0.2859375
0 0.83125 0.57265625 0.1234375 0.2765625
0 0.61640625 0.84296875 0.121875 0.2828125
0 0.83125 0.14140625 0.1234375 0.2828125
0 0.50703125 0.83828125 0.121875 0.2796875
1 0.29140625 0.13359375 0.10390625 0.2625
0 0.615625 0.1453125 0.09765625 0.28984375
0 0.94296875 0.140625 0.10703125 0.28125
1 0.4015625 0.84375 0.1046875 0.27421875
0 0.728125 0.56875 0.1078125 0.25703125
0 0.94375 0.83984375 0.10078125 0.26171875