0 0.5890625 0.73203125 0.2578125 0.228125
0 0.82421875 0.7765625 0.26875 0.228125
0 0.55546875 0.90625 0.2609375 0.1875
0 0.78515625 0.925 0.2640625 0.15
0 0.62265625 0.53671875 0.2640625 0.228125
0 0.853125 0.58125 0.2515625 0.23125
0 0.15078125 0.25703125 0.25 0.221875
0 0.1140625 0.440625 0.228125 0.215625
0 0.88046875 0.3796875 0.2390625 0.246875
0 0.1875 0.0875 0.246875 0.175
0 0.10078125 0.83125 0.2015625 0.234375
0 0.1046875 0.6359375 0.209375 0.221875
1 0.65703125 0.34921875 0.2625 0.225
0 0.703125 0.13203125 0.2609375 0.2359375
0 0.89765625 0.178125 0.2046875 0.25625