0 0.81796875 0.77578125 0.253125 0.2265625
0 0.59140625 0.73203125 0.25625 0.228125
0 0.6265625 0.5390625 0.25625 0.225
0 0.55625 0.90546875 0.259375 0.1890625
0 0.784375 0.9265625 0.25625 0.146875
0 0.85234375 0.58203125 0.2515625 0.2296875
0 0.14921875 0.25703125 0.24375 0.2234375
0 0.18515625 0.08671875 0.2421875 0.1734375
0 0.1171875 0.4421875 0.234375 0.221875
0 0.1015625 0.634375 0.203125 0.225
0 0.88125 0.38203125 0.2375 0.2453125
0 0.70625 0.11875 0.2515625 0.2140625
0 0.084375 0.82734375 0.16875 0.2296875
0 0.89921875 0.17109375 0.2015625 0.2328125
1 0.659375 0.34921875 0.2546875 0.2265625