0 0.8609375 0.71640625 0.2234375 0.190625
0 0.63046875 0.7125 0.22578125 0.1921875
0 0.63125 0.51640625 0.2265625 0.1890625
0 0.6296875 0.90625 0.23125 0.1859375
0 0.86171875 0.90703125 0.228125 0.18359375
0 0.8609375 0.51953125 0.221875 0.19375
0 0.1125 0.321875 0.21484375 0.1890625
0 0.11484375 0.125 0.2125 0.1859375
0 0.109375 0.5109375 0.21484375 0.1875
0 0.11171875 0.7046875 0.2125 0.190625
0 0.86640625 0.31640625 0.22578125 0.209375
0 0.63671875 0.0890625 0.2234375 0.178125
0 0.1109375 0.90078125 0.2125 0.19609375
0 0.871875 0.10078125 0.24375 0.19296875
1 0.63046875 0.32421875 0.22578125 0.18984375