0 0.6390625 0.70625 0.2375 0.203125
0 0.8765625 0.69609375 0.246875 0.2015625
0 0.65 0.9 0.2421875 0.1953125
0 0.8796875 0.88671875 0.240625 0.1984375
0 0.628125 0.5078125 0.24375 0.2015625
0 0.8625 0.5 0.23125 0.20625
0 0.11015625 0.340625 0.2203125 0.196875
0 0.10703125 0.53046875 0.2140625 0.1921875
0 0.85625 0.2953125 0.2390625 0.221875
0 0.10625 0.146875 0.2125 0.196875
0 0.14921875 0.90859375 0.2578125 0.1828125
0 0.12578125 0.72578125 0.2296875 0.1984375
1 0.61875 0.31796875 0.24375 0.2
0 0.6140625 0.10078125 0.240625 0.2015625
0 0.846875 0.10234375 0.246875 0.2046875