0 0.628125 0.71328125 0.228125 0.1921875
0 0.8671875 0.71640625 0.2390625 0.1890625
0 0.62890625 0.90703125 0.2328125 0.18359375
0 0.86171875 0.90625 0.23515625 0.1859375
0 0.62734375 0.51484375 0.234375 0.18984375
0 0.86171875 0.51875 0.22109375 0.1953125
0 0.1140625 0.32109375 0.2203125 0.1859375
0 0.10625 0.51015625 0.20703125 0.18203125
0 0.86640625 0.3140625 0.22890625 0.21015625
0 0.1171875 0.1265625 0.21796875 0.1859375
0 0.12734375 0.90234375 0.24765625 0.19375
0 0.11484375 0.70625 0.2203125 0.18671875
1 0.628125 0.32421875 0.23359375 0.1875
0 0.6359375 0.10234375 0.23046875 0.19921875
0 0.86796875 0.109375 0.23515625 0.21796875