0 0.8453125 0.74140625 0.2359375 0.20625
0 0.615625 0.72109375 0.2390625 0.2078125
0 0.6296875 0.52578125 0.2390625 0.2046875
0 0.6 0.90625 0.24375 0.1875
0 0.8328125 0.915625 0.240625 0.16875
0 0.85859375 0.54453125 0.234375 0.209375
0 0.12578125 0.2953125 0.228125 0.203125
0 0.1421875 0.09921875 0.225 0.1984375
0 0.11171875 0.48359375 0.2234375 0.2015625
0 0.10546875 0.67734375 0.2109375 0.2046875
0 0.878125 0.3421875 0.2390625 0.225
0 0.66484375 0.09921875 0.2359375 0.19375
0 0.09765625 0.87265625 0.1953125 0.2109375
0 0.88515625 0.1265625 0.2296875 0.209375
1 0.6421875 0.33359375 0.2390625 0.2046875