1 0.5203125 0.73046875 0.05703125 0.371875
0 0.6703125 0.36484375 0.0515625 0.396875
0 0.4515625 0.32265625 0.046875 0.39140625
0 0.74609375 0.7421875 0.0578125 0.38828125
0 0.9046875 0.7640625 0.04296875 0.340625
0 0.33515625 0.31171875 0.05078125 0.396875
1 0.56171875 0.3515625 0.05390625 0.384375
0 0.8796875 0.384375 0.05 0.378125
0 0.22109375 0.70234375 0.05859375 0.38984375
1 0.27421875 0.3140625 0.05078125 0.38203125
0 0.6375 0.74375 0.05390625 0.375
1 0.978125 0.41015625 0.040625 0.37578125
1 0.84921875 0.76640625 0.04765625 0.359375
1 0.40390625 0.7203125 0.0546875 0.40234375
0 0.10234375 0.69453125 0.05859375 0.39453125
1 0.3921875 0.328125 0.053125 0.39375
1 0.21875 0.31015625 0.0578125 0.3421875
1 0.1578125 0.31875 0.05390625 0.359375
1 0.1046875 0.31328125 0.05390625 0.35703125
1 0.34296875 0.7140625 0.05859375 0.375
1 0.46796875 0.7265625 0.05703125 0.3640625
1 0.50703125 0.34609375 0.05703125 0.36953125
1 0.61796875 0.35390625 0.059375 0.33984375
1 0.721875 0.35546875 0.05390625 0.3359375
1 0.77734375 0.36328125 0.046875 0.35
1 0.83125 0.38359375 0.05234375 0.37265625
1 0.93515625 0.39921875 0.05625 0.36953125
1 0.6921875 0.7359375 0.06015625 0.38203125
0 0.8015625 0.73046875 0.04453125 0.37109375
0 0.046875 0.29453125 0.0546875 0.37265625
0 0.04296875 0.696875 0.0609375 0.3671875
0 0.1671875 0.696875 0.0609375 0.3671875
0 0.28515625 0.70078125 0.059375 0.409375
0 0.575 0.740625 0.0609375 0.40078125
0 0.959375 0.78046875 0.0546875 0.3921875