1 0.53203125 0.72890625 0.0765625 0.375
0 0.66328125 0.35625 0.071875 0.3984375
0 0.4421875 0.32578125 0.0671875 0.39375
0 0.75859375 0.72890625 0.078125 0.390625
0 0.91796875 0.7421875 0.0609375 0.3421875
0 0.32578125 0.3203125 0.071875 0.3984375
1 0.55390625 0.3484375 0.0734375 0.3859375
0 0.8734375 0.36484375 0.0703125 0.3796875
0 0.23203125 0.71640625 0.0796875 0.3921875
1 0.26484375 0.32578125 0.0703125 0.384375
0 0.65 0.7359375 0.0734375 0.3765625
1 0.97109375 0.384375 0.0578125 0.378125
1 0.8625 0.74765625 0.065625 0.3609375
1 0.415625 0.725 0.075 0.4046875
0 0.11328125 0.71484375 0.0796875 0.396875
1 0.38359375 0.334375 0.0734375 0.3953125
1 0.209375 0.325 0.075 0.3453125
1 0.1484375 0.33671875 0.071875 0.3609375
1 0.0953125 0.334375 0.071875 0.359375
1 0.3546875 0.721875 0.078125 0.378125
1 0.4796875 0.728125 0.0765625 0.3671875
1 0.49921875 0.34609375 0.0765625 0.371875
1 0.61015625 0.34765625 0.0765625 0.3421875
1 0.7140625 0.34375 0.071875 0.3390625
1 0.76953125 0.34921875 0.065625 0.3515625
1 0.825 0.36640625 0.071875 0.375
1 0.92890625 0.3765625 0.075 0.371875
1 0.70390625 0.72578125 0.0796875 0.384375
0 0.81328125 0.7140625 0.0640625 0.3734375
0 0.03671875 0.31875 0.0734375 0.375
0 0.05390625 0.7203125 0.0796875 0.3703125
0 0.178125 0.7140625 0.0796875 0.3703125
0 0.29609375 0.71171875 0.08125 0.4125
0 0.5875 0.73671875 0.08125 0.403125
0 0.96796875 0.75625 0.0640625 0.39375