1 0.5 0.73125 0.0890625 0.375
0 0.68125 0.38046875 0.0859375 0.4
0 0.4671875 0.31875 0.08125 0.39375
0 0.72421875 0.7625 0.0921875 0.3921875
0 0.88046875 0.7984375 0.071875 0.34375
0 0.35234375 0.2984375 0.0859375 0.4
1 0.57421875 0.3578125 0.0875 0.3875
0 0.88828125 0.41796875 0.0828125 0.38125
0 0.2046875 0.67734375 0.0921875 0.39375
1 0.29140625 0.2953125 0.084375 0.384375
0 0.615625 0.7546875 0.0859375 0.378125
1 0.9734375 0.4515625 0.053125 0.378125
1 0.825 0.79609375 0.078125 0.3625
1 0.38515625 0.7109375 0.0890625 0.40625
0 0.08671875 0.659375 0.0921875 0.3984375
1 0.4078125 0.31953125 0.0875 0.396875
1 0.23671875 0.28671875 0.0875 0.3453125
1 0.175 0.28984375 0.084375 0.3625
1 0.12265625 0.2796875 0.084375 0.3609375
1 0.325 0.69921875 0.090625 0.378125
1 0.4484375 0.72265625 0.0890625 0.3671875
1 0.5203125 0.34765625 0.0890625 0.3734375
1 0.63046875 0.36484375 0.0890625 0.34375
1 0.73359375 0.375 0.0828125 0.3390625
1 0.78828125 0.38828125 0.0765625 0.353125
1 0.83984375 0.41328125 0.084375 0.3765625
1 0.9421875 0.4375 0.0875 0.3734375
1 0.67109375 0.7515625 0.09375 0.3859375
0 0.78046875 0.75625 0.0765625 0.3734375
0 0.06640625 0.25546875 0.0875 0.3765625
0 0.03671875 0.65625 0.0734375 0.371875
0 0.1515625 0.6671875 0.0921875 0.371875
0 0.26875 0.68125 0.0953125 0.4125
0 0.55390625 0.74609375 0.0953125 0.4046875
0 0.93203125 0.8109375 0.0890625 0.378125