1 0.6171875 0.16484375 0.128125 0.2625
1 0.440625 0.19609375 0.1359375 0.2671875
0 0.2734375 0.8640625 0.140625 0.271875
1 0.540625 0.8328125 0.1390625 0.3078125
1 0.52890625 0.1796875 0.13125 0.2625
1 0.8015625 0.78828125 0.134375 0.30625
1 0.70390625 0.153125 0.1265625 0.265625
0 0.17421875 0.2359375 0.1359375 0.26875
0 0.36171875 0.85390625 0.1421875 0.2921875
1 0.45078125 0.84609375 0.1390625 0.3078125
1 0.7140625 0.80234375 0.1359375 0.30625
0 0.78984375 0.1375 0.13125 0.2703125
1 0.6296875 0.81640625 0.1359375 0.30625
0 0.353125 0.20703125 0.134375 0.271875
0 0.26328125 0.22421875 0.134375 0.2671875
0 0.1859375 0.871875 0.1375 0.25625
0 0.8890625 0.7703125 0.1375 0.303125
0 0.875 0.12890625 0.128125 0.2578125
1 0.95546875 0.75625 0.0890625 0.3
0 0.0859375 0.24765625 0.13125 0.2671875
0 0.03125 0.253125 0.0625 0.275
1 0.103125 0.87890625 0.13125 0.2421875
1 0.92890625 0.11875 0.0671875 0.2375