1 0.71484375 0.21796875 0.128125 0.2625
1 0.5375 0.19296875 0.1359375 0.2671875
0 0.16875 0.790625 0.140625 0.3015625
1 0.4359375 0.82890625 0.1390625 0.3078125
1 0.6265625 0.2046875 0.13125 0.2625
1 0.696875 0.85703125 0.134375 0.2859375
1 0.80078125 0.2328125 0.1265625 0.265625
0 0.271875 0.1484375 0.1359375 0.26875
0 0.25625 0.803125 0.1421875 0.309375
1 0.346875 0.81484375 0.1390625 0.3078125
1 0.61015625 0.85 0.1359375 0.3
0 0.8875 0.2453125 0.13125 0.2703125
1 0.52578125 0.84140625 0.1359375 0.30625
0 0.45078125 0.17578125 0.134375 0.271875
0 0.36015625 0.16484375 0.134375 0.2671875
0 0.0796875 0.77890625 0.1375 0.3015625
0 0.7859375 0.8625 0.1375 0.275
0 0.9546875 0.253125 0.090625 0.278125
1 0.8734375 0.8703125 0.128125 0.259375
0 0.184375 0.1328125 0.13125 0.265625
0 0.1 0.12421875 0.128125 0.2484375
1 0.03046875 0.765625 0.0609375 0.3
1 0.92890625 0.87109375 0.0734375 0.2578125