1 0.66796875 0.1875 0.090625 0.2515625
1 0.4890625 0.190625 0.09765625 0.25546875
0 0.21796875 0.8390625 0.096875 0.28984375
1 0.48828125 0.83515625 0.09453125 0.29609375
1 0.57890625 0.18828125 0.09296875 0.2515625
1 0.75234375 0.83203125 0.0890625 0.2953125
1 0.75546875 0.1890625 0.0875 0.25546875
0 0.21953125 0.18828125 0.09765625 0.25625
0 0.30703125 0.8375 0.09609375 0.2984375
1 0.39765625 0.83515625 0.09375 0.29609375
1 0.6640625 0.83203125 0.090625 0.2953125
0 0.84296875 0.1875 0.0921875 0.25859375
1 0.57890625 0.8328125 0.09140625 0.29609375
0 0.40078125 0.1875 0.09453125 0.2609375
0 0.309375 0.190625 0.0953125 0.25546875
0 0.12890625 0.84140625 0.09375 0.28984375
0 0.8421875 0.828125 0.0921875 0.29296875
0 0.9296875 0.18203125 0.0875 0.2671875
1 0.9296875 0.828125 0.08359375 0.28984375
0 0.13046875 0.1859375 0.09296875 0.25625
0 0.04375 0.178125 0.0875 0.26484375
1 0.04375 0.84140625 0.0875 0.28984375
1 0.98515625 0.8203125 0.02734375 0.2984375
1 0.9859375 0.178125 0.0265625 0.2625