1 0.4171875 0.82109375 0.06640625 0.2765625
0 0.19453125 0.1703125 0.05703125 0.28203125
0 0.578125 0.16875 0.0578125 0.28515625
1 0.525 0.16875 0.06484375 0.28515625
0 0.47109375 0.1703125 0.0578125 0.28203125
0 0.3609375 0.1703125 0.0609375 0.28203125
0 0.30625 0.82109375 0.0609375 0.27109375
0 0.24921875 0.1703125 0.0609375 0.28203125
0 0.80234375 0.17265625 0.0609375 0.29375
0 0.36171875 0.82421875 0.05546875 0.27109375
0 0.6921875 0.17421875 0.06171875 0.29140625
0 0.63515625 0.17109375 0.0609375 0.296875
1 0.30703125 0.1703125 0.0640625 0.28203125
0 0.19453125 0.82109375 0.05703125 0.27109375
1 0.14375 0.17109375 0.06171875 0.28515625
0 0.74765625 0.17421875 0.05390625 0.29140625
0 0.63359375 0.8171875 0.05703125 0.26796875
0 0.68984375 0.8171875 0.0578125 0.26796875
0 0.80078125 0.82109375 0.0578125 0.28828125
0 0.58359375 0.8171875 0.05390625 0.26796875
0 0.03515625 0.17109375 0.0578125 0.296875
0 0.859375 0.17265625 0.05859375 0.3
0 0.74765625 0.82109375 0.05703125 0.28203125
0 0.9125 0.18046875 0.05546875 0.30234375
0 0.85546875 0.82265625 0.0578125 0.29140625
0 0.53046875 0.82109375 0.0546875 0.27109375
0 0.4734375 0.82109375 0.05859375 0.2765625
1 0.0390625 0.82265625 0.0609375 0.2796875
0 0.96015625 0.17109375 0.04453125 0.30859375
0 0.9109375 0.82578125 0.0578125 0.296875
1 0.08828125 0.1796875 0.05625 0.30703125
1 0.090625 0.8046875 0.05625 0.29375
0 0.14765625 0.8078125 0.0546875 0.2828125
0 0.2546875 0.8109375 0.0484375 0.26640625
0 0.96171875 0.84296875 0.04375 0.290625
0 0.41328125 0.171875 0.05390625 0.3140625