1 0.40078125 0.81640625 0.08125 0.2796875
0 0.2125 0.1546875 0.071875 0.284375
0 0.5953125 0.1734375 0.0734375 0.2875
1 0.5421875 0.1703125 0.0796875 0.2875
0 0.48828125 0.16953125 0.071875 0.284375
0 0.378125 0.16328125 0.075 0.284375
0 0.28984375 0.81015625 0.075 0.2734375
0 0.2671875 0.1578125 0.075 0.284375
0 0.81875 0.1890625 0.0765625 0.296875
0 0.3453125 0.81640625 0.0703125 0.2734375
0 0.70859375 0.184375 0.0765625 0.29375
0 0.65234375 0.17890625 0.0765625 0.3
1 0.32421875 0.1609375 0.078125 0.284375
0 0.178125 0.8046875 0.071875 0.2734375
1 0.16171875 0.153125 0.0765625 0.2875
0 0.7640625 0.1875 0.06875 0.29375
0 0.6171875 0.8234375 0.0703125 0.2703125
0 0.67265625 0.8265625 0.071875 0.2703125
0 0.78359375 0.83671875 0.0734375 0.290625
0 0.5671875 0.82109375 0.0671875 0.2703125
0 0.05234375 0.1484375 0.0734375 0.296875
0 0.87578125 0.1921875 0.0734375 0.303125
0 0.73046875 0.83359375 0.071875 0.284375
0 0.92890625 0.20234375 0.071875 0.3046875
0 0.83828125 0.840625 0.0734375 0.29375
0 0.51328125 0.821875 0.06875 0.2734375
0 0.45703125 0.81953125 0.0734375 0.2796875
1 0.0296875 0.79765625 0.059375 0.2828125
0 0.97265625 0.19453125 0.0546875 0.3109375
0 0.89296875 0.846875 0.0734375 0.3
1 0.10546875 0.15859375 0.071875 0.309375
1 0.075 0.7828125 0.071875 0.296875
0 0.13203125 0.7890625 0.06875 0.2859375
0 0.2390625 0.79765625 0.0625 0.26875
0 0.9421875 0.86015625 0.059375 0.2796875
0 0.43046875 0.16796875 0.0703125 0.3171875