1 0.10625 0.15 0.0796875 0.3
1 0.40234375 0.8078125 0.078125 0.284375
0 0.21328125 0.153125 0.0734375 0.2875
1 0.54375 0.171875 0.08125 0.2859375
0 0.26796875 0.15625 0.075 0.2875
0 0.4328125 0.16640625 0.075 0.284375
1 0.3234375 0.16328125 0.08125 0.2796875
0 0.28984375 0.8015625 0.078125 0.284375
0 0.596875 0.1734375 0.0734375 0.2875
0 0.7296875 0.83515625 0.0734375 0.2875
0 0.78359375 0.83671875 0.0734375 0.296875
0 0.67421875 0.825 0.0734375 0.2796875
0 0.82109375 0.190625 0.0796875 0.3109375
1 0.03046875 0.78828125 0.0609375 0.2796875
0 0.45546875 0.8125 0.0703125 0.29375
0 0.04921875 0.15 0.0765625 0.3
0 0.65078125 0.17890625 0.0765625 0.3
0 0.56484375 0.81796875 0.071875 0.2765625
0 0.6203125 0.82265625 0.071875 0.2734375
0 0.70703125 0.184375 0.075 0.3046875
0 0.7640625 0.1875 0.0734375 0.3046875
0 0.128125 0.79140625 0.0734375 0.296875
0 0.1828125 0.784375 0.0734375 0.303125
0 0.93203125 0.19609375 0.0734375 0.3046875
0 0.87734375 0.1921875 0.071875 0.303125
0 0.5140625 0.81796875 0.071875 0.3
0 0.48828125 0.1703125 0.0734375 0.3
0 0.946875 0.83828125 0.084375 0.3234375
0 0.9765625 0.1953125 0.046875 0.296875
0 0.34609375 0.8078125 0.0734375 0.290625
1 0.16328125 0.146875 0.06875 0.2796875
1 0.07734375 0.7828125 0.0671875 0.3140625
0 0.83984375 0.82734375 0.06875 0.271875
0 0.89296875 0.84921875 0.0671875 0.2859375
0 0.38515625 0.13984375 0.059375 0.2703125
0 0.2390625 0.80078125 0.065625 0.2859375