1 0.08828125 0.17109375 0.06484375 0.296875
1 0.41875 0.8125 0.0640625 0.28203125
0 0.1953125 0.16875 0.0578125 0.28515625
1 0.5265625 0.1703125 0.0671875 0.28203125
0 0.25 0.16875 0.06015625 0.28515625
0 0.415625 0.1703125 0.06015625 0.28203125
1 0.30625 0.17265625 0.0671875 0.2765625
0 0.30625 0.8125 0.06328125 0.28203125
0 0.5796875 0.16875 0.0578125 0.28515625
0 0.746875 0.82265625 0.0578125 0.28515625
0 0.80078125 0.82109375 0.0578125 0.29375
0 0.690625 0.815625 0.05859375 0.2765625
0 0.8046875 0.17421875 0.0640625 0.30859375
1 0.0390625 0.8125 0.0609375 0.2765625
0 0.471875 0.8140625 0.05546875 0.29140625
0 0.03125 0.17265625 0.06171875 0.3
0 0.63359375 0.17109375 0.0609375 0.296875
0 0.58125 0.8140625 0.0578125 0.2734375
0 0.63671875 0.815625 0.0578125 0.27109375
0 0.690625 0.17421875 0.05859375 0.30234375
0 0.74765625 0.17421875 0.05703125 0.30234375
0 0.14375 0.81015625 0.0578125 0.29375
0 0.1984375 0.80078125 0.0578125 0.3
0 0.915625 0.17421875 0.0578125 0.30234375
0 0.8609375 0.17265625 0.05703125 0.3
0 0.53046875 0.8171875 0.05703125 0.296875
0 0.47109375 0.17109375 0.0578125 0.296875
0 0.9640625 0.82109375 0.0671875 0.334375
0 0.97109375 0.1703125 0.05390625 0.29375
0 0.3625 0.815625 0.0578125 0.28828125
1 0.1453125 0.16484375 0.0546875 0.2765625
1 0.09296875 0.8046875 0.05078125 0.31171875
0 0.85625 0.809375 0.0546875 0.26953125
0 0.9109375 0.828125 0.053125 0.28359375
0 0.36640625 0.14609375 0.04609375 0.26796875
0 0.25546875 0.8140625 0.0515625 0.284375