1 0.13125 0.1375 0.1 0.275
1 0.38125 0.8 0.0984375 0.2875
0 0.23828125 0.13984375 0.0921875 0.2796875
1 0.56640625 0.17578125 0.1015625 0.2875
0 0.2921875 0.14296875 0.09375 0.2859375
0 0.45625 0.1625 0.09375 0.2875
1 0.34765625 0.1515625 0.1 0.2828125
0 0.26953125 0.78671875 0.096875 0.2875
0 0.61953125 0.18125 0.0921875 0.290625
0 0.70546875 0.85 0.0921875 0.290625
0 0.759375 0.853125 0.09375 0.29375
0 0.65078125 0.83671875 0.0921875 0.28125
0 0.8421875 0.2140625 0.1015625 0.3140625
1 0.02578125 0.753125 0.0515625 0.28125
0 0.43359375 0.80859375 0.090625 0.2953125
0 0.07421875 0.13515625 0.0984375 0.2703125
0 0.67265625 0.18984375 0.096875 0.3015625
0 0.5421875 0.821875 0.090625 0.278125
0 0.596875 0.8296875 0.090625 0.2765625
0 0.72890625 0.2 0.0953125 0.3078125
0 0.78515625 0.20703125 0.09375 0.3078125
0 0.10859375 0.7640625 0.09375 0.2984375
0 0.1640625 0.76171875 0.09375 0.3046875
0 0.95234375 0.22734375 0.09375 0.3078125
0 0.8984375 0.21875 0.09375 0.3046875
0 0.49140625 0.81875 0.0921875 0.3015625
0 0.51171875 0.1703125 0.09375 0.3015625
0 0.92109375 0.85234375 0.1078125 0.2953125
0 0.98125 0.23046875 0.0375 0.2984375
0 0.325 0.796875 0.0921875 0.29375
1 0.1890625 0.13203125 0.0875 0.2640625
1 0.05859375 0.753125 0.0890625 0.315625
0 0.815625 0.85078125 0.0875 0.2734375
0 0.8671875 0.865625 0.0875 0.26875
0 0.409375 0.134375 0.078125 0.26875
0 0.21875 0.78203125 0.0859375 0.2890625