1 0.46875 0.83046875 0.109375 0.2828125
0 0.146875 0.221875 0.1 0.2875
0 0.525 0.1609375 0.1015625 0.290625
1 0.47265625 0.16875 0.109375 0.2921875
0 0.41953125 0.17890625 0.1015625 0.2875
0 0.3109375 0.19609375 0.1046875 0.2875
0 0.35859375 0.84765625 0.103125 0.2765625
0 0.20078125 0.21328125 0.1046875 0.2875
0 0.746875 0.13984375 0.10625 0.2796875
0 0.4140625 0.8421875 0.096875 0.2765625
0 0.6390625 0.1484375 0.10625 0.296875
0 0.58203125 0.15390625 0.10625 0.303125
1 0.2578125 0.2046875 0.1078125 0.2890625
0 0.24765625 0.86328125 0.0984375 0.2734375
1 0.096875 0.23125 0.10625 0.290625
0 0.69296875 0.14375 0.0984375 0.2875
0 0.68125 0.7921875 0.0984375 0.2734375
0 0.7375 0.78359375 0.0984375 0.2734375
0 0.84765625 0.7703125 0.1015625 0.29375
0 0.63203125 0.8 0.0953125 0.2734375
0 0.0203125 0.24765625 0.040625 0.3015625
0 0.80390625 0.13671875 0.1046875 0.2734375
0 0.79453125 0.778125 0.1 0.2875
0 0.85703125 0.13671875 0.1015625 0.2734375
0 0.9015625 0.76328125 0.103125 0.296875
0 0.58046875 0.8125 0.096875 0.2765625
0 0.52421875 0.82109375 0.1015625 0.2828125
1 0.09453125 0.8734375 0.1046875 0.253125
0 0.90234375 0.1296875 0.0921875 0.259375
0 0.95234375 0.75703125 0.0953125 0.3015625
1 0.046875 0.246875 0.09375 0.3125
1 0.14296875 0.8578125 0.1015625 0.284375
0 0.19921875 0.8578125 0.0984375 0.284375
0 0.30625 0.8453125 0.0890625 0.2703125
0 0.98203125 0.765625 0.0359375 0.29375
0 0.36328125 0.18984375 0.103125 0.31875