0 0.93125 0.32890625 0.1375 0.3984375
0 0.8765625 0.31484375 0.1921875 0.371875
0 0.5328125 0.26640625 0.1890625 0.359375
0 0.44453125 0.25625 0.190625 0.3859375
0 0.35703125 0.2421875 0.1875 0.384375
0 0.27109375 0.23671875 0.190625 0.3640625
0 0.1 0.21796875 0.178125 0.3796875
0 0.1578125 0.665625 0.1859375 0.359375
0 0.08203125 0.64296875 0.1640625 0.3703125
1 0.796875 0.29921875 0.1875 0.3578125
1 0.70625 0.2828125 0.1984375 0.371875
1 0.61171875 0.27265625 0.196875 0.365625
1 0.184375 0.21875 0.1921875 0.38125
1 0.91796875 0.778125 0.140625 0.346875
1 0.853125 0.76171875 0.2015625 0.38125
1 0.7609375 0.73828125 0.1953125 0.3875
1 0.6765625 0.73515625 0.1921875 0.3859375
1 0.5921875 0.71796875 0.19375 0.3671875
1 0.50546875 0.70625 0.1890625 0.3640625
1 0.41875 0.69921875 0.1875 0.3765625
1 0.3296875 0.69296875 0.1921875 0.371875
1 0.23984375 0.67421875 0.2 0.3734375
1 0.0390625 0.64765625 0.078125 0.3578125