0 0.909375 0.23828125 0.171875 0.3953125
0 0.83046875 0.240625 0.18125 0.3671875
0 0.48359375 0.26484375 0.178125 0.3546875
0 0.3953125 0.2734375 0.178125 0.38125
0 0.30625 0.278125 0.175 0.38125
0 0.22109375 0.28984375 0.1796875 0.3609375
0 0.06640625 0.30703125 0.1328125 0.3765625
0 0.2 0.73359375 0.175 0.3546875
0 0.10859375 0.7296875 0.178125 0.365625
1 0.7484375 0.2421875 0.1765625 0.353125
1 0.65625 0.24453125 0.1859375 0.36875
1 0.5625 0.2546875 0.184375 0.3625
1 0.1328125 0.290625 0.1796875 0.3765625
1 0.95078125 0.68515625 0.0984375 0.3453125
1 0.89921875 0.68203125 0.1890625 0.3765625
1 0.8046875 0.67890625 0.1828125 0.384375
1 0.721875 0.69296875 0.1796875 0.38125
1 0.63515625 0.69453125 0.18125 0.3640625
1 0.5484375 0.70078125 0.178125 0.359375
1 0.46171875 0.71171875 0.175 0.3734375
1 0.3734375 0.72421875 0.18125 0.3671875
1 0.28203125 0.72421875 0.1875 0.36875
1 0.059375 0.7453125 0.109375 0.35625