1 0.1296875 0.37578125 0.0984375 0.23203125
1 0.65625 0.3671875 0.08984375 0.2328125
1 0.2 0.15703125 0.1 0.22109375
1 0.39609375 0.371875 0.1046875 0.2296875
0 0.45 0.83359375 0.08359375 0.278125
0 0.484375 0.36875 0.1015625 0.2296875
0 0.73515625 0.3671875 0.10625 0.22109375
1 0.36640625 0.1546875 0.09375 0.21015625
0 0.959375 0.36640625 0.07734375 0.22421875
0 0.04609375 0.378125 0.0921875 0.2265625
0 0.28671875 0.15546875 0.08828125 0.21875
0 0.109375 0.1453125 0.0828125 0.22890625
0 0.63046875 0.83515625 0.0828125 0.28046875
1 0.859375 0.1515625 0.1 0.215625
0 0.62265625 0.14609375 0.09375 0.21015625
1 0.53671875 0.14765625 0.096875 0.2078125
1 0.8953125 0.36953125 0.0703125 0.22265625
0 0.91171875 0.825 0.08828125 0.28359375
1 0.27109375 0.846875 0.11328125 0.25703125
0 0.93125 0.14609375 0.1015625 0.22109375
1 0.703125 0.15 0.090625 0.2078125
1 0.03515625 0.15390625 0.0703125 0.2203125
0 0.0171875 0.8484375 0.03359375 0.27578125
1 0.44921875 0.146875 0.0921875 0.1890625
1 0.77734375 0.14375 0.08203125 0.18203125
1 0.21953125 0.37578125 0.0796875 0.2125
1 0.30546875 0.3765625 0.08984375 0.2140625
1 0.17265625 0.85234375 0.1 0.2375
1 0.07890625 0.8484375 0.10078125 0.24609375
0 0.35625 0.83828125 0.08671875 0.2421875
0 0.5484375 0.83515625 0.08984375 0.25546875
0 0.81875 0.83359375 0.07265625 0.265625
0 0.72421875 0.8265625 0.08828125 0.25234375
0 0.81953125 0.359375 0.06484375 0.20859375
0 0.575 0.37265625 0.084375 0.2109375