1 0.1109375 0.4625 0.1484375 0.2484375
1 0.62265625 0.33515625 0.140625 0.246875
1 0.13046875 0.23359375 0.146875 0.2375
1 0.3703125 0.3984375 0.153125 0.246875
0 0.5265625 0.8359375 0.14375 0.2890625
0 0.45546875 0.37578125 0.15 0.246875
0 0.69921875 0.31796875 0.153125 0.2390625
1 0.2921875 0.19375 0.1390625 0.2265625
0 0.9171875 0.26640625 0.1265625 0.2359375
0 0.05 0.48359375 0.1 0.2421875
0 0.21484375 0.2125 0.1359375 0.2328125
0 0.053125 0.24140625 0.10625 0.2421875
0 0.70234375 0.796875 0.14375 0.2921875
1 0.77109375 0.09765625 0.1453125 0.1953125
0 0.53984375 0.12734375 0.1390625 0.2265625
1 0.45625 0.1484375 0.140625 0.225
1 0.85546875 0.28359375 0.11875 0.2328125
0 0.94921875 0.7234375 0.1015625 0.296875
1 0.3546875 0.87578125 0.16875 0.2484375
0 0.83984375 0.08828125 0.1484375 0.1765625
1 0.61953125 0.11328125 0.134375 0.2234375
1 0.0140625 0.2671875 0.028125 0.23125
0 0.10703125 0.9046875 0.0953125 0.190625
1 0.37109375 0.1671875 0.1328125 0.2046875
1 0.68984375 0.09375 0.1203125 0.1875
1 0.1984375 0.4421875 0.125 0.225
1 0.2828125 0.4234375 0.1359375 0.228125
1 0.26015625 0.89453125 0.1515625 0.2109375
1 0.1671875 0.9015625 0.153125 0.196875
0 0.4359375 0.86171875 0.1390625 0.25625
0 0.62265625 0.815625 0.1453125 0.26875
0 0.8859375 0.753125 0.13125 0.275
0 0.7921875 0.76796875 0.1421875 0.265625
0 0.7796875 0.29140625 0.109375 0.2171875
0 0.54453125 0.359375 0.1296875 0.225