1 0.134375 0.36328125 0.10625 0.2359375
1 0.6609375 0.37265625 0.0984375 0.2359375
1 0.2125 0.146875 0.1078125 0.225
1 0.40078125 0.36796875 0.1125 0.2328125
0 0.43828125 0.83203125 0.09375 0.28125
0 0.4890625 0.36796875 0.109375 0.2328125
0 0.73984375 0.37578125 0.1140625 0.225
1 0.37890625 0.15 0.1015625 0.2140625
0 0.9609375 0.38203125 0.078125 0.2265625
0 0.05078125 0.3625 0.1 0.2296875
0 0.29921875 0.1484375 0.0953125 0.221875
0 0.121875 0.13203125 0.090625 0.23125
0 0.61875 0.83984375 0.0921875 0.2828125
1 0.87109375 0.1640625 0.1078125 0.21875
0 0.63515625 0.15078125 0.1015625 0.2140625
1 0.54921875 0.14921875 0.1046875 0.2109375
1 0.9 0.38359375 0.078125 0.225
0 0.9 0.8390625 0.0984375 0.2859375
1 0.259375 0.8390625 0.121875 0.2609375
0 0.94296875 0.16171875 0.109375 0.225
1 0.71484375 0.15703125 0.0984375 0.2109375
1 0.04765625 0.13828125 0.078125 0.221875
0 0.01328125 0.83046875 0.0265625 0.2765625
1 0.46171875 0.1453125 0.0984375 0.1921875
1 0.78984375 0.15390625 0.0890625 0.184375
1 0.22421875 0.36640625 0.0875 0.215625
1 0.31015625 0.36953125 0.096875 0.2171875
1 0.1609375 0.840625 0.1078125 0.240625
1 0.0671875 0.83359375 0.109375 0.25
0 0.34453125 0.8328125 0.0953125 0.2453125
0 0.53671875 0.83671875 0.0984375 0.2578125
0 0.80703125 0.84453125 0.08125 0.26875
0 0.7125 0.834375 0.096875 0.2546875
0 0.82421875 0.3703125 0.071875 0.2109375
0 0.5796875 0.375 0.0921875 0.2140625