1 0.46171875 0.678125 0.1125 0.2984375
1 0.34765625 0.67265625 0.115625 0.3125
0 0.58203125 0.69296875 0.10625 0.303125
1 0.69140625 0.303125 0.103125 0.315625
0 0.928125 0.67890625 0.115625 0.315625
0 0.809375 0.29765625 0.109375 0.309375
0 0.45703125 0.30078125 0.1015625 0.30625
0 0.92265625 0.29609375 0.10625 0.3015625
1 0.34296875 0.3125 0.10625 0.2875
0 0.584375 0.3046875 0.103125 0.3203125
0 0.2328125 0.66796875 0.109375 0.328125
0 0.81171875 0.678125 0.1109375 0.309375
0 0.23046875 0.32109375 0.1 0.290625
0 0.68828125 0.6828125 0.10625 0.2875
1 0.98984375 0.315625 0.0203125 0.275