1 0.46171875 0.678125 0.1125 0.2984375
1 0.34765625 0.67265625 0.11640625 0.3125
0 0.58203125 0.69296875 0.10625 0.303125
1 0.69140625 0.303125 0.10390625 0.31484375
0 0.928125 0.67890625 0.115625 0.31484375
0 0.809375 0.29765625 0.10859375 0.30859375
0 0.45703125 0.30078125 0.1015625 0.30703125
0 0.92265625 0.29609375 0.10546875 0.3015625
1 0.34296875 0.3125 0.10625 0.28671875
0 0.584375 0.3046875 0.10390625 0.3203125
0 0.2328125 0.66796875 0.109375 0.32734375
0 0.81171875 0.678125 0.1109375 0.309375
0 0.23046875 0.32109375 0.09921875 0.28984375
0 0.68828125 0.6828125 0.10703125 0.28828125
1 0.98984375 0.315625 0.0203125 0.27421875