1 0.49609375 0.68203125 0.1671875 0.3140625
1 0.38359375 0.6984375 0.1734375 0.3296875
0 0.6171875 0.6734375 0.1625 0.3171875
1 0.65 0.2703125 0.1625 0.328125
0 0.93359375 0.59375 0.1328125 0.33125
0 0.76484375 0.2421875 0.165625 0.3234375
0 0.41953125 0.3125 0.1578125 0.3203125
0 0.87578125 0.21953125 0.1609375 0.315625
1 0.31015625 0.34609375 0.159375 0.3015625
0 0.5453125 0.2921875 0.1625 0.334375
0 0.26953125 0.715625 0.1703125 0.3421875
0 0.83984375 0.615625 0.1671875 0.325
0 0.2015625 0.37578125 0.153125 0.303125
0 0.71953125 0.64375 0.159375 0.303125
1 0.9453125 0.22578125 0.071875 0.2734375