1 0.77109375 0.5 0.0875 0.24375
0 0.42734375 0.71015625 0.0859375 0.2421875
1 0.55625 0.71796875 0.090625 0.2390625
1 0.13046875 0.890625 0.103125 0.1703125
0 0.2328125 0.6953125 0.090625 0.2390625
0 0.83515625 0.5046875 0.0890625 0.24375
0 0.63984375 0.490625 0.0859375 0.24375
1 0.21953125 0.89765625 0.103125 0.1671875
0 0.7046875 0.4953125 0.0890625 0.24375
0 0.509375 0.48125 0.084375 0.2421875
0 0.6234375 0.728125 0.0875 0.2390625
0 0.81875 0.74296875 0.084375 0.2359375
0 0.49140625 0.71328125 0.0859375 0.2390625
0 0.9 0.509375 0.0859375 0.2390625
0 0.6921875 0.734375 0.084375 0.2359375
0 0.88359375 0.74765625 0.084375 0.2421875
1 0.44453125 0.4765625 0.0890625 0.2421875
0 0.7546875 0.7390625 0.0796875 0.234375
0 0.5734375 0.48515625 0.08125 0.2421875
0 0.16484375 0.690625 0.0875 0.2390625
0 0.9453125 0.7578125 0.0765625 0.240625
1 0.7984375 0.07578125 0.071875 0.10625
1 0.771875 0.93125 0.1 0.1375
0 0.9625 0.51328125 0.075 0.2390625
0 0.0546875 0.4375 0.0921875 0.2359375
1 0.12890625 0.44453125 0.08125 0.234375
0 0.865625 0.08203125 0.0796875 0.109375
1 0.31640625 0.46796875 0.0828125 0.225
0 0.34609375 0.04296875 0.0828125 0.0859375
0 0.734375 0.06796875 0.078125 0.1046875
0 0.10390625 0.6859375 0.078125 0.2328125
1 0.859375 0.93515625 0.1 0.1296875
0 0.4140625 0.046875 0.078125 0.09375
1 0.9359375 0.93828125 0.075 0.1234375
1 0.68203125 0.928125 0.1015625 0.14375
1 0.6703125 0.06328125 0.078125 0.1046875
0 0.25703125 0.459375 0.0734375 0.2390625
0 0.3875 0.46875 0.0765625 0.234375
1 0.1953125 0.4453125 0.08125 0.2453125
1 0.04921875 0.6703125 0.071875 0.240625
0 0.30078125 0.696875 0.0765625 0.23125
0 0.3671875 0.70390625 0.078125 0.2375
0 0.93203125 0.0828125 0.0640625 0.10625
0 0.97734375 0.0921875 0.0453125 0.1125
0 0.48359375 0.046875 0.0734375 0.09375
1 0.54765625 0.04921875 0.0703125 0.0984375
1 0.61015625 0.06015625 0.0640625 0.096875
1 0.2875 0.04296875 0.06875 0.0859375
1 0.225 0.0375 0.071875 0.075
1 0.159375 0.0375 0.075 0.075
1 0.0515625 0.0265625 0.0375 0.053125
1 0.1015625 0.034375 0.0625 0.06875
1 0.04609375 0.87578125 0.0921875 0.1734375