1 0.76953125 0.5234375 0.10625 0.2484375
0 0.409375 0.703125 0.10625 0.2453125
1 0.53671875 0.721875 0.1109375 0.24375
1 0.09765625 0.85703125 0.115625 0.1765625
0 0.21640625 0.67109375 0.1109375 0.24375
0 0.8328125 0.53359375 0.1078125 0.2484375
0 0.640625 0.503125 0.10625 0.2484375
1 0.1859375 0.871875 0.115625 0.1734375
0 0.7046875 0.51328125 0.1078125 0.2484375
0 0.5109375 0.48203125 0.1046875 0.2453125
0 0.603125 0.7375 0.1078125 0.2421875
0 0.796875 0.7703125 0.103125 0.2390625
0 0.47265625 0.71171875 0.10625 0.2421875
0 0.89765625 0.54375 0.10625 0.2421875
0 0.67109375 0.75 0.103125 0.2390625
0 0.8609375 0.78046875 0.1046875 0.2453125
1 0.446875 0.471875 0.109375 0.2453125
0 0.73359375 0.76015625 0.0984375 0.2390625
0 0.57421875 0.4921875 0.1015625 0.2453125
0 0.14921875 0.66015625 0.1078125 0.2421875
0 0.921875 0.7953125 0.096875 0.24375
1 0.834375 0.10390625 0.0796875 0.1109375
1 0.7328125 0.940625 0.1125 0.11875
0 0.95625 0.55390625 0.0875 0.2421875
0 0.06171875 0.39921875 0.1125 0.240625
1 0.13515625 0.4125 0.1 0.2375
0 0.90078125 0.115625 0.0875 0.1140625
1 0.3203125 0.4515625 0.1015625 0.228125
0 0.38671875 0.0390625 0.0890625 0.078125
0 0.77109375 0.08984375 0.0859375 0.109375
0 0.0890625 0.65078125 0.096875 0.2359375
1 0.81953125 0.9484375 0.1109375 0.103125
0 0.45546875 0.0453125 0.0859375 0.090625
1 0.89375 0.95546875 0.0875 0.0890625
1 0.64296875 0.93359375 0.1140625 0.1328125
1 0.70703125 0.0796875 0.0859375 0.109375
0 0.26171875 0.43828125 0.09375 0.240625
0 0.390625 0.459375 0.096875 0.2375
1 0.2015625 0.41875 0.1015625 0.2484375
1 0.040625 0.6296875 0.08125 0.24375
0 0.284375 0.67890625 0.0953125 0.234375
0 0.35 0.69140625 0.0984375 0.240625
0 0.96484375 0.12109375 0.0703125 0.1109375
0 0.521875 0.04765625 0.08125 0.0953125
1 0.58671875 0.0546875 0.078125 0.103125
1 0.64765625 0.071875 0.071875 0.1015625
1 0.3296875 0.03515625 0.078125 0.0703125
1 0.26796875 0.028125 0.0796875 0.05625
1 0.20234375 0.025 0.0828125 0.05
1 0.096875 0.00859375 0.04375 0.0171875
1 0.14453125 0.01953125 0.0703125 0.0390625
1 0.03359375 0.83359375 0.0671875 0.1796875