1 0.22734375 0.93515625 0.1171875 0.1296875
1 0.315625 0.93203125 0.115625 0.1359375
1 0.946875 0.85078125 0.10625 0.1703125
1 0.43984375 0.48515625 0.103125 0.2375
0 0.34609375 0.740625 0.1 0.2421875
1 0.31328125 0.5046875 0.103125 0.2375
0 0.7609375 0.0328125 0.0875 0.065625
0 0.41015625 0.73046875 0.103125 0.2421875
1 0.6046875 0.7046875 0.1078125 0.2484375
0 0.934375 0.66015625 0.1078125 0.2390625
0 0.2203125 0.76015625 0.103125 0.2421875
0 0.47734375 0.71953125 0.1046875 0.246875
0 0.5421875 0.71484375 0.1046875 0.246875
0 0.284375 0.75 0.1046875 0.246875
0 0.5046875 0.4796875 0.103125 0.2390625
0 0.865625 0.66953125 0.1078125 0.2421875
0 0.95390625 0.40703125 0.0921875 0.2390625
0 0.9734375 0.65 0.053125 0.24375
1 0.6953125 0.0359375 0.0875 0.071875
0 0.828125 0.0296875 0.084375 0.059375
0 0.828125 0.428125 0.115625 0.240625
0 0.671875 0.69609375 0.10625 0.2453125
1 0.7625 0.43828125 0.10625 0.234375
0 0.0546875 0.534375 0.109375 0.246875
0 0.7390625 0.68515625 0.1078125 0.2453125
0 0.63359375 0.03984375 0.0890625 0.0796875
0 0.6984375 0.4484375 0.10625 0.234375
0 0.5671875 0.46484375 0.103125 0.2421875
0 0.31484375 0.07421875 0.090625 0.1125
1 0.096875 0.77578125 0.109375 0.2515625
0 0.634375 0.45859375 0.1046875 0.2390625
1 0.13984375 0.93984375 0.1171875 0.1203125
0 0.80234375 0.675 0.1 0.24375
1 0.18359375 0.52421875 0.1046875 0.234375
1 0.5703125 0.0453125 0.09375 0.090625
1 0.18828125 0.09453125 0.0875 0.1109375
1 0.8640625 0.865625 0.1125 0.1703125
0 0.8921875 0.02578125 0.078125 0.0515625
1 0.43984375 0.05546875 0.0953125 0.1109375
1 0.0234375 0.12578125 0.046875 0.1140625
1 0.1203125 0.534375 0.103125 0.234375
0 0.1578125 0.7703125 0.103125 0.2421875
0 0.88984375 0.41796875 0.1015625 0.24375
1 0.3796875 0.49765625 0.09375 0.240625
1 0.25 0.5125 0.109375 0.246875
1 0.12421875 0.09921875 0.0703125 0.0984375
1 0.06875 0.11171875 0.0703125 0.1
1 0.50546875 0.0515625 0.0609375 0.103125
0 0.25078125 0.0875 0.075 0.115625
0 0.375 0.06640625 0.0828125 0.1125