1 0.15859375 0.9125 0.09140625 0.16953125
1 0.24765625 0.91640625 0.09140625 0.1609375
1 0.890625 0.91796875 0.09140625 0.1578125
1 0.44296875 0.47578125 0.06796875 0.22890625
1 0.9671875 0.92109375 0.06328125 0.15234375
0 0.31015625 0.71328125 0.06484375 0.234375
1 0.31484375 0.47578125 0.06796875 0.22890625
0 0.8359375 0.05390625 0.071875 0.10703125
0 0.375 0.71328125 0.06796875 0.234375
1 0.57109375 0.71875 0.071875 0.23984375
0 0.90390625 0.72578125 0.071875 0.23125
0 0.1828125 0.71328125 0.06796875 0.234375
0 0.44296875 0.71328125 0.06796875 0.23984375
0 0.5078125 0.71875 0.06796875 0.23984375
0 0.24765625 0.71328125 0.06796875 0.23984375
0 0.5078125 0.48046875 0.06796875 0.23125
0 0.834375 0.72421875 0.071875 0.234375
0 0.96640625 0.48046875 0.06484375 0.23125
0 0.9671875 0.72578125 0.06328125 0.2375
1 0.76875 0.05234375 0.071875 0.1046875
0 0.90234375 0.05625 0.0671875 0.1125
0 0.83515625 0.48046875 0.0796875 0.23125
0 0.6390625 0.7203125 0.06953125 0.2375
1 0.76875 0.48046875 0.071875 0.22578125
0 0.05078125 0.46328125 0.08125 0.2375
0 0.70703125 0.7203125 0.071875 0.2375
0 0.70625 0.05078125 0.0734375 0.1015625
0 0.70390625 0.48046875 0.071875 0.22578125
0 0.571875 0.47578125 0.06796875 0.234375
0 0.38359375 0.05078125 0.075 0.1015625
1 0.05859375 0.709375 0.071875 0.24296875
0 0.6390625 0.48046875 0.06953125 0.23125
1 0.07109375 0.9109375 0.09140625 0.17265625
0 0.77109375 0.7203125 0.06328125 0.2375
1 0.18359375 0.47421875 0.06953125 0.22578125
1 0.6421875 0.05078125 0.078125 0.1015625
1 0.25546875 0.05078125 0.071875 0.1015625
1 0.80234375 0.91796875 0.0890625 0.1578125
0 0.9671875 0.0578125 0.06015625 0.115625
1 0.51015625 0.05078125 0.0796875 0.1015625
1 0.06796875 0.05234375 0.071875 0.1046875
1 0.11953125 0.47421875 0.06796875 0.22578125
0 0.11953125 0.71328125 0.06796875 0.234375
0 0.89765625 0.4796875 0.06484375 0.23671875
1 0.38125 0.47890625 0.05703125 0.23515625
1 0.25078125 0.4734375 0.07265625 0.23828125
1 0.19140625 0.0453125 0.05703125 0.08984375
1 0.13515625 0.04921875 0.05703125 0.09296875
1 0.5765625 0.0546875 0.04453125 0.1046875
0 0.31796875 0.05390625 0.059375 0.1078125
0 0.44453125 0.05234375 0.0671875 0.10390625