1 0.7703125 0.48125 0.0703125 0.23984375
0 0.4421875 0.71484375 0.06953125 0.2375
1 0.57109375 0.71328125 0.075 0.234375
1 0.15859375 0.915625 0.09140625 0.1640625
0 0.246875 0.71328125 0.075 0.234375
0 0.834375 0.48125 0.071875 0.23984375
0 0.6390625 0.48125 0.06953125 0.23984375
1 0.24765625 0.91640625 0.09140625 0.1609375
0 0.70390625 0.48125 0.071875 0.23984375
0 0.5078125 0.48046875 0.06796875 0.2375
0 0.6390625 0.71875 0.071875 0.234375
0 0.83515625 0.7203125 0.06796875 0.23125
0 0.50625 0.71328125 0.0703125 0.234375
0 0.9 0.48125 0.0703125 0.234375
0 0.7078125 0.7203125 0.06796875 0.23125
0 0.9 0.7203125 0.06796875 0.2375
1 0.44296875 0.48046875 0.0734375 0.2375
0 0.77109375 0.7203125 0.06328125 0.23125
0 0.571875 0.48046875 0.06484375 0.2375
0 0.17890625 0.71328125 0.071875 0.234375
0 0.9625 0.72578125 0.06015625 0.2375
1 0.76796875 0.05625 0.06484375 0.1015625
1 0.80234375 0.92109375 0.0890625 0.15234375
0 0.96640625 0.48125 0.06484375 0.234375
0 0.0515625 0.46875 0.0765625 0.23125
1 0.12578125 0.4703125 0.065625 0.2296875
0 0.8359375 0.0578125 0.071875 0.1046875
1 0.31484375 0.48046875 0.06796875 0.2203125
0 0.31484375 0.05078125 0.0765625 0.090625
0 0.70390625 0.05234375 0.071875 0.09921875
0 0.11796875 0.71328125 0.06171875 0.22890625
1 0.890625 0.92265625 0.0890625 0.15
0 0.38359375 0.05078125 0.071875 0.09609375
1 0.96640625 0.92265625 0.06484375 0.15
1 0.71171875 0.92109375 0.09140625 0.15234375
1 0.6390625 0.05234375 0.071875 0.09921875
0 0.2546875 0.4765625 0.05703125 0.23515625
0 0.3859375 0.4765625 0.0609375 0.23125
1 0.1921875 0.46640625 0.0640625 0.24140625
1 0.0625 0.7015625 0.0546875 0.2375
0 0.31484375 0.71015625 0.06015625 0.228125
0 0.38203125 0.7125 0.0625 0.23359375
0 0.9015625 0.05390625 0.05625 0.103125
0 0.9625 0.05859375 0.0671875 0.1078125
0 0.4515625 0.046875 0.0671875 0.09375
1 0.51640625 0.046875 0.0640625 0.09375
1 0.57890625 0.05390625 0.0578125 0.09375
1 0.25625 0.05 0.0625 0.1
1 0.19296875 0.046875 0.065625 0.09375
1 0.128125 0.04921875 0.06796875 0.0984375
1 0.01953125 0.04375 0.03203125 0.08203125
1 0.06875 0.0484375 0.05546875 0.096875
1 0.071875 0.90625 0.08359375 0.16875