1 0.1875 0.9234375 0.103125 0.153125
1 0.2765625 0.92421875 0.103125 0.1515625
1 0.91875 0.88984375 0.1015625 0.1640625
1 0.44140625 0.4796875 0.084375 0.2328125
1 0.97890625 0.8875 0.0421875 0.15625
0 0.32578125 0.72578125 0.08125 0.2390625
1 0.31328125 0.4890625 0.084375 0.2328125
0 0.80390625 0.04375 0.0796875 0.0875
0 0.38984375 0.72109375 0.084375 0.2390625
1 0.5859375 0.71328125 0.0890625 0.24375
0 0.91875 0.696875 0.0875 0.2359375
0 0.1984375 0.73515625 0.084375 0.2390625
0 0.4578125 0.71640625 0.084375 0.24375
0 0.5234375 0.71796875 0.084375 0.24375
0 0.26328125 0.73046875 0.084375 0.24375
0 0.50625 0.4796875 0.084375 0.2359375
0 0.84921875 0.7 0.0875 0.2390625
0 0.96171875 0.44765625 0.0765625 0.2359375
0 0.97109375 0.6921875 0.0578125 0.240625
1 0.73671875 0.04453125 0.0796875 0.0890625
0 0.8703125 0.04375 0.075 0.0875
0 0.8328125 0.45703125 0.0953125 0.2359375
0 0.65390625 0.71015625 0.0859375 0.2421875
1 0.76640625 0.46171875 0.0875 0.2296875
0 0.04921875 0.49453125 0.096875 0.2421875
0 0.721875 0.70546875 0.0875 0.2421875
0 0.67421875 0.0453125 0.0796875 0.090625
0 0.70234375 0.46640625 0.0875 0.2296875
0 0.5703125 0.47109375 0.084375 0.2390625
0 0.35234375 0.06015625 0.08125 0.10625
1 0.07421875 0.73984375 0.0890625 0.246875
0 0.6375 0.47109375 0.0859375 0.2359375
1 0.1 0.925 0.103125 0.15
0 0.7859375 0.70078125 0.0796875 0.240625
1 0.1828125 0.49609375 0.084375 0.2296875
1 0.609375 0.04765625 0.084375 0.0953125
1 0.225 0.06875 0.078125 0.10625
1 0.83046875 0.89609375 0.1 0.1640625
0 0.934375 0.04296875 0.06875 0.0859375
1 0.47890625 0.0515625 0.0859375 0.103125
1 0.03828125 0.0828125 0.0765625 0.109375
1 0.11875 0.50078125 0.0828125 0.2296875
0 0.13515625 0.7390625 0.084375 0.2390625
0 0.8953125 0.45234375 0.08125 0.240625
1 0.3796875 0.4875 0.0734375 0.2390625
1 0.24921875 0.490625 0.0890625 0.2421875
1 0.16015625 0.06796875 0.0625 0.09375
1 0.1046875 0.07578125 0.0640625 0.096875
1 0.54453125 0.05234375 0.0515625 0.1046875
0 0.2875 0.06796875 0.0671875 0.1109375
0 0.41328125 0.05703125 0.075 0.1078125