0 0.7359375 0.34375 0.1125 0.1625
0 0.57890625 0.303125 0.1 0.1359375
0 0.65078125 0.32421875 0.1046875 0.1421875
0 0.4953125 0.28515625 0.11875 0.146875
0 0.26171875 0.225 0.121875 0.1546875
0 0.95546875 0.4140625 0.0890625 0.159375
0 0.815625 0.375 0.1140625 0.1625
1 0.425 0.271875 0.1109375 0.1515625
0 0.88984375 0.39765625 0.109375 0.1578125
1 0.34296875 0.25546875 0.1109375 0.1578125
1 0.1734375 0.215625 0.115625 0.1421875
0 0.5828125 0.446875 0.1125 0.1625
0 0.49375 0.42578125 0.1171875 0.1515625
1 0.33125 0.384375 0.1078125 0.1359375
0 0.66328125 0.47421875 0.11875 0.1640625
0 0.82421875 0.51796875 0.1171875 0.165625
1 0.2484375 0.365625 0.115625 0.15
1 0.41015625 0.40859375 0.1109375 0.14375
0 0.909375 0.54375 0.121875 0.1734375
1 0.73828125 0.50078125 0.1234375 0.153125
0 0.08203125 0.32734375 0.1125 0.1453125
1 0.16484375 0.35234375 0.1171875 0.146875
0 0.275 0.03125 0.103125 0.0625
0 0.20078125 0.0234375 0.0984375 0.046875
0 0.96953125 0.184375 0.0609375 0.15
0 0.57421875 0.07578125 0.1046875 0.1515625
0 0.49921875 0.065625 0.1046875 0.13125
0 0.76953125 0.79296875 0.121875 0.1796875
0 0.8546875 0.821875 0.1234375 0.16875
1 0.67265625 0.77578125 0.1234375 0.171875
1 0.3515625 0.0484375 0.1125 0.096875
0 0.64609375 0.09765625 0.103125 0.15625
0 0.86015625 0.15546875 0.103125 0.1578125
0 0.42421875 0.06015625 0.1109375 0.1203125
0 0.58359375 0.75703125 0.1328125 0.1796875
1 0.05625 0.61953125 0.1125 0.1921875
1 0.49609375 0.74453125 0.134375 0.16875
1 0.2265625 0.67421875 0.13125 0.178125
0 0.1328125 0.653125 0.1359375 0.1765625
0 0.3125 0.70234375 0.140625 0.1828125
0 0.40703125 0.7328125 0.125 0.18125
0 0.71640625 0.1203125 0.1078125 0.1546875
0 0.7890625 0.140625 0.103125 0.1515625
1 0.9234375 0.17890625 0.10625 0.14375
0 0.68671875 0.93828125 0.1296875 0.1234375
0 0.7765625 0.95 0.140625 0.1
0 0.40546875 0.90078125 0.1359375 0.19375
0 0.59453125 0.92734375 0.1359375 0.1453125
0 0.209375 0.84921875 0.1421875 0.1953125
0 0.3109375 0.8765625 0.140625 0.19375
0 0.50234375 0.9171875 0.1390625 0.165625
0 0.11484375 0.82734375 0.1328125 0.1875
0 0.04453125 0.8 0.0890625 0.190625