0 0.65234375 0.26171875 0.1 0.1578125
0 0.4921875 0.28828125 0.090625 0.13125
0 0.56640625 0.278125 0.09375 0.1375
0 0.40859375 0.30546875 0.1078125 0.140625
0 0.1703125 0.34609375 0.109375 0.1484375
0 0.890625 0.2328125 0.0953125 0.1546875
0 0.7375 0.2578125 0.1 0.1578125
1 0.3390625 0.321875 0.0984375 0.1453125
0 0.8140625 0.24765625 0.0953125 0.153125
1 0.25703125 0.340625 0.0984375 0.153125
1 0.0859375 0.3734375 0.1046875 0.1359375
0 0.55390625 0.41796875 0.0984375 0.1578125
0 0.4640625 0.434375 0.1046875 0.1453125
1 0.2984375 0.46328125 0.096875 0.13125
0 0.63828125 0.41015625 0.10625 0.1578125
0 0.80390625 0.384375 0.103125 0.159375
1 0.21484375 0.4796875 0.1046875 0.14375
1 0.38125 0.453125 0.1 0.1375
0 0.8921875 0.3734375 0.1078125 0.16875
1 0.71796875 0.40390625 0.1125 0.146875
0 0.04921875 0.51171875 0.0984375 0.1390625
1 0.13359375 0.50078125 0.10625 0.140625
0 0.08828125 0.12578125 0.090625 0.140625
0 0.02734375 0.1390625 0.0546875 0.14375
0 0.8203125 0.0421875 0.09375 0.084375
0 0.39609375 0.08125 0.090625 0.1484375
0 0.31953125 0.09453125 0.0921875 0.1484375
0 0.86484375 0.6578125 0.1078125 0.175
0 0.95 0.65 0.1 0.1625
0 0.7703125 0.68203125 0.109375 0.1671875
1 0.16875 0.11953125 0.1 0.1546875
0 0.46875 0.07421875 0.090625 0.1484375
0 0.68828125 0.0578125 0.0890625 0.115625
0 0.24375 0.109375 0.096875 0.1578125
0 0.68046875 0.70078125 0.11875 0.1734375
1 0.13046875 0.79609375 0.125 0.1859375
1 0.59609375 0.725 0.121875 0.1625
1 0.32109375 0.7703125 0.1171875 0.171875
0 0.22734375 0.7890625 0.121875 0.1703125
0 0.4109375 0.7609375 0.1265625 0.1765625
0 0.509375 0.75078125 0.109375 0.1765625
0 0.54296875 0.06953125 0.0953125 0.1390625
0 0.6171875 0.06328125 0.090625 0.1265625
1 0.75546875 0.0515625 0.0953125 0.103125
0 0.86328125 0.8578125 0.1125 0.190625
0 0.946875 0.84296875 0.10625 0.1921875
0 0.5765625 0.9046875 0.11875 0.1875
0 0.7703125 0.87421875 0.11875 0.1875
0 0.37578125 0.92109375 0.1265625 0.1578125
0 0.4796875 0.91328125 0.125 0.1734375
0 0.67734375 0.8921875 0.1234375 0.184375
0 0.28046875 0.93203125 0.1171875 0.1359375
0 0.18046875 0.93984375 0.1296875 0.1203125