0 0.67578125 0.27890625 0.084375 0.1515625
0 0.5140625 0.2890625 0.078125 0.125
0 0.5890625 0.28671875 0.08125 0.13125
0 0.42890625 0.296875 0.0953125 0.1328125
0 0.18828125 0.3125 0.096875 0.140625
0 0.91640625 0.275 0.08125 0.1484375
0 0.76171875 0.28359375 0.0859375 0.1515625
1 0.35859375 0.30625 0.0859375 0.1390625
0 0.8390625 0.28203125 0.08125 0.146875
1 0.275 0.31640625 0.084375 0.146875
1 0.1015625 0.33046875 0.0921875 0.128125
0 0.5625 0.42421875 0.084375 0.1515625
0 0.47109375 0.43125 0.0921875 0.1375
1 0.30390625 0.4421875 0.0859375 0.1234375
0 0.646875 0.425 0.0921875 0.1515625
0 0.8140625 0.4171875 0.0890625 0.153125
1 0.21875 0.45 0.090625 0.1375
1 0.38671875 0.440625 0.0875 0.13125
0 0.903125 0.41484375 0.0921875 0.1625
1 0.72734375 0.42734375 0.0984375 0.1375
0 0.04921875 0.46484375 0.0890625 0.1328125
1 0.1359375 0.4625 0.09375 0.1328125
0 0.1296875 0.084375 0.078125 0.134375
0 0.05234375 0.090625 0.0734375 0.1390625
0 0.86953125 0.05859375 0.0796875 0.1171875
0 0.43984375 0.07265625 0.078125 0.14375
0 0.3625 0.07734375 0.0796875 0.1421875
0 0.846875 0.6953125 0.090625 0.16875
0 0.93671875 0.696875 0.09375 0.1546875
1 0.74921875 0.709375 0.0953125 0.159375
1 0.21015625 0.0875 0.0859375 0.1484375
0 0.51328125 0.07265625 0.0765625 0.1453125
0 0.7359375 0.0671875 0.075 0.134375
0 0.2859375 0.08515625 0.0828125 0.1515625
0 0.65859375 0.71875 0.103125 0.165625
1 0.1015625 0.75546875 0.109375 0.178125
1 0.571875 0.734375 0.10625 0.153125
1 0.29375 0.75 0.1015625 0.1640625
0 0.1984375 0.759375 0.1078125 0.1609375
0 0.384375 0.75 0.1109375 0.1671875
0 0.48359375 0.75078125 0.09375 0.1703125
0 0.58828125 0.071875 0.08125 0.14375
0 0.6625 0.06953125 0.078125 0.1390625
1 0.80234375 0.06484375 0.0828125 0.1296875
0 0.82421875 0.89375 0.0953125 0.184375
0 0.91796875 0.8890625 0.10625 0.184375
0 0.534375 0.91015625 0.1015625 0.1796875
0 0.7296875 0.9 0.1015625 0.1796875
0 0.33125 0.915625 0.109375 0.16875
0 0.43671875 0.91328125 0.1078125 0.1734375
0 0.6359375 0.90859375 0.1078125 0.175
0 0.23359375 0.921875 0.1015625 0.15625
0 0.13359375 0.92421875 0.1140625 0.1515625