0 0.63515625 0.2515625 0.1078125 0.1609375
0 0.47734375 0.28984375 0.096875 0.134375
0 0.55078125 0.27421875 0.1015625 0.140625
0 0.3953125 0.3125 0.1140625 0.1453125
0 0.16015625 0.36953125 0.1171875 0.153125
0 0.8703125 0.20625 0.1046875 0.1578125
0 0.7203125 0.24140625 0.109375 0.1609375
1 0.3265625 0.33359375 0.1078125 0.15
0 0.79609375 0.2265625 0.1046875 0.15625
1 0.246875 0.3578125 0.1078125 0.15625
1 0.078125 0.40234375 0.1109375 0.1390625
0 0.5484375 0.4140625 0.1078125 0.1609375
0 0.46015625 0.4375 0.1125 0.15
1 0.296875 0.47734375 0.1046875 0.134375
0 0.63203125 0.40078125 0.115625 0.1625
0 0.79453125 0.3640625 0.1125 0.1640625
1 0.2140625 0.49921875 0.1125 0.1484375
1 0.378125 0.46171875 0.1078125 0.1421875
0 0.88203125 0.34609375 0.1171875 0.171875
1 0.7109375 0.3890625 0.1203125 0.1515625
0 0.05234375 0.54375 0.1046875 0.14375
1 0.13515625 0.5265625 0.1140625 0.14375
0 0.0625 0.15546875 0.0984375 0.14375
0 0.01796875 0.175 0.0359375 0.146875
0 0.78671875 0.03203125 0.1015625 0.0640625
0 0.3671875 0.08984375 0.1 0.1515625
0 0.29140625 0.1078125 0.1015625 0.1515625
0 0.875 0.63203125 0.1171875 0.178125
0 0.95234375 0.61796875 0.0953125 0.1671875
0 0.78203125 0.6625 0.11875 0.1703125
1 0.14296875 0.14375 0.109375 0.1578125
0 0.43984375 0.0765625 0.0984375 0.153125
0 0.65546875 0.05234375 0.0984375 0.1046875
0 0.2171875 0.128125 0.10625 0.1609375
0 0.69375 0.6875 0.128125 0.178125
1 0.15234375 0.82109375 0.1359375 0.190625
1 0.6109375 0.71796875 0.1296875 0.1671875
1 0.340625 0.78203125 0.1265625 0.1765625
0 0.24765625 0.8078125 0.13125 0.175
0 0.42890625 0.76640625 0.1359375 0.18125
0 0.52734375 0.74921875 0.1203125 0.18125
0 0.5125 0.06953125 0.103125 0.1390625
0 0.5859375 0.0609375 0.1 0.121875
1 0.7234375 0.04453125 0.103125 0.0890625
0 0.8875 0.83125 0.1234375 0.19375
0 0.95546875 0.809375 0.0890625 0.196875
0 0.6046875 0.8984375 0.1296875 0.1921875
0 0.79609375 0.85390625 0.1296875 0.1921875
0 0.40625 0.9234375 0.1375 0.153125
0 0.51015625 0.9125 0.1359375 0.175
0 0.7046875 0.87890625 0.134375 0.1875
0 0.3125 0.93828125 0.128125 0.1234375
0 0.2140625 0.94921875 0.140625 0.1015625