0 0.9369380734374999 0.2483454515625 0.8786453625 0.1464884703125 0.8118921578125 0.158282740625 0.8667822078125 0.2601928390625 0.9369380734374999 0.2483454515625
0 0.8645103359374999 0.2634733234375 0.804353003125 0.16108402187499998 0.738264515625 0.175254184375 0.7978502375 0.2777728828125 0.8645103359374999 0.2634733234375
1 0.6233722875 0.31378378906250004 0.5698245859375 0.21361876406250002 0.498223603125 0.2255707421875 0.4935891640625 0.2264715859375 0.5483493265625 0.33086561406250004 0.6233722875 0.31378378906250004
0 0.70634350625 0.3010463921875 0.649086409375 0.196751190625 0.5742884593750001 0.2111862125 0.6272745484375 0.31104724375 0.70634350625 0.3010463921875
0 0.7901000140625001 0.28716525625 0.7301492890625 0.1793671953125 0.652740553125 0.19484485468749999 0.7109082453125 0.3030059609375 0.7901000140625001 0.28716525625
0 0.5489019109375 0.3315891546875 0.49431362500000003 0.22787813906249998 0.4198381953125 0.24235469531249998 0.471847803125 0.3490657953125 0.5489019109375 0.3315891546875
0 0.46962460312500004 0.3512296515625 0.417941015625 0.24258105 0.337689915625 0.26065699375 0.3894067609375 0.3686965484375 0.46962460312500004 0.3512296515625
1 0.0662373484375 0.45212984218749996 0.1478533140625 0.4357067640625 0.0968177734375 0.3053289140625 0.016891796875 0.3200776640625 0.0662373484375 0.45212984218749996
1 0.2341694015625 0.42281646874999995 0.1834380203125 0.2908534984375 0.097391859375 0.30600460625000003 0.1502831546875 0.4384067671875 0.2341694015625 0.42281646874999995
1 0.39625269687500003 0.39281305624999996 0.3347259921875 0.25829695468749997 0.25880284374999996 0.275416778125 0.31783198125 0.4086812109375 0.39625269687500003 0.39281305624999996
1 0.31589283125 0.40593459374999996 0.25696465 0.27734865625 0.1837171828125 0.29001195156250004 0.23533646562500002 0.42346729375000003 0.31589283125 0.40593459374999996
0 0.8684014390625 0.42715489375000004 0.9518041281249999 0.411583428125 0.871767084375 0.2721712140625 0.7951537156249999 0.2886825921875 0.8684014390625 0.42715489375000004
0 0.9603748984375 0.257509084375 0.8751725578125 0.27056789375 0.9557667890625 0.4172168734375 0.9926153390625 0.4138646921875 0.9882116734374999 0.3912097953125 0.9603748984375 0.257509084375
0 0.5388468953125 0.49454914843750003 0.6215299203125 0.4752753421875 0.550913465625 0.34171640625 0.4757948015625 0.3574172703125 0.5388468953125 0.49454914843750003
0 0.7886144500000001 0.4465061421875 0.8647985625000001 0.4252937375 0.7930595874999999 0.2970759703125 0.711748725 0.313088840625 0.7886144500000001 0.4465061421875
0 0.6208552140625 0.474125746875 0.7053373921875 0.4641077875 0.6304240375 0.3288226015625 0.554723690625 0.342587171875 0.6208552140625 0.474125746875
0 0.787232090625 0.4481890703125 0.7089685640625001 0.31419546249999997 0.6344097718749999 0.330170503125 0.7075394046875 0.46432013124999993 0.787232090625 0.4481890703125
0 0.40294382031250003 0.394623578125 0.45884565781250003 0.5165035265625 0.5381656921875 0.49660267343750003 0.472261815625 0.357645109375 0.395238096875 0.3745381171875 0.40294382031250003 0.394623578125
0 0 0.5169161046874999 0.0254364921875 0.602114328125 0.11135980625 0.5843458765625 0.0657190203125 0.44902018281249995 0 0.45984629843749997 0 0.5169161046874999
1 0.11482785 0.5836717578124999 0.1993953625 0.5651002 0.153235521875 0.44180832187499997 0.06982300625 0.45471023125 0.11482785 0.5836717578124999
0 0.2878716484375 0.5490971359375 0.37264956250000003 0.5313372375000001 0.31856514375 0.4105740796875 0.2369402734375 0.42535503124999996 0.2878716484375 0.5490971359375
1 0.20268497187499998 0.5665940625 0.287473625 0.552246115625 0.23569079375 0.42471399375 0.1542918609375 0.43999720625 0.20268497187499998 0.5665940625
0 0.3728766296875 0.530652728125 0.45535822656249997 0.5159006734375 0.3982706484375 0.396361640625 0.32041656406249996 0.41168949687499995 0.3728766296875 0.530652728125
0 1 0.620487978125 0.9506951125 0.5324008499999999 0.87901856875 0.5429509359375 0.9605973625 0.713508609375 1 0.7051099625 1 0.620487978125
0 0.213022971875 0.8614810625 0.306857209375 0.8442640640624999 0.23985206718750002 0.6696546046875 0.1508535953125 0.683674125 0.213022971875 0.8614810625
0 0.958763596875 0.7143763187500001 0.8752414843749999 0.5450224921875 0.802040890625 0.5575050109374999 0.8814872703125 0.7324649015625 0.958763596875 0.7143763187500001
0 0.4975706125 0.808726925 0.422031759375 0.6301523484375 0.33659302812499997 0.6512498843750001 0.40577148281250003 0.8260596046875 0.4975706125 0.808726925
1 0.211608496875 0.8595621078125 0.148632290625 0.6854632265625 0.059224778125 0.7051498796875 0.1179107828125 0.8827887359375 0.211608496875 0.8595621078125
0 0.863296784375 0.7376369578124999 0.7789128187500001 0.5638492796875 0.6966440515625 0.5808541828125 0.7777740296875 0.75323836875 0.863296784375 0.7376369578124999
0 0.58656854375 0.787337365625 0.5129653890625 0.62167939375 0.426132678125 0.6349791140625001 0.49746461562500005 0.8067024703125 0.58656854375 0.787337365625
1 0.40499307812499996 0.8267221734374999 0.335152384375 0.65675400625 0.24350576093749998 0.6681175984375 0.310060878125 0.8456863890624999 0.40499307812499996 0.8267221734374999
1 0.776567721875 0.7534728515625 0.694324859375 0.5818253078125 0.6014497265625 0.60344680625 0.685897259375 0.7736537265625001 0.776567721875 0.7534728515625
0 0.515393884375 0.6209921109375001 0.5797626359375 0.76718720625 0.5882071734375 0.78548505625 0.682349165625 0.7728096125 0.5988590296875 0.6039608328125 0.515393884375 0.6209921109375001
0 0 0.22734254687500002 0.060257818750000004 0.215003684375 0.0242841109375 0.12245773125 0 0.12727503281250002 0 0.22734254687500002
0 0.0611323109375 0.21603295937500003 0.13810022500000002 0.20027240625 0.1001020390625 0.10772021875 0.024659175 0.12236086093750001 0.0611323109375 0.21603295937500003
1 0.1389358828125 0.2013491859375 0.2167287921875 0.188731159375 0.1741384203125 0.09395389062500001 0.10086937968750001 0.1069306125 0.1389358828125 0.2013491859375
0 0.216954884375 0.18868721093750002 0.291956521875 0.1761945265625 0.2480877375 0.08208298124999999 0.1753888828125 0.093446503125 0.216954884375 0.18868721093750002
0 0.292091203125 0.1757511140625 0.36828475156249996 0.1609405890625 0.32777098437499996 0.0720181296875 0.24834981093750003 0.08160003125000001 0.292091203125 0.1757511140625
0 0.8622231484375 0.9226389640624999 0.9544516968750001 0.9054701890624999 0.8653881890624999 0.739191496875 0.779595753125 0.755345903125 0.8622231484375 0.9226389640624999
0 0.7693296843749999 0.94297154375 0.86072084375 0.9236896203124999 0.7765905390625 0.7564520109374999 0.68887026875 0.7784415 0.7693296843749999 0.94297154375
0 1 0.798771771875 0.95575020625 0.715557778125 0.8703453718749999 0.7358858484375 0.9607713875 0.91258680625 1 0.9056146249999999 1 0.798771771875
0 0.6717912828125 0.96344836875 0.7684150234375 0.9469425359375 0.684000525 0.7782428859375 0.596655425 0.7921193109375 0.6717912828125 0.96344836875
0 0.36703795625 1 0.30453003125 0.8482112781250001 0.21661022343749997 0.8647792031250001 0.2646922890625 1 0.36703795625 1
0 0.474472096875 1 0.401422775 0.8308945171875 0.308155309375 0.849411465625 0.3705238234375 1 0.474472096875 1
0 0.526680946875 1 0.5776607874999999 0.9900905234374999 0.4986871265625 0.8142641625 0.4031920015625 0.8309382015625 0.475478846875 1 0.526680946875 1
0 0.50097310625 0.8125381875000001 0.5790918890625 0.9939844421874999 0.6752819015625 0.975286996875 0.5925789921875 0.7929788734375001 0.50097310625 0.8125381875000001
0 0.2611843828125 1 0.21491018125 0.8656316125 0.11951094843750001 0.88668691875 0.15540205625 1 0.2611843828125 1
0 0.6643436640625 0.1095434984375 0.6119729578124999 0.008811485937499999 0.5440137078125 0.02415504375 0.5931453999999999 0.1246506015625 0.6643436640625 0.1095434984375
0 0.3962308875 0.0599625640625 0.3288466375 0.0718090453125 0.3681517875 0.1605492046875 0.44000453124999994 0.1454484203125 0.3962308875 0.0599625640625
0 0.6732074296875 0 0.6141523109375 0.0090216453125 0.6651638656250001 0.110592915625 0.738314825 0.0977000875 0.6752566421874999 0 0.6732074296875 0
0 0.590953359375 0.12254156406250001 0.5411435109375 0.02764959375 0.469973315625 0.045136125 0.5167574640625 0.1350624375 0.590953359375 0.12254156406250001
0 0.4414842671875 0.14671204375 0.515659678125 0.1347971921875 0.467528525 0.0465209375 0.3968727921875 0.0587361640625 0.4414842671875 0.14671204375
0 0.7560518109375 0 0.81278178125 0.0844927421875 0.8821568171875 0.0710076015625 0.833842140625 0 0.7560518109375 0
0 0.6861032734375 0 0.6808935703125 0.0011187140625 0.738996746875 0.1020040109375 0.8108692015625 0.084864509375 0.7583199953124999 0.00888469375 0.751948775 0 0.6861032734375 0
0 0.8369732093750001 0 0.882262840625 0.06971942812500001 0.9242940093750001 0.0640845234375 0.9151332984374999 0.0152541421875 0.91216819375 0 0.8369732093750001 0