0 0.987182759375 0.3700082671875 0.9572388515625001 0.2565347140625 0.889707625 0.2506501046875 0.9163510671875 0.36329429062499996 0.987182759375 0.3700082671875
0 0.91330755625 0.3658749921875 0.8817003359375001 0.25140465624999997 0.8141962515625 0.24798702343749998 0.8452178484375 0.3624344015625 0.91330755625 0.3658749921875
0 0.6673647796875 0.35206005 0.6415662890625 0.2414489015625 0.5693116500000001 0.2344619265625 0.5646019718749999 0.23413259375 0.5904770625 0.3491424546875 0.6673647796875 0.35206005
0 0.7508055046875 0.3612312015625 0.72249298125 0.24567054531250002 0.64650765 0.240254571875 0.6718423453125 0.3504267296875 0.7508055046875 0.3612312015625
0 0.83530078125 0.3695008328125 0.8052930187499999 0.2498595125 0.7265160078124999 0.244774928125 0.7547075296875 0.36430544062500003 0.83530078125 0.3695008328125
0 0.590823553125 0.3499843609375 0.564937703125 0.23567872343750002 0.4892531546875 0.2303863453125 0.5118717125 0.34692242812499996 0.590823553125 0.3499843609375
0 0.50916421875 0.348437146875 0.487362034375 0.23011395937499998 0.4051670265625 0.22680346875000001 0.42715896875 0.34454696875 0.50916421875 0.348437146875
1 0.0934071609375 0.3414949421875 0.17649273593749998 0.346755234375 0.16094045937499998 0.20761093125 0.0799206359375 0.201170765625 0.0934071609375 0.3414949421875
0 0.2632039265625 0.3566444125 0.24835570625 0.2160477234375 0.1613201015625 0.20841218437500003 0.17814096875000002 0.3499921265625 0.2632039265625 0.3566444125
1 0.427529821875 0.3696135859375 0.40291491874999996 0.22375672500000002 0.325147853125 0.22064284843749998 0.3476742484375 0.3646442703125 0.427529821875 0.3696135859375
1 0.34651204999999996 0.36148935312499997 0.32287228749999997 0.22203314062500001 0.2488431640625 0.2153071046875 0.2641627796875 0.3575751203125 0.34651204999999996 0.36148935312499997
0 0.874702165625 0.5249863390625 0.95929316875 0.5315316625000001 0.9180658578124999 0.37615469375 0.8397895671875 0.3722744609375 0.874702165625 0.5249863390625
1 1 0.3841049640625 0.9217702609374999 0.37548740625 0.9616627624999999 0.537998765625 0.9981233375 0.5442979125 0.9997332421875 0.5212752109375 1 0.5165613437500001 1 0.3841049640625
0 0.5389340046875 0.5047891984375 0.6237881015625 0.5075720734375 0.5901454390625 0.3602871640625 0.5135226984375 0.3560108921875 0.5389340046875 0.5047891984375
0 0.7926253796875 0.5230278171875 0.87170375625 0.5222561078125 0.8355944281250001 0.379839840625 0.75290973125 0.3742622859375 0.7926253796875 0.5230278171875
0 0.623433921875 0.506287021875 0.707630278125 0.5184760125000001 0.6702839171874999 0.36841155468750003 0.5936004640625 0.36211441718750004 0.623433921875 0.506287021875
1 0.7908545484375 0.5242956203125 0.7499378859375 0.3746116421875 0.6737849781249999 0.3707451109375 0.7097023 0.51925104375 0.7908545484375 0.5242956203125
0 0.433524353125 0.3730942046875 0.45597653125 0.50528965625 0.5377445203125 0.50659644375 0.510051128125 0.3553165640625 0.431279696875 0.35169875156249997 0.433524353125 0.3730942046875
0 0.01517771875 0.4758087921875 0.10277207968749999 0.48088437656250005 0.0937113328125 0.3383570890625 0.0110507296875 0.3301858859375 0.01517771875 0.4758087921875
1 0.106296428125 0.48113082343749997 0.19278904531250002 0.48507975937500003 0.18011235 0.35404190468749996 0.09620278593750001 0.34491544375 0.106296428125 0.48113082343749997
1 0.28239247343749996 0.492521334375 0.36887824999999996 0.497308728125 0.34789251718749997 0.366662396875 0.26522335625000004 0.35981362968749997 0.28239247343749996 0.492521334375
1 0.19557992500000002 0.487374134375 0.281192996875 0.49546 0.2641823640625 0.358871046875 0.1816014453125 0.3525659 0.19557992500000002 0.487374134375
1 0.36927474375 0.4967063125 0.4527639609375 0.5038047296875 0.42856057343750004 0.3735635390625 0.34939216093750003 0.368218990625 0.36927474375 0.4967063125
0 0.97308585 0.829770465625 0.9269520921875 0.6479452953125 0.8549873031249999 0.6395846421875 0.88964279375 0.82544485 0.97308585 0.829770465625
0 0.12924329375000002 0.7748887734375 0.22433629375000003 0.7825445171875 0.20480654999999998 0.596542525 0.115212109375 0.5870498421875 0.12924329375000002 0.7748887734375
0 0.8876469328125 0.8258083796875001 0.8508027625000001 0.64060803125 0.7768657046875 0.633719509375 0.8083220624999999 0.823280021875 0.8876469328125 0.8258083796875001
0 0.417748984375 0.7975785375 0.39100255625 0.6055378499999999 0.303014634375 0.6038033328125 0.32459180625 0.7905612578125 0.417748984375 0.7975785375
1 0.128373678125 0.7726691140625 0.1126034390625 0.588203065625 0.0211471328125 0.5840785453125 0.0318571421875 0.770853559375 0.128373678125 0.7726691140625
1 0.7894127765625 0.8235678015625 0.752883684375 0.63386161875 0.669016965625 0.62899436875 0.7027661968750001 0.8165026890625 0.7894127765625 0.8235678015625
0 0.509250409375 0.79995216875 0.481030659375 0.620888959375 0.39371448125 0.61126154375 0.4181705671875 0.79559563125 0.509250409375 0.79995216875
1 0.323668440625 0.7909997859375 0.3001985078125 0.608747040625 0.2087335546875 0.5960035359375 0.227062675 0.78474755 0.323668440625 0.7909997859375
0 0.7015403046875 0.8164169671874999 0.6665254515625 0.629332153125 0.5712189078125001 0.6261790625 0.6087361687499999 0.8124429531249999 0.7015403046875 0.8164169671874999
1 0.48355428749999996 0.620853634375 0.507891653125 0.7787271125 0.5113126171875 0.7985870859374999 0.6055274453124999 0.8107092874999999 0.5685834453124999 0.626005053125 0.48355428749999996 0.620853634375
0 0.07057971874999999 0.106203809375 0.14900414374999998 0.11090104687499999 0.138208865625 0.0121978390625 0.0628540390625 0.0072195203125 0.07057971874999999 0.106203809375
0 0.14958244375000002 0.11212158593749999 0.2280068703125 0.11681882187499999 0.21525770937500002 0.0175856203125 0.1385962234375 0.01220134375 0.14958244375000002 0.11212158593749999
0 0.96625754375 1 0.978314546875 0.8275768109375001 0.887780603125 0.8270863703125 0.925009203125 1 0.96625754375 1
1 0.2285353625 0.11807519531249999 0.30694332812499997 0.1260214046875 0.29033435 0.02345039375 0.21620326875 0.017021521875 0.2285353625 0.11807519531249999
0 0.3071730921875 0.1260374703125 0.3828524546875 0.133382315625 0.3648363234375 0.031123467187499997 0.2916735265625 0.023283937499999997 0.3071730921875 0.1260374703125
0 0.3830973109375 0.1329888703125 0.4605278734375 0.13840334375000002 0.44440940468749995 0.042025109375 0.3652144625 0.030724801562499997 0.3830973109375 0.1329888703125
0 0.8318521328124999 1 0.7910305734375 0.825610665625 0.7039803765625 0.8190099078124999 0.7400969484375 1 0.8318521328124999 1
0 0.738229025 1 0.7007912796875 0.8193005203125001 0.61036870625 0.817837059375 0.6455030265625 0.9975853062500001 0.690287025 1 0.738229025 1
0 0.9245694140625 1 0.8844304359375 0.8261696578125 0.796674409375 0.8237006687499999 0.8344726609374999 1 0.9245694140625 1
0 0.64334904375 1 0.6057163015625 0.8163848296875 0.5177559296875 0.8071818515625001 0.5459883718749999 0.9921196046875 0.6308403 1 0.64334904375 1
0 0.1474527984375 0.97395604375 0.2461514765625 0.9793646875 0.22106679843750002 0.785754915625 0.131854690625 0.7790029828125 0.1474527984375 0.97395604375
0 0.249493671875 0.9795983953125 0.3473048546875 0.9856915015625001 0.319139909375 0.794105896875 0.22425791718750002 0.7878524984374999 0.249493671875 0.9795983953125
0 0.4173943109375 0.8032160734374999 0.32083754531249997 0.794606003125 0.348321690625 0.9865091234375001 0.4481697984375 0.993491184375 0.4173943109375 0.8032160734374999
0 0.5455578359375 1 0.5135959265625 0.8069570671875 0.4200491125 0.802140565625 0.4485443171875 0.9976228171875 0.4825396171875 1 0.5455578359375 1
0 0.12999195624999998 0.7793863421875 0.032393859375 0.77503306875 0.040972246875 0.9657636765625 0.11812161406249999 0.9745174109375 0.1437720890625 0.9763110671874999 0.12999195624999998 0.7793863421875
0 0.7598013671875 0.16538325 0.7352865140625 0.0545290625 0.6656717140625 0.051760653125 0.6871191203125 0.1615481265625 0.7598013671875 0.16538325
0 0.5136568031250001 0.048099053125 0.44550252031250004 0.042101546875 0.46050073593749996 0.13799088125 0.5338135296875001 0.14200150312499998 0.5136568031250001 0.048099053125
0 0.8343173234375 0.173088540625 0.798590540625 0.062073996875 0.7373372140625001 0.055296120312499995 0.7603220125 0.16660919375 0.8343173234375 0.173088540625
0 0.68554763125 0.15894360937500002 0.6619948609375 0.054393267187500004 0.588723884375 0.0528637578125 0.6106392578125 0.151834534375 0.68554763125 0.15894360937500002
0 0.53491579375 0.143605053125 0.6096475296875 0.1512941984375 0.58600398125 0.053568625 0.5145942515625 0.0470805796875 0.53491579375 0.143605053125
0 0.9801665421875001 0.184534625 0.9424776859374999 0.0765011640625 0.8715102953124999 0.068024409375 0.9096651921875001 0.179604690625 0.9801665421875001 0.184534625
1 0.80384975 0.0649363828125 0.833862071875 0.1774223046875 0.9077215624999999 0.179468778125 0.8766279484374999 0.0924771765625 0.8674575640625 0.0681369609375 0.80384975 0.0649363828125
0 1 0.0798014515625 0.9456609234375 0.07582820625 0.98060235625 0.1833177859375 1 0.18582476875 1 0.0798014515625