0 0.70546875 0.30546875 0.090625 0.153125
0 0.54296875 0.29296875 0.0828125 0.1265625
0 0.61796875 0.30078125 0.084375 0.1328125
0 0.4578125 0.2890625 0.0984375 0.1359375
0 0.2171875 0.2703125 0.1 0.14375
0 0.94375 0.33515625 0.0859375 0.1515625
0 0.7890625 0.321875 0.090625 0.153125
1 0.38671875 0.28828125 0.090625 0.1421875
0 0.86640625 0.33125 0.0859375 0.15
1 0.303125 0.28671875 0.0890625 0.1484375
1 0.12890625 0.27734375 0.096875 0.1296875
0 0.57265625 0.43359375 0.0890625 0.153125
0 0.48125 0.428125 0.096875 0.140625
1 0.3140625 0.415625 0.0890625 0.1265625
0 0.65625 0.44609375 0.096875 0.153125
0 0.82265625 0.46171875 0.09375 0.15625
1 0.22890625 0.4109375 0.0953125 0.1390625
1 0.39609375 0.42578125 0.0921875 0.1328125
0 0.9109375 0.471875 0.096875 0.1640625
1 0.73515625 0.459375 0.103125 0.140625
0 0.05859375 0.40234375 0.0921875 0.134375
1 0.14453125 0.4125 0.0984375 0.1359375
0 0.18984375 0.05234375 0.0828125 0.1046875
0 0.1125 0.0515625 0.078125 0.103125
0 0.9296875 0.10390625 0.084375 0.140625
0 0.49921875 0.0703125 0.0828125 0.140625
0 0.421875 0.0671875 0.084375 0.134375
0 0.81640625 0.74140625 0.096875 0.1703125
0 0.9046875 0.75546875 0.1 0.1578125
1 0.71796875 0.7421875 0.1 0.1625
1 0.2703125 0.06328125 0.090625 0.1265625
0 0.5734375 0.078125 0.08125 0.1484375
0 0.79453125 0.0984375 0.0796875 0.15
0 0.3453125 0.06796875 0.0875 0.1359375
0 0.6265625 0.73828125 0.109375 0.1671875
1 0.0703125 0.69765625 0.1140625 0.18125
1 0.53828125 0.74140625 0.1125 0.15625
1 0.2609375 0.71875 0.10625 0.1671875
0 0.16484375 0.71484375 0.1125 0.1640625
0 0.35 0.73125 0.115625 0.1703125
0 0.4484375 0.7453125 0.1 0.171875
0 0.64765625 0.08828125 0.0859375 0.1453125
0 0.721875 0.09609375 0.08125 0.14375
1 0.8609375 0.11015625 0.0859375 0.134375
0 0.76640625 0.92109375 0.1015625 0.1578125
0 0.859375 0.92421875 0.1125 0.1515625
0 0.47578125 0.909375 0.1078125 0.18125
0 0.67109375 0.91796875 0.1078125 0.1640625
0 0.27421875 0.89453125 0.115625 0.1828125
0 0.37890625 0.903125 0.1140625 0.1828125
0 0.5765625 0.9171875 0.1125 0.165625
0 0.17734375 0.8890625 0.10625 0.1765625
0 0.0765625 0.88046875 0.11875 0.1765625