0 0.70859375 0.309375 0.0921875 0.1546875
0 0.546875 0.29375 0.084375 0.128125
0 0.62109375 0.303125 0.0875 0.134375
0 0.46171875 0.28828125 0.1015625 0.1359375
0 0.22109375 0.265625 0.103125 0.1453125
0 0.94609375 0.34296875 0.0890625 0.1515625
0 0.7921875 0.32734375 0.09375 0.1546875
1 0.390625 0.28671875 0.0921875 0.1421875
0 0.86875 0.3375 0.0890625 0.15
1 0.30703125 0.28359375 0.0921875 0.15
1 0.1328125 0.2703125 0.0984375 0.13125
0 0.5734375 0.434375 0.0921875 0.1546875
0 0.4828125 0.42734375 0.0984375 0.1421875
1 0.31484375 0.4125 0.0921875 0.1265625
0 0.65703125 0.44921875 0.1 0.1546875
0 0.8234375 0.4671875 0.096875 0.15625
1 0.23046875 0.40625 0.0984375 0.140625
1 0.396875 0.42421875 0.09375 0.134375
0 0.91171875 0.47890625 0.1 0.165625
1 0.7359375 0.46328125 0.10625 0.1421875
0 0.06015625 0.39453125 0.0953125 0.1359375
1 0.14609375 0.40625 0.1 0.1359375
0 0.1984375 0.05 0.084375 0.1
0 0.12109375 0.04765625 0.0796875 0.0953125
0 0.93671875 0.11171875 0.0875 0.1421875
0 0.5078125 0.07109375 0.084375 0.1421875
0 0.43046875 0.0671875 0.0859375 0.134375
0 0.81171875 0.746875 0.1 0.171875
0 0.90078125 0.7625 0.1015625 0.159375
1 0.7140625 0.7453125 0.103125 0.1640625
1 0.27734375 0.0609375 0.0921875 0.121875
0 0.58125 0.0796875 0.0828125 0.15
0 0.8015625 0.10390625 0.08125 0.1515625
0 0.353125 0.06640625 0.090625 0.1328125
0 0.62265625 0.740625 0.1109375 0.16875
1 0.0671875 0.68984375 0.1171875 0.1828125
1 0.534375 0.7421875 0.1140625 0.1578125
1 0.2578125 0.71484375 0.109375 0.16875
0 0.16171875 0.70859375 0.115625 0.165625
0 0.34609375 0.72890625 0.11875 0.171875
0 0.44453125 0.74453125 0.1015625 0.1734375
0 0.6546875 0.09140625 0.0890625 0.146875
0 0.72890625 0.1 0.084375 0.14375
1 0.86796875 0.1171875 0.0890625 0.1359375
0 0.75859375 0.92265625 0.1046875 0.1546875
0 0.8515625 0.92734375 0.115625 0.1453125
0 0.46953125 0.909375 0.1109375 0.18125
0 0.66328125 0.91953125 0.1109375 0.1609375
0 0.2671875 0.890625 0.1171875 0.184375
0 0.371875 0.9015625 0.115625 0.184375
0 0.5703125 0.9171875 0.115625 0.165625
0 0.1703125 0.88359375 0.109375 0.178125
0 0.06953125 0.87265625 0.121875 0.178125
0 1 0.0768681171875 0.9641434546875001 0.0813413546875 0.9841040765625 0.19680497187499998 1 0.1907202484375 1 0.0768681171875
1 1 0.4186969828125 0.938913896875 0.42255533125 0.9563670999999999 0.552692865625 1 0.5156382984375 1 0.4186969828125