0 0.63203125 0.3 0.0828125 0.1296875
0 0.46796875 0.28125 0.103125 0.128125
0 0.55625 0.29375 0.09375 0.1375
0 0.953125 0.34375 0.0828125 0.128125
0 0.87890625 0.340625 0.0890625 0.1359375
0 0.7984375 0.33125 0.1 0.1453125
0 0.7140625 0.3234375 0.1015625 0.15
1 0.13984375 0.26328125 0.1 0.13125
0 0.22265625 0.27578125 0.10625 0.121875
1 0.38828125 0.29609375 0.096875 0.1390625
1 0.3078125 0.2875 0.0921875 0.1296875
0 0.6546875 0.446875 0.0984375 0.146875
0 0.5703125 0.43671875 0.09375 0.140625
0 0.484375 0.42734375 0.1015625 0.146875
0 0.9109375 0.48046875 0.1 0.1515625
1 0.14921875 0.3875 0.103125 0.1453125
0 0.8140625 0.47265625 0.1078125 0.1390625
0 0.06328125 0.38125 0.1 0.1453125
1 0.40546875 0.42578125 0.1 0.1328125
1 0.73359375 0.46640625 0.0953125 0.1296875
1 0.3203125 0.41640625 0.1 0.1421875
1 0.2328125 0.40703125 0.0984375 0.1390625
0 0.2046875 0.05 0.090625 0.1
0 0.12421875 0.04765625 0.0953125 0.0953125
0 0.36015625 0.059375 0.0921875 0.11875
0 0.80703125 0.10546875 0.09375 0.15
0 0.7359375 0.09765625 0.0859375 0.1484375
0 0.71171875 0.7390625 0.1015625 0.1578125
0 0.8078125 0.7515625 0.1015625 0.1703125
0 0.61875 0.7328125 0.1078125 0.1671875
0 0.89375 0.7671875 0.1 0.165625
0 0.346875 0.7015625 0.11875 0.178125
0 0.44296875 0.71484375 0.1046875 0.171875
0 0.4390625 0.06484375 0.090625 0.1296875
0 0.66640625 0.09140625 0.0828125 0.14375
0 0.51640625 0.07265625 0.0859375 0.1375
0 0.15078125 0.68515625 0.109375 0.1703125
1 0.25 0.703125 0.1140625 0.1640625
1 0.5265625 0.73828125 0.109375 0.165625
1 0.06171875 0.69296875 0.1140625 0.1703125
0 0.59140625 0.084375 0.0859375 0.1390625
1 0.28046875 0.0578125 0.0921875 0.115625
0 0.94609375 0.13828125 0.0921875 0.1296875
0 0.84140625 0.9265625 0.1203125 0.146875
0 0.0671875 0.86171875 0.11875 0.171875
0 0.55859375 0.9140625 0.1140625 0.171875
0 0.6578125 0.9203125 0.11875 0.159375
0 0.746875 0.9265625 0.103125 0.146875
0 0.46015625 0.90859375 0.1234375 0.1828125
0 0.2625 0.8890625 0.1171875 0.18125
0 0.36328125 0.90234375 0.1140625 0.1765625
0 0.1625 0.88125 0.115625 0.171875
1 0.878125 0.14375 0.084375 0.1375