0 0.0487693046875 0.8232113984374999 0.14659874687500002 0.813349140625 0.12876807343750002 0.662628928125 0.033838528125 0.66819144375 0.0487693046875 0.8232113984374999
0 0.1475572859375 0.8117129453124999 0.2471598 0.806840178125 0.2217267953125 0.6582431703125 0.11944125624999999 0.6641189328125 0.1475572859375 0.8117129453124999
0 0.24890396093749997 0.8134819578125001 0.3428989171875 0.8101641140625 0.31637065 0.671801759375 0.21980048281250003 0.6691764390625 0.24890396093749997 0.8134819578125001
0 0.3409239546875 0.8167409781250001 0.4365765453125 0.8250220640625001 0.40919823749999995 0.661515496875 0.31277908125 0.6707993859375 0.3409239546875 0.8167409781250001
0 0.43378718593750004 0.8249733750000001 0.5298147875 0.8117739390625 0.49965551093749994 0.6591255765625 0.4068605625 0.6625245140625 0.43378718593750004 0.8249733750000001
0 0.5244668046875 0.7984577859375 0.6138993312500001 0.79010176875 0.5876039578125 0.6725672968749999 0.49795072500000004 0.6657673046875 0.5244668046875 0.7984577859375
0 0.615931909375 0.7802201765625 0.706265425 0.7735326890625001 0.6815474453125 0.6623005125 0.5843920015624999 0.6689290078125001 0.615931909375 0.7802201765625
0 0.7143162421875 0.7918545515625001 0.7982277359375 0.7800964328125 0.7753177953125 0.66195285 0.678444571875 0.662306496875 0.7143162421875 0.7918545515625001
0 0.8075831921875001 0.7769540015625 0.8922226234374999 0.7767785828125 0.86476305 0.653591975 0.7714809218750001 0.6606247203125 0.8075831921875001 0.7769540015625
0 0.9047494125 0.80509564375 0.978750425 0.7749832 0.9384125453125 0.65487753125 0.8655336312499999 0.6540022140625 0.9047494125 0.80509564375
0 0.17064942031250002 0.9807062140625 0.146454471875 0.8216107687499999 0.0490625296875 0.8298590765625 0.0709892234375 0.9888837109375 0.17064942031250002 0.9807062140625
0 0.1688764203125 0.97571673125 0.2730124515625 0.9775344328125 0.2466983328125 0.8332776000000001 0.145409275 0.8282038640625 0.1688764203125 0.97571673125
0 0.27123938281250004 0.97254495 0.369825540625 0.9726129734375 0.3448456671875 0.8310531328125 0.2429791421875 0.83321268125 0.27123938281250004 0.97254495
0 0.37249953125 0.9792709859375 0.472974128125 0.9777190484375 0.43973191875 0.8307249484374999 0.342523975 0.8316445140625 0.37249953125 0.9792709859375
0 0.4710857578125 0.9793390109375 0.5714738265625 0.9827440953125001 0.5398981828125 0.8202140859375 0.438436140625 0.8250545234375 0.4710857578125 0.9793390109375
0 0.56964300625 0.981059334375 0.6672417171875 0.98441573125 0.6275842671875 0.8121752015625001 0.5278686671874999 0.8166985015625 0.56964300625 0.981059334375
0 0.7240246953125 0.8217752218750001 0.7229506531250001 0.8300207421874999 0.72233200625 0.8197823156249999 0.6254673109375 0.8200548968750001 0.66901485625 0.989405215625 0.764112625 0.9761895484374999 0.7240246953125 0.8217752218750001
0 0.76126558125 0.9794455843750001 0.858136353125 0.9712194000000001 0.8168719796874999 0.8392923828125 0.7229218125 0.8316730437500001 0.76126558125 0.9794455843750001
0 0.8579633031249999 0.98113345 0.9548053703124999 0.9745595687499999 0.916429603125 0.8271391625 0.820808940625 0.8185060656250001 0.8579633031249999 0.98113345
0 0.9546034796875 0.9861259203125 0.9920121640625 0.9619862156250001 0.99281948125 0.8215085203125 0.904432153125 0.8232714421875 0.9546034796875 0.9861259203125
0 0.099352359375 0.5050951546875 0.0860552015625 0.361065534375 0.0026628578125 0.34308150625 0.007597846875 0.4990517921875 0.099352359375 0.5050951546875
0 0.1739403 0.36590530625 0.2556749390625 0.37229052500000004 0.2413326515625 0.2348540609375 0.1564650359375 0.24037388437499999 0.1739403 0.36590530625
0 0.365288046875 0.48659726875000003 0.451758165625 0.4881066109375 0.4242546390625 0.3587046234375 0.3418934390625 0.36069187343750003 0.365288046875 0.48659726875000003
0 0.45358885000000004 0.48979143125 0.537298453125 0.489599721875 0.5090362625 0.377500365625 0.42873054374999997 0.3686998203125 0.45358885000000004 0.48979143125
0 0.5363975296875 0.4879311921875 0.6218802 0.49272896718750003 0.58941579375 0.37691896874999997 0.5104651828125 0.3750850390625 0.5363975296875 0.4879311921875
0 0.6218802 0.49272896718750003 0.70553211875 0.49584198281249997 0.669795325 0.3763375703125 0.5839471109375001 0.374714865625 0.6218802 0.49272896718750003
0 0.7055609609375 0.4941896203125 0.7901137312500001 0.498971165625 0.7590674421875 0.3778958203125 0.6712893765625 0.3795451015625 0.7055609609375 0.4941896203125
0 0.7927011984375001 0.5105862671875 0.8766705124999999 0.49552348281249997 0.8471544 0.383402240625 0.75494129375 0.3826581171875 0.7927011984375001 0.5105862671875
0 0.877398315625 0.5071061234375 0.954686028125 0.5018437859375 0.9198611328125 0.37474919687499997 0.83955175 0.3841349984375 0.877398315625 0.5071061234375
0 1 0.4945122265625 0.995707803125 0.3780575328125 0.9261373718750001 0.3790349546875 0.9508803140625 0.506735890625 1 0.4976997109375 1 0.4945122265625
0 0.42056435781249996 0.35698740625 0.50337296875 0.35512710468750003 0.47828392812500004 0.247254265625 0.39401353281249996 0.2524580265625 0.42056435781249996 0.35698740625
0 0.505989278125 0.365089840625 0.5842066859374999 0.35984379375 0.563630553125 0.2554187015625 0.48005692812499995 0.25224375 0.505989278125 0.365089840625
0 0.5814750125 0.35649038125 0.6569030609375 0.35119564062499997 0.6342093671875 0.2407752265625 0.557344575 0.24698140937500002 0.5814750125 0.35649038125
0 0.66152310625 0.3529290890625 0.7414559703125 0.3559771890625 0.714485015625 0.2461453015625 0.632743715625 0.2433389734375 0.66152310625 0.3529290890625
0 0.7577883375 0.37940208124999997 0.8362076390625001 0.362589621875 0.8004224921875001 0.2280845390625 0.707299753125 0.23472328281250002 0.7577883375 0.37940208124999997
0 0.8763253531249999 0.24698580625000002 0.8010927484374999 0.242971846875 0.8361211125000001 0.3675466453125 0.9043416531249999 0.3489033 0.8763765906250001 0.24593879375 0.8763253531249999 0.24698580625000002
0 0.9015811375 0.34720225 0.9723313234375001 0.34347866250000003 0.9527056296874999 0.24231258906250003 0.8726286953125 0.24752618124999998 0.9015811375 0.34720225
0 1 0.24313811406250002 0.9536354625 0.24232881874999998 0.9816003890625 0.34529332031250004 1 0.35139225 1 0.24313811406250002
0 0.0396182265625 0.02798481875 0.0086042546875 0.002699128125 0.0065564921875000005 0.12001539218749999 0.0498983109375 0.1191190609375 0.0396182265625 0.02798481875
0 0.0336167984375 0.039498335937500004 0.0489973875 0.1174504984375 0.12965805625 0.13208120625 0.1165807984375 0.031312634374999995 0.0336167984375 0.039498335937500004
0 0.12715711406250002 0.11550908124999999 0.20790430624999998 0.125182765625 0.1918246859375 0.033995628124999996 0.11431436718750002 0.033257503125 0.12715711406250002 0.11550908124999999
0 0.287051546875 0.11995291562499999 0.3660545109375 0.1229847515625 0.344309646875 0.036657262499999996 0.2679806078125 0.04028346875 0.287051546875 0.11995291562499999
0 0.3630632609375 0.134502446875 0.43843362812500003 0.13251237031250002 0.42219928281249997 0.0445849421875 0.340475090625 0.0432017015625 0.3630632609375 0.134502446875
0 0.44032199531250005 0.130892465625 0.5192961859375 0.1355766671875 0.49473287812500005 0.045851020312500004 0.419478053125 0.046233568749999995 0.44032199531250005 0.130892465625
0 0.5145607062499999 0.1404526015625 0.589988690625 0.1351577734375 0.5649307859375 0.0530296171875 0.49194369687500006 0.0508041296875 0.5145607062499999 0.1404526015625
0 0.58984448125 0.1434194609375 0.6632976375 0.14470159062500002 0.6408813390625 0.0503864828125 0.5635661 0.05040146875 0.58984448125 0.1434194609375
0 0.666058153125 0.146402640625 0.737738171875 0.142695284375 0.7122297765625001 0.055600729687499996 0.64076721875 0.0500961859375 0.666058153125 0.146402640625
0 0.7441025125 0.15107057968749998 0.8147086265624999 0.1556087765625 0.7883436515625 0.06754774531249999 0.7104435015624999 0.054618057812499995 0.7441025125 0.15107057968749998
0 0.8094183265625 0.1389879328125 0.88647516875 0.14694439374999999 0.8584474921874999 0.056168540625 0.782937984375 0.0575363203125 0.8094183265625 0.1389879328125
0 0.8900789953125001 0.1536186078125 0.9589408109375 0.1515149265625 0.9308893609375 0.0535074203125 0.8574938875000001 0.0489206265625 0.8900789953125001 0.1536186078125
0 1 0.050649849999999996 0.9300748953125 0.0468818328125 0.9599571687499999 0.14657413125000002 1 0.1358876265625 1 0.050649849999999996
1 0.20325542031250002 0.12510161875 0.2850189015625 0.12983450624999998 0.27082765000000003 0.0370274640625 0.1901956671875 0.034582015625000004 0.20325542031250002 0.12510161875
1 0.004696199999999999 0.34148951250000004 0.0832250125 0.341182053125 0.07273780156250001 0.2408968515625 0.0044798875 0.23898398593749998 0.004696199999999999 0.34148951250000004
1 0.0865691921875 0.36272737187500004 0.16774900937499998 0.34761596250000004 0.14992516250000001 0.24978695 0.0681703109375 0.24677041093750002 0.0865691921875 0.36272737187500004
1 0.25117019375 0.3639476890625 0.3394999078125 0.3654894890625 0.3153694703125 0.25598051875 0.24106578125000003 0.2537571703125 0.25117019375 0.3639476890625
1 0.339442225 0.36879415312499997 0.41701821875 0.34700843593749997 0.39434359375 0.26066468593750003 0.317142471875 0.2609700015625 0.339442225 0.36879415312499997
1 0.280533315625 0.4933821375 0.36432944218749996 0.4882334015625 0.33761147187499996 0.36710933125 0.255726634375 0.3730788296875 0.280533315625 0.4933821375
1 0.190315165625 0.49346017656249996 0.2758843609375 0.4933009890625 0.2584066140625 0.3756438765625 0.1719301421875 0.3775694453125 0.190315165625 0.49346017656249996
1 0.104803653125 0.49031476406249996 0.1876123328125 0.48845446406250004 0.1710355734375 0.3724660046875 0.0860749875 0.3721019796875 0.08814037031250001 0.379283265625 0.084363496875 0.3825230109375 0.104803653125 0.49031476406249996