0 0.63046875 0.24921875 0.1109375 0.1625
0 0.4734375 0.28984375 0.0984375 0.134375
0 0.546875 0.2734375 0.103125 0.1421875
0 0.39140625 0.3140625 0.1171875 0.1453125
0 0.1578125 0.375 0.11875 0.1546875
0 0.865625 0.19921875 0.1078125 0.159375
0 0.715625 0.2375 0.1109375 0.1625
1 0.32421875 0.33671875 0.109375 0.15
0 0.79140625 0.22109375 0.10625 0.1578125
1 0.24453125 0.3625 0.109375 0.1578125
1 0.0765625 0.41015625 0.1125 0.140625
0 0.546875 0.41328125 0.109375 0.1625
0 0.45859375 0.4375 0.115625 0.15
1 0.29609375 0.48046875 0.10625 0.1359375
0 0.6296875 0.3984375 0.1171875 0.1625
0 0.7921875 0.35859375 0.115625 0.1640625
1 0.2140625 0.5046875 0.1140625 0.15
1 0.37734375 0.4640625 0.109375 0.1421875
0 0.8796875 0.3390625 0.11875 0.1734375
1 0.70859375 0.38515625 0.121875 0.1515625
0 0.053125 0.5515625 0.10625 0.14375
1 0.13515625 0.5328125 0.115625 0.1453125
0 0.05703125 0.1625 0.1 0.14375
0 0.01484375 0.1828125 0.0296875 0.146875
0 0.77734375 0.0296875 0.1046875 0.059375
0 0.359375 0.0921875 0.1015625 0.153125
0 0.28515625 0.11171875 0.103125 0.1515625
0 0.87734375 0.62578125 0.1203125 0.1796875
0 0.953125 0.61015625 0.09375 0.1671875
1 0.78515625 0.6578125 0.121875 0.171875
1 0.13671875 0.15 0.1109375 0.159375
0 0.4328125 0.07734375 0.1015625 0.1546875
0 0.646875 0.0515625 0.1 0.103125
0 0.21015625 0.13359375 0.109375 0.1625
0 0.69765625 0.684375 0.13125 0.178125
1 0.1578125 0.8265625 0.1390625 0.1921875
1 0.61484375 0.71640625 0.1328125 0.16875
1 0.3453125 0.78515625 0.128125 0.1765625
0 0.253125 0.81171875 0.134375 0.175
0 0.43359375 0.76796875 0.1390625 0.1828125
0 0.53125 0.74921875 0.1234375 0.18125
0 0.5046875 0.06953125 0.10625 0.1390625
0 0.57734375 0.06015625 0.1015625 0.1203125
1 0.71484375 0.0421875 0.1046875 0.084375
0 0.89296875 0.825 0.1265625 0.1953125
0 0.9578125 0.80234375 0.084375 0.1984375
0 0.61171875 0.89609375 0.1328125 0.19375
0 0.80234375 0.84921875 0.1328125 0.19375
0 0.41484375 0.92421875 0.1390625 0.1515625
0 0.5171875 0.91171875 0.1375 0.1765625
0 0.7109375 0.875 0.1359375 0.1890625
0 0.32109375 0.93984375 0.1296875 0.1203125
0 0.22265625 0.9515625 0.1421875 0.096875