0 0.9454545203125001 0.2637476703125 0.8907520765625 0.159918353125 0.8236279218749999 0.169375784375 0.8749279234375 0.27313943749999997 0.9454545203125001 0.2637476703125
0 0.8725429484375 0.2763386359375 0.8159955968749999 0.171912246875 0.7494528375 0.183767321875 0.8054244109375001 0.2883030796875 0.8725429484375 0.2763386359375
0 0.6297959843750001 0.3182028578125 0.5797766125 0.2162300625 0.507802128125 0.22567592187500002 0.5031390734375 0.22641447656250002 0.554222578125 0.3326560125 0.6297959843750001 0.3182028578125
0 0.7131611875 0.308368875 0.659578821875 0.2021389625 0.5843226593749999 0.21395478125 0.633791371875 0.3156041671875 0.7131611875 0.308368875
0 0.79735111875 0.297419253125 0.7411990125 0.18759461093750002 0.66329726875 0.200361315625 0.7176547578125 0.3104865546875 0.79735111875 0.297419253125
0 0.554749575 0.3333983984375 0.5038140046875 0.22784545625 0.42887872031249996 0.23971403906250002 0.47713247968749994 0.3481752421875 0.554749575 0.3333983984375
0 0.4748351171875 0.35026019218750004 0.4269747953125 0.23987404531249998 0.34614174062499997 0.2551382546875 0.39405655624999997 0.3649168875 0.4748351171875 0.35026019218750004
1 0.0681722296875 0.4370209046875 0.150311634375 0.42345618749999997 0.10385730468750001 0.2913766453125 0.0234652921875 0.30332703437499997 0.0681722296875 0.4370209046875
0 0.23702500468749998 0.4135861328125 0.19092996874999998 0.2799330515625 0.1044074578125 0.2920719625 0.152645765625 0.426239346875 0.23702500468749998 0.4135861328125
1 0.4000566671875 0.3892576234375 0.3432619875 0.25267621406249996 0.26678761562500003 0.267135928125 0.3211299328125 0.40237926718750006 0.4000566671875 0.3892576234375
1 0.31928782031249997 0.3995666484375 0.2648831203125 0.269002478125 0.1912383296875 0.279101759375 0.23816864531249998 0.41427729218750003 0.31928782031249997 0.3995666484375
0 0.8707192765625 0.44005629375 0.9546145953125 0.427405025 0.8794917234374999 0.2852844859375 0.8023487875 0.2991120375 0.8707192765625 0.44005629375
0 0.9685572609375 0.27372365468750004 0.8829510781250001 0.28380099062499997 0.9583782375000001 0.433173334375 0.9953213312500001 0.43110919062499997 0.9917109921874999 0.40831440781249995 0.9685572609375 0.27372365468750004
0 0.5390134640625 0.49590820625000004 0.622318765625 0.4795317375 0.5564064671875 0.3435896828125 0.4807856109375 0.356659378125 0.5390134640625 0.49590820625000004
0 0.7903055421875 0.456611228125 0.8671835484375 0.43807053281249997 0.799963009375 0.3074272171875 0.7181428390625 0.320592625 0.7903055421875 0.456611228125
0 0.6216845906249999 0.4783592953125 0.7064649265625 0.4712958234375 0.6363185921875 0.3334786109375 0.5601839828124999 0.3445928921875 0.6216845906249999 0.4783592953125
0 0.788865290625 0.4582448875 0.7153257515625 0.32160154687500003 0.64025485625 0.33496479218749997 0.7086581859375001 0.4715848875 0.788865290625 0.4582448875
0 0.406680528125 0.3913005578125 0.4582947640625 0.5150572078125 0.5382610078125001 0.4979367078125 0.4772468265625 0.3567637796875 0.399680471875 0.3709584078125 0.406680528125 0.3913005578125
0 0 0.5005513374999999 0.0221618453125 0.5854900953125 0.1086529265625 0.5707311484375001 0.0677627421875 0.43389505 0 0.44264119687500003 0 0.5005513374999999
1 0.11214238437499999 0.5701784734374999 0.19730651875 0.5545695921875 0.155477621875 0.42974186562499994 0.07166564843749999 0.43972486093749996 0.11214238437499999 0.5701784734374999
1 0.28628740625 0.5416640546875 0.37163348749999997 0.52687368125 0.3217965875 0.4042965703125 0.23970559374999997 0.41621985156249997 0.28628740625 0.5416640546875
1 0.20054198906249998 0.5561773515625 0.28577972812499997 0.5447972265625001 0.23847924687500002 0.41553559843750004 0.1565965234375 0.42796871718749996 0.20054198906249998 0.5561773515625
0 0.3718843046875 0.5261975140625 0.4548304953125 0.5143330125000001 0.4019495453125 0.3928744703125 0.323607953125 0.40547592187500003 0.3718843046875 0.5261975140625
0 1 0.6466250609374999 0.9492897875 0.54811014375 0.8772887140625001 0.556152328125 0.9528654359375001 0.7294531625 1 0.721114503125 1 0.6466250609374999
0 0.20058228281249998 0.8512455046875 0.2949602234375 0.8373137609375 0.23408968125000001 0.6604722234375 0.1446561515625 0.6713772015624999 0.20058228281249998 0.8512455046875
0 0.9510025046875 0.7302563453124999 0.8734416359375 0.5580908046874999 0.7998499984375 0.5680110546875 0.8731419703125001 0.7456370031249999 0.9510025046875 0.7302563453124999
0 0.486797678125 0.8084540718750001 0.4175370046875 0.6273520109375 0.33141402656249996 0.6454549265625 0.3944495671875 0.82257245 0.486797678125 0.8084540718750001
1 0.19923564062500002 0.8492783546875 0.1423737609375 0.673087690625 0.052333657812500003 0.689642075 0.10478440625 0.8692208296875 0.19923564062500002 0.8492783546875
0 0.8547820625 0.7501710703125 0.7765146046875 0.5735443015625 0.693702490625 0.58766770625 0.768766925 0.7627782765625 0.8547820625 0.7501710703125
0 0.576487878125 0.790183525 0.508710940625 0.62205775625 0.42146697343749995 0.63231895625 0.4867623984375 0.8064271515625 0.576487878125 0.790183525
1 0.393648515625 0.82320745 0.32978216875 0.6509054171875001 0.23779479062500003 0.659063665625 0.29811230312500003 0.8388470265624999 0.393648515625 0.82320745
0 0.76755316875 0.7629705171875 0.6913508203125 0.588557303125 0.597777684375 0.6069243328125 0.6762336390625 0.7799747453125 0.76755316875 0.7629705171875
1 0.5111619421875 0.62145564375 0.5703893484375 0.76980811875 0.5781901546875 0.7883895328125 0.6727171656250001 0.7790073171875 0.5951706265625 0.6073476328125 0.5111619421875 0.62145564375
0 0 0.2117149828125 0.070471925 0.199830515625 0.0377499390625 0.10608547500000001 0 0.11221331875 0 0.2117149828125
0 0.0713099640625 0.20088968281250003 0.1487810265625 0.18782487187500002 0.11403601249999999 0.094002946875 0.03812815625 0.106001753125 0.0713099640625 0.20088968281250003
0 1 0.7205328375 0.9514202359375 0.7314715125 1 0.8349411609375 1 0.7205328375
1 0.149578596875 0.188930159375 0.22776447812499998 0.179034753125 0.18850773125 0.0828288390625 0.1148304421875 0.093240603125 0.149578596875 0.188930159375
0 0.22799196875 0.17899872187500002 0.3033839046875 0.16913116718750001 0.2628262890625 0.0735459546875 0.18977513906250001 0.0823654 0.22799196875 0.17899872187500002
0 0.3035339796875 0.16869272500000002 0.3801979921875 0.1565503390625 0.3428122546875 0.0662681390625 0.2631050578125 0.07307244375000001 0.3035339796875 0.16869272500000002
0 0.8472526046875 0.935022909375 0.9400241515625 0.9210833234375 0.8568179406249999 0.7517976515625 0.7705139875 0.764948103125 0.8472526046875 0.935022909375
0 0.7537061328125 0.95210116875 0.8457145484374999 0.9360204968750001 0.7674720015625 0.7659486578125 0.6790377453125 0.784863359375 0.7537061328125 0.95210116875
0 1 0.8380403375000001 0.9479497171875 0.73133191875 0.8618874703125 0.7486670203125 0.9460916265625 0.928416159375 1 0.9207649234374999 1 0.8380403375000001
0 0.6555125171875 0.969161478125 0.7526534421875 0.9560378203125 0.6741779 0.7844949140625 0.586401728125 0.7953145859374999 0.6555125171875 0.969161478125
0 0.35150645625 1 0.2924967078125 0.8411773546875001 0.20405224687499998 0.8546668296875 0.250083365625 1 0.35150645625 1
0 0.4575055234375 1 0.3899347734375 0.8272526499999999 0.29607789218749997 0.8425033296875 0.35495605625 1 0.4575055234375 1
0 0.5131709203125 1 0.560509565625 0.9925022953125 0.487720265625 0.8140269015625 0.3917013984375 0.827358053125 0.45849295625 1 0.5131709203125 1
0 0.4900650875 0.8123817578124999 0.5618038999999999 0.9964437875 0.6585878484375 0.981114715625 0.5822977796875 0.7960313593749999 0.4900650875 0.8123817578124999
0 0.24652182968749997 1 0.202323490625 0.8554593890625 0.106247553125 0.873172484375 0.141599325 1 0.24652182968749997 1
0 0.677870284375 0.11551686406249999 0.629046978125 0.013018504687499998 0.5605936453125 0.025980971874999998 0.6061881640625 0.12812998281250002 0.677870284375 0.11551686406249999
0 0.41165118593749994 0.0566091328125 0.343894546875 0.0660967203125 0.3800787671875 0.15615455312499998 0.4524147515625 0.14357059218749998 0.41165118593749994 0.0566091328125
0 0.752209715625 0.106262225 0.69242576875 0.0061297546875 0.6312176703125 0.0133045953125 0.6786533625 0.11659426718749999 0.752209715625 0.106262225
0 0.6040710625 0.125945728125 0.5576032390625 0.029373224999999996 0.4858661265625 0.0443653 0.5294833921875 0.13586957500000002 0.6040710625 0.125945728125
0 0.45384948593749996 0.1448850875 0.5283955328125 0.135566178125 0.48337449687499995 0.045663945312499996 0.4123355 0.055405882812499994 0.45384948593749996 0.1448850875
0 0.7675986640625 0 0.8270922374999999 0.095661784375 0.8968956359375 0.08460601250000001 0.8435504125 0 0.7675986640625 0
0 0.7415368796874999 0 0.69819408125 0.0077357140625 0.7527410171875 0.11058732499999999 0.8251678484375 0.09596657812500001 0.775302309375 0.01819910625 0.7631905453125001 0 0.7415368796874999 0
0 0.8469662250000001 0 0.8970465515624999 0.083322325 0.9392487718750001 0.07915771875 0.931797796875 0.030037379687499997 0.9270403421875001 0 0.8469662250000001 0