0 0.6640625 0.26953125 0.0921875 0.1546875
0 0.503125 0.28828125 0.084375 0.128125
0 0.57734375 0.28203125 0.0875 0.134375
0 0.41875 0.30078125 0.1015625 0.1359375
0 0.17890625 0.32890625 0.103125 0.1453125
0 0.90390625 0.253125 0.0890625 0.1515625
0 0.75 0.2703125 0.09375 0.1546875
1 0.3484375 0.3140625 0.0921875 0.1421875
0 0.82734375 0.26484375 0.0890625 0.15
1 0.265625 0.328125 0.0921875 0.15
1 0.09296875 0.3515625 0.0984375 0.13125
0 0.55859375 0.42109375 0.0921875 0.1546875
0 0.46796875 0.4328125 0.0984375 0.1421875
1 0.30078125 0.45234375 0.0921875 0.1265625
0 0.64296875 0.4171875 0.1 0.1546875
0 0.809375 0.40078125 0.096875 0.15625
1 0.21640625 0.46484375 0.0984375 0.140625
1 0.38359375 0.446875 0.09375 0.134375
0 0.8984375 0.39375 0.1 0.165625
1 0.72265625 0.415625 0.10625 0.1421875
0 0.04765625 0.48828125 0.0953125 0.1359375
1 0.134375 0.48203125 0.1 0.1359375
0 0.1078125 0.1046875 0.084375 0.1375
0 0.03515625 0.1140625 0.0703125 0.140625
0 0.8453125 0.05 0.0875 0.1
0 0.41796875 0.0765625 0.084375 0.146875
0 0.340625 0.08515625 0.0859375 0.1453125
0 0.85625 0.67734375 0.1 0.171875
0 0.94609375 0.6734375 0.1015625 0.159375
0 0.76015625 0.69609375 0.103125 0.1640625
1 0.1890625 0.103125 0.0921875 0.1515625
0 0.49140625 0.0734375 0.0828125 0.146875
0 0.7125 0.0625 0.08125 0.125
0 0.2640625 0.096875 0.090625 0.1546875
0 0.66953125 0.71015625 0.1109375 0.16875
1 0.115625 0.77578125 0.1171875 0.1828125
1 0.58359375 0.7296875 0.1140625 0.1578125
1 0.3078125 0.7609375 0.109375 0.16875
0 0.2125 0.77421875 0.115625 0.165625
0 0.39765625 0.75625 0.11875 0.171875
0 0.496875 0.75078125 0.1015625 0.1734375
0 0.56640625 0.0703125 0.0890625 0.140625
0 0.640625 0.06640625 0.084375 0.1328125
1 0.78046875 0.0578125 0.0890625 0.115625
0 0.84453125 0.8765625 0.1046875 0.1875
0 0.9375 0.86640625 0.115625 0.1890625
0 0.55546875 0.9078125 0.1109375 0.184375
0 0.75078125 0.8875 0.1109375 0.184375
0 0.35390625 0.91875 0.1171875 0.1625
0 0.4578125 0.91328125 0.115625 0.1734375
0 0.65703125 0.90078125 0.115625 0.1796875
0 0.2578125 0.92734375 0.109375 0.1453125
0 0.15625 0.93203125 0.121875 0.1359375