0 0.8761235781250001 0.2305961078125 0.9086258484374999 0.3416915109375 0.9797118515625 0.344689240625 0.9438702328125 0.23293834375000003 0.8761235781250001 0.2305961078125
0 0.800576315625 0.2318886375 0.8375451109375 0.34455562500000003 0.9057215718749999 0.34442795937500004 0.8681667531249999 0.2317686953125 0.800576315625 0.2318886375
1 0.5553194718750001 0.231198346875 0.5505990109375001 0.23111595000000001 0.58245779375 0.3446139953125 0.659392834375 0.3435036 0.627840759375 0.23439422968749998 0.5553194718750001 0.231198346875
0 0.632712840625 0.23294292656249999 0.66377878125 0.34163818125 0.7431991859375 0.348295234375 0.7088774875 0.23437471250000003 0.632712840625 0.23294292656249999
0 0.7128481265625 0.2332697734375 0.7472567578125 0.3511610421875 0.8280114640624999 0.352131390625 0.7917832828125 0.23422452031250002 0.7128481265625 0.2332697734375
0 0.4751573953125 0.2313182875 0.50384398125 0.3465108984375 0.582847871875 0.345436615625 0.5510152015625 0.232642390625 0.4751573953125 0.2313182875
0 0.39099898906249997 0.2321410484375 0.4191230109375 0.3485722171875 0.501219471875 0.348165240625 0.4732546109375 0.23114525000000002 0.39099898906249997 0.2321410484375
1 0.1461026671875 0.225756646875 0.0648568265625 0.2235655546875 0.08566886875 0.36299159375 0.1689158796875 0.3638963125 0.1461026671875 0.225756646875
1 0.1465237234375 0.22653693281249998 0.1707312609375 0.36704250781250003 0.256025796875 0.369233825 0.23383966093750003 0.22960691562500002 0.1465237234375 0.22653693281249998
1 0.3107670578125 0.2301767515625 0.3407990328125 0.372801884375 0.42080524218750004 0.373585071875 0.3885905140625 0.2292163484375 0.3107670578125 0.2301767515625
1 0.234287690625 0.2288418 0.25703204375 0.370113075 0.3394733125 0.369712115625 0.30856737343749996 0.23168423124999998 0.234287690625 0.2288418
0 0.9110113500000001 0.35444454375 0.832639259375 0.3546662921875 0.8754963328124999 0.5053417 0.9603139625000001 0.507450903125 0.9110113500000001 0.35444454375
0 1 0.3584834265625 0.9146757546875 0.353584296875 0.9630187703124999 0.5137851265625 0.99975905 0.51816744375 1 0.5043634296875 1 0.3584834265625
0 0.5827098937499999 0.3557607875 0.505968359375 0.3555005015625 0.53913129375 0.5027449859375 0.6240147453125 0.5010831265625 0.5827098937499999 0.3557607875
0 0.8288458109375 0.3624408609375 0.7459825234374999 0.3611983328125 0.7934295296875 0.5076814296875 0.87235914375 0.5027721359374999 0.8288458109375 0.3624408609375
0 0.6631637421875001 0.35967992031249996 0.5862558140624999 0.35740471406249996 0.623593796875 0.4998183734375 0.7083126890625 0.5075841624999999 0.6631637421875001 0.35967992031249996
0 0.6667821328125 0.361827046875 0.7104224328125001 0.508249690625 0.791727478125 0.5090401734375 0.743033034375 0.3617027453125 0.6667821328125 0.361827046875
0 0.538038025 0.5046120078125 0.5024652078125 0.3549888125 0.42361238749999997 0.35549853593749997 0.42697372031249997 0.376747190625 0.456313703125 0.5075864171875 0.538038025 0.5046120078125
0 0.0858084015625 0.3598421203125 0.0028334328125 0.3560082375 0.014576081250000001 0.5012155843749999 0.10231603281249999 0.5016998781249999 0.0858084015625 0.3598421203125
1 0.1729118875 0.37098356093749996 0.088639678125 0.3662610953125 0.1058484484375 0.5017615359375001 0.1924292015625 0.5011783859375 0.1729118875 0.37098356093749996
0 0.341122625 0.374805821875 0.258208321875 0.3722930109375 0.28229929375 0.50392028125 0.368917096875 0.5041747984375 0.341122625 0.374805821875
1 0.257119425 0.3714062 0.1743216953125 0.36943164687499996 0.195336334375 0.503323553125 0.2812552578125 0.5069176953125 0.257119425 0.3714062
0 0.42204130468749995 0.377475665625 0.3427016796875 0.3762817984375 0.3692815203125 0.5035524578125 0.45302782031250005 0.5062716593750001 0.42204130468749995 0.377475665625
0 0.8618061015625 0.6208147453125 0.9061412687500001 0.8046065109375 0.9896963546875 0.8045591265625 0.9341098265625 0.6253975953124999 0.8618061015625 0.6208147453125
0 0.210263746875 0.6118594484375001 0.12029528437499999 0.607068784375 0.14413796875 0.7939159546875 0.23950131875 0.7965844234375 0.210263746875 0.6118594484375001
0 0.7834846078125 0.6190462203125 0.8248186875 0.8067006484375 0.9041671687499999 0.8050739984374999 0.85768085625 0.6220557343750001 0.7834846078125 0.6190462203125
0 0.30871724375 0.6139704921875 0.34003899843749996 0.799343209375 0.4334357640625 0.8014754015625 0.3966753578125 0.6110977 0.30871724375 0.6139704921875
1 0.026203715625000002 0.6090245421875 0.046674095312500004 0.79498306875 0.143153378125 0.7917448484375 0.1177505453125 0.6083569546875001 0.026203715625000002 0.6090245421875
0 0.6755363765625 0.619971921875 0.7190527828125 0.8054569703125001 0.8059503765624999 0.8079776687500001 0.7595428921875 0.62044325625 0.6755363765625 0.619971921875
0 0.39968312031250003 0.6166716171875 0.43375299062500006 0.7994731500000001 0.524936015625 0.799056965625 0.48738349531249997 0.6217160640625 0.39968312031250003 0.6166716171875
1 0.2141571609375 0.611115675 0.24233926249999999 0.7986417484375 0.3391398484375 0.7998294609375 0.306163709375 0.619054809375 0.2141571609375 0.611115675
1 0.57772500625 0.6222788296874999 0.62493915 0.80632395 0.717824084375 0.8054355234375 0.67306595625 0.6204396390625 0.57772500625 0.6222788296874999
1 0.5269239546875 0.797585825 0.6216440921874999 0.804760590625 0.57508405 0.6222429875000001 0.489901815625 0.6215487109375 0.5224682875 0.777932109375 0.5269239546875 0.797585825
0 0.1131750953125 0.031801040625 0.0376629953125 0.030773309375000002 0.0505585234375 0.1292176140625 0.12912130625 0.12980399843749998 0.1131750953125 0.031801040625
0 0.190400321875 0.033149012500000005 0.11356210468750001 0.0317842671875 0.129762690625 0.130992596875 0.20832547343750002 0.13157897968750001 0.190400321875 0.033149012500000005
0 0.9948030796875 0.8020948296875 0.9043675421874999 0.806343240625 0.95443386875 0.9912504125 0.9914772859375001 0.9926293796874999 0.9948030796875 0.8020948296875
1 0.26568101093749996 0.035076540625 0.19131506250000002 0.0325362 0.2089189953125 0.132805971875 0.287635378125 0.136637734375 0.26568101093749996 0.035076540625
0 0.340482459375 0.038839967187500005 0.26700963906249997 0.034840225 0.28786566874999997 0.1366417546875 0.363825715625 0.14001578125 0.340482459375 0.038839967187500005
0 0.4205170359375 0.045562134375 0.340839215625 0.0384220578125 0.36404964375 0.1396100609375 0.4416574609375 0.14096471093750002 0.4205170359375 0.045562134375
0 0.8076728718749999 0.8099330640625 0.7203965171875 0.8078972078125 0.766436121875 0.9887137156250001 0.86021884375 0.9910955124999999 0.8076728718749999 0.8099330640625
0 0.7172270000000001 0.8083543265625 0.62685175625 0.8116252218750001 0.671345221875 0.98928834375 0.764748203125 0.9894290671875 0.7172270000000001 0.8083543265625
0 0.9567245359375001 1 0.9009739890624999 0.8056031203125 0.8132090109375 0.807730309375 0.86492080625 0.9993705531250001 0.883678453125 1 0.9567245359375001 1
0 0.6221297234375001 0.810418471875 0.5338082515625 0.805831596875 0.571680896875 0.9890383265624999 0.6696249328125 0.992982390625 0.6221297234375001 0.810418471875
0 0.2364043234375 0.7999615343750001 0.146961109375 0.79788785625 0.17274089374999999 0.9917573984375 0.2715873765625 0.9919931390625001 0.2364043234375 0.7999615343750001
0 0.334780084375 0.8031683203125001 0.239700846875 0.8018892328125 0.2749372234375 0.9920516109375 0.372933246875 0.993017325 0.334780084375 0.8031683203125001
0 0.37399148125 0.993780609375 0.47406816406249996 0.9955274546874999 0.4333766234375 0.8071237734375 0.3365015671875 0.8035788937499999 0.37399148125 0.993780609375
0 0.572338325 1 0.5296421859375 0.8058248375 0.43597149843749994 0.8059107984375 0.47465840156250005 0.9996338250000001 0.4956365609375 1 0.572338325 1
0 0.06597751562500001 0.9891490203125001 0.1434792875 0.993853071875 0.1691884828125 0.994301828125 0.145120990625 0.7983681781249999 0.047428815624999995 0.7991287609375 0.06597751562500001 0.9891490203125001
0 0.6419856312500001 0.043704362499999996 0.669149478125 0.1522189046875 0.74193283125 0.152244878125 0.7116499140625 0.0428256203125 0.6419856312500001 0.043704362499999996
0 0.441608775 0.140554234375 0.5150309953125001 0.1407224640625 0.48998741875 0.0480036265625 0.42161265468750003 0.045581259375 0.441608775 0.140554234375
0 0.71373795 0.0434843015625 0.7425169234375 0.15344189375 0.8167499296875 0.15603974375000002 0.77526205625 0.0470471375 0.71373795 0.0434843015625
0 0.5652009875 0.04883309375 0.5922660578125 0.146521271875 0.6674438312500001 0.14970020312500001 0.6384515984375 0.0465258 0.5652009875 0.04883309375
0 0.562521703125 0.04967934375 0.49087027968749997 0.0469374859375 0.5162156718750001 0.142266128125 0.591247409375 0.1460335796875 0.562521703125 0.04967934375
0 0.8483932968750001 0.049173071875 0.8923355656249999 0.1586035609375 0.9629983078125001 0.159836984375 0.91970706875 0.0539240625 0.8483932968750001 0.049173071875
0 0.8903874859375 0.15856955781249998 0.854783696875 0.07332448750000001 0.8443520109374999 0.049497571875 0.7806638640625 0.0496303546875 0.8165221140625001 0.1603913953125 0.8903874859375 0.15856955781249998
0 1 0.0546772203125 0.922850725 0.053085428125 0.963369840625 0.1585990046875 1 0.1613945046875 1 0.0546772203125