0 0.97399935625 0.32804215000000003 0.934279521875 0.21761018124999998 0.86649239375 0.21763369843749997 0.9028520375 0.32752711093750003 0.97399935625 0.32804215000000003
0 0.90004503125 0.3303632515625 0.8585813390625001 0.21908326093750002 0.7910362609375 0.2215620015625 0.8319145578124999 0.3328701625 0.90004503125 0.3303632515625
1 0.653834090625 0.3380362046875 0.6184933734375 0.23009445 0.54590473125 0.229431471875 0.5411842703125 0.22951386718750003 0.57698466875 0.34183091718749997 0.653834090625 0.3380362046875
0 0.7377566156250001 0.33990011875000004 0.69948005625 0.22724680468749997 0.6233118375 0.2284739984375 0.6581522640624999 0.3360188546875 0.7377566156250001 0.33990011875000004
0 0.822651109375 0.3407740328125 0.78233010625 0.2242033328125 0.703409715625 0.226003965625 0.74191173125 0.342622575 0.822651109375 0.3407740328125
0 0.57740321875 0.342639421875 0.541653478125 0.23102485156250002 0.46579567187500004 0.2323489546875 0.4984849484375 0.346470246875 0.57740321875 0.342639421875
0 0.49591977343750004 0.348215175 0.4638880078125 0.2322424296875 0.38171724687499997 0.23610830156249998 0.4138875265625 0.351487028125 0.49591977343750004 0.348215175
1 0.08113974375 0.377535003125 0.16436761718749998 0.3755338921875 0.136747296875 0.238274546875 0.05547448125 0.2389202296875 0.08113974375 0.377535003125
1 0.2516107453125 0.3778280609375 0.22456521718750003 0.23906049375 0.137195328125 0.23903966250000003 0.1662916921875 0.37861481406249997 0.2516107453125 0.3778280609375
1 0.41644166875 0.3764259375 0.37920816875 0.2332694375 0.3014656375 0.2369452546875 0.33645686406249997 0.378435403125 0.41644166875 0.3764259375
1 0.3350241203125 0.37539378437500004 0.299319903125 0.23852858437500002 0.2249862703125 0.2382802078125 0.2526470640625 0.3786716578125 0.3350241203125 0.37539378437500004
0 0.8754540140625 0.4922338125 0.960293584375 0.49138163749999997 0.9056811609375 0.340189121875 0.8273645515625001 0.34314588281249997 0.8754540140625 0.4922338125
0 1 0.4956365515625 0.9996858625 0.4776396296875 0.995488875 0.341136328125 0.9093133109375 0.3392015140625 0.96321780625 0.49761760781250003 1 0.500707590625 1 0.4956365515625
0 0.5392032546875 0.5013776515624999 0.623977 0.496754415625 0.5776256328125 0.3529621203125 0.5009217640625 0.355380234375 0.5392032546875 0.5013776515624999
0 0.7935188578125 0.49743620625 0.872229059375 0.48977529999999997 0.8238447421874999 0.3510481046875 0.74098856875 0.35269822031250003 0.7935188578125 0.49743620625
0 0.62351216875 0.49550512343750003 0.7084504734375 0.500309534375 0.658167246875 0.3540710671875 0.5812267656250001 0.3544812953125 0.62351216875 0.49550512343750003
0 0.7918652625 0.4988535234375 0.7380584812500001 0.3533052609375 0.6618583671875 0.35609060625 0.710582159375 0.500901028125 0.7918652625 0.4988535234375
0 0.42271674531250003 0.379370853125 0.45660507812500006 0.5091064249999999 0.538175809375 0.5032816906249999 0.4974028875 0.35499111562499996 0.4186158921875 0.35825245156249996 0.42271674531250003 0.379370853125
0 0 0.38971445937500004 0.0149142109375 0.51815589375 0.102617615625 0.5155778125 0.0811692765625 0.3743825796875 0 0.3734680984375 0 0.38971445937500004
1 0.10615003281249999 0.515516153125 0.192657690625 0.511911734375 0.1686085328125 0.382477365625 0.08422284687500001 0.380698834375 0.10615003281249999 0.515516153125
0 0.2825687265625 0.5115155390624999 0.369142646875 0.5087469828125 0.3368501953125 0.380426828125 0.2538987046875 0.3808092140625 0.2825687265625 0.5115155390624999
1 0.19563791875 0.5139541375000001 0.28162993593749996 0.5145475625 0.252779521875 0.3799609453125 0.1699633203125 0.38087719375 0.19563791875 0.5139541375000001
0 0.3694851296875 0.508112303125 0.4532753125 0.50790714375 0.41781275781250005 0.3802710234375 0.3384797984375 0.3818467953125 0.3694851296875 0.508112303125
0 1 0.7872060546874999 0.9382216921875 0.6101709921875 0.8658020734375 0.6081142984375 0.916524471875 0.7902468265625 1 0.7872843984375 1 0.7872060546874999
0 0.1546122703125 0.8061563156249999 0.2500106546875 0.8054950249999999 0.2143440859375 0.62190295625 0.12426323749999998 0.620255065625 0.1546122703125 0.8061563156249999
0 0.914567890625 0.7907829234375 0.8617226499999999 0.6094985 0.7874665703125 0.6090802296875 0.8353245140625001 0.79517780625 0.914567890625 0.7907829234375
0 0.443997653125 0.8036148093750001 0.4006155546875 0.614636 0.3128112796875 0.6205767359375 0.35058336875 0.8047434156250001 0.443997653125 0.8036148093750001
1 0.15355250781250002 0.80402089375 0.1217650046875 0.6216312609375 0.030297240625 0.625493378125 0.057245009375 0.8106242187499999 0.15355250781250002 0.80402089375
0 0.816512265625 0.79711254375 0.7635881953125 0.61131196875 0.6796164046875 0.61377270625 0.7295796375 0.7976260625 0.816512265625 0.79711254375
0 0.5353577625 0.798004534375 0.49163900937499994 0.6220822265625 0.4038160125 0.620101553125 0.44424480937500005 0.80160270625 0.5353577625 0.798004534375
1 0.3497017375 0.8052607515625001 0.3104367421875 0.6257470734374999 0.21820917031249998 0.6210237578125 0.25291866875 0.8074520546875 0.3497017375 0.8052607515625001
0 0.7283509375 0.7976475093750001 0.6771638125 0.61432635625 0.581945128125 0.6194917765625 0.6355535921875 0.80177703125 0.7283509375 0.7976475093750001
1 0.49414995624999997 0.6218270875 0.5321542921875 0.77697866875 0.5372931484375 0.7964649125000001 0.63220598125 0.800329621875 0.5793045296875 0.619548125 0.49414995624999997 0.6218270875
0 0.03789219375 0.1451287671875 0.11642758125 0.142972990625 0.09707083125 0.0455862484375 0.0215688625 0.0471944796875 0.03789219375 0.1451287671875
0 0.11711005625 0.1441384828125 0.1956454453125 0.14198270625 0.17429605625 0.044238278125 0.09745701875 0.0455559796875 0.11711005625 0.1441384828125
0 1 0.7850562453125 0.9148124375 0.7920444015625 0.97130143125 0.9750916421875001 1 0.9751577046875 1 0.7850562453125
1 0.196281428125 0.1431882375 0.275083584375 0.144270503125 0.24959815624999998 0.043537375 0.17518885312500002 0.043593915625 0.196281428125 0.1431882375
0 0.27531387500000004 0.144266484375 0.3513454 0.1449874890625 0.3244853796875 0.044687975000000005 0.250917728125 0.043254834375 0.27531387500000004 0.144266484375
0 0.351555034375 0.1445742 0.4291628515625 0.14321955 0.404705803125 0.048612881250000003 0.324827334375 0.044257870312499996 0.351555034375 0.1445742
0 0.7833296796875 0.9791175187500001 0.8771383953124999 0.9782248953125 0.818301953125 0.7990066328125 0.731007715625 0.8000179171875 0.7833296796875 0.9791175187500001
0 0.6883167593749999 0.9830104203125 0.781667753125 0.9798913406249999 0.7278560828125 0.800585371875 0.6376500453125 0.8070083265625 0.6883167593749999 0.9830104203125
0 0.8821262875 0.986330796875 0.9746918046875 0.986204690625 0.9113951218749999 0.7914231640625 0.8237578453125 0.7966120109375 0.8821262875 0.986330796875
0 0.5887044218749999 0.986238790625 0.6867264390625001 0.9867622546874999 0.6328887734374999 0.8059671078124999 0.544461025 0.8044654015624999 0.5887044218749999 0.986238790625
0 0.278597053125 1 0.2888968328125 0.9996649156249999 0.2470334046875 0.8089781625000001 0.1575723078125 0.8100272703125 0.189616709375 1 0.278597053125 1
0 0.292246678125 0.99960644375 0.390216709375 0.9971515578125001 0.3454611546875 0.8087497296875 0.250395196875 0.8107896390624999 0.292246678125 0.99960644375
0 0.4441356734375 0.8092618046875 0.3471959171875 0.809099975 0.3913009375 0.9978774453125 0.49137761874999997 0.9961306000000001 0.4441356734375 0.8092618046875
0 0.504363434375 1 0.5900862546875 0.998503703125 0.5402972609375001 0.8046040390625 0.4466866359375 0.8079590078125 0.49206027656250007 1 0.504363434375 1
0 0.185762228125 1 0.155750071875 0.81057151875 0.058143953125 0.8147410453124999 0.08278125 1 0.185762228125 1
0 0.7296489734375 0.14401338749999998 0.6955658265625 0.03571764375 0.6259746500000001 0.039027098437500005 0.6569090515625 0.14652753125 0.7296489734375 0.14401338749999998
0 0.474219071875 0.0486284046875 0.40580142031250005 0.0485937578125 0.42909986875 0.14281102343750002 0.502483234375 0.1404167515625 0.474219071875 0.0486284046875
0 0.804552934375 0.1451948625 0.7592865484375 0.03771655625 0.6976755781249999 0.0363030515625 0.7302744859375 0.1451892890625 0.804552934375 0.1451948625
0 0.6551165421875 0.144069890625 0.6225412359375 0.041970153125 0.549415771875 0.04683245 0.5798736234375 0.1435165625 0.6551165421875 0.144069890625
0 0.5037210625 0.14191813125 0.578838575 0.1430647171875 0.5467676515625 0.047771690625 0.4750641875 0.0475321015625 0.5037210625 0.14191813125
0 0.9508447437499999 0.14388579375 0.9038835687500001 0.039548234375000005 0.8324474328125 0.0372889515625 0.8801820015624999 0.1451192171875 0.9508447437499999 0.14388579375
0 0.7647752171875 0.04010968125 0.804477128125 0.1495518140625 0.8782339218749999 0.1451532203125 0.8396768109374999 0.061202634374999995 0.8284199328125 0.03775429375 0.7647752171875 0.04010968125
0 0.9069960421875001 0.0386003984375 0.9511728453125 0.142635603125 0.9935439593750001 0.144384940625 0.9930017250000001 0.0947056609375 0.9920012187499999 0.037386707812499996 0.9069960421875001 0.0386003984375