0 0.6984375 0.2984375 0.084375 0.1515625
0 0.5359375 0.29140625 0.078125 0.125
0 0.6109375 0.296875 0.08125 0.13125
0 0.45078125 0.290625 0.0953125 0.1328125
0 0.209375 0.28046875 0.096875 0.140625
0 0.9375 0.31953125 0.08125 0.1484375
0 0.7828125 0.3125 0.0859375 0.1515625
1 0.3796875 0.29296875 0.0859375 0.1390625
0 0.86015625 0.31875 0.08125 0.146875
1 0.2953125 0.29375 0.084375 0.146875
1 0.12109375 0.28984375 0.0921875 0.128125
0 0.5703125 0.43125 0.084375 0.1515625
0 0.47890625 0.428125 0.0921875 0.1375
1 0.3109375 0.421875 0.0859375 0.1234375
0 0.65390625 0.440625 0.0921875 0.1515625
0 0.82109375 0.45 0.0890625 0.153125
1 0.22578125 0.4203125 0.090625 0.1375
1 0.39375 0.4296875 0.0875 0.13125
0 0.91015625 0.45703125 0.0921875 0.1625
1 0.73359375 0.4515625 0.0984375 0.1375
0 0.05546875 0.41796875 0.0890625 0.1328125
1 0.14140625 0.425 0.09375 0.1328125
0 0.175 0.05703125 0.078125 0.1140625
0 0.09765625 0.0578125 0.0734375 0.115625
0 0.915625 0.0890625 0.0796875 0.1390625
0 0.484375 0.0703125 0.078125 0.140625
0 0.40703125 0.06796875 0.0796875 0.1359375
0 0.82421875 0.73046875 0.090625 0.16875
0 0.9140625 0.74140625 0.09375 0.1546875
1 0.7265625 0.734375 0.0953125 0.159375
1 0.25390625 0.06640625 0.0859375 0.1328125
0 0.559375 0.07578125 0.0765625 0.146875
0 0.78046875 0.08828125 0.075 0.1484375
0 0.33046875 0.0703125 0.0828125 0.140625
0 0.63515625 0.73359375 0.103125 0.165625
1 0.07734375 0.7125 0.109375 0.178125
1 0.546875 0.740625 0.10625 0.153125
1 0.26875 0.72734375 0.1015625 0.1640625
0 0.17265625 0.72578125 0.1078125 0.1609375
0 0.35859375 0.73671875 0.1109375 0.1671875
0 0.45703125 0.74765625 0.09375 0.1703125
0 0.6328125 0.08359375 0.08125 0.14375
0 0.7078125 0.08828125 0.078125 0.140625
1 0.84765625 0.0984375 0.0828125 0.13125
0 0.78046875 0.91640625 0.0953125 0.1671875
0 0.875 0.91875 0.10625 0.1625
0 0.48984375 0.9109375 0.1015625 0.178125
0 0.68671875 0.915625 0.1015625 0.16875
0 0.28828125 0.90234375 0.109375 0.1796875
0 0.39375 0.9078125 0.1078125 0.1796875
0 0.59140625 0.91640625 0.1078125 0.1671875
0 0.19140625 0.9 0.1015625 0.1734375
0 0.08984375 0.89453125 0.1140625 0.1734375