0 0.9823493359375 0.353085021875 0.9484634984375001 0.24072562187500002 0.8807680390625 0.2372014015625 0.9113264765625001 0.3488471265625 0.9823493359375 0.353085021875
0 0.9083748843749999 0.35153247187500003 0.8727919625 0.23823494531249997 0.8052097249999999 0.2371752515625 0.8402065796875 0.3504702734375 0.9083748843749999 0.35153247187500003
0 0.662099796875 0.3463092234375 0.6324567484375 0.2366658109375 0.5600022828125 0.23220474375000003 0.5552839781250001 0.2320399765625 0.58515709375 0.34607674843749997 0.662099796875 0.3463092234375
0 0.7458097593749999 0.35256275000000004 0.713481475 0.23806058281250003 0.637353415625 0.235299759375 0.66651763125 0.34452063437499997 0.7458097593749999 0.35256275000000004
0 0.8305421703125001 0.3578785 0.796377265625 0.23935731875 0.71747079375 0.237025109375 0.749816696875 0.3554989375 0.8305421703125001 0.3578785
0 0.58553275625 0.34690604999999997 0.555673465625 0.2335734484375 0.47985032031249997 0.2309256453125 0.50652215 0.3466013625 0.58553275625 0.34690604999999997
0 0.50386916875 0.3482096484375 0.47795084687499995 0.23071942656250002 0.395690375 0.23027951562500001 0.4217781078125 0.34718378125 0.50386916875 0.3482096484375
1 0.0881231 0.35578138593749997 0.1713416421875 0.35813882656249996 0.1509427734375 0.21962205468749998 0.069747546875 0.21601336249999997 0.0881231 0.35578138593749997
0 0.2583451390625 0.36499580468750004 0.238599209375 0.22500295937499998 0.15135014687499998 0.22040957031250002 0.17310183750000002 0.361316225 0.2583451390625 0.36499580468750004
1 0.4230235484375 0.3722221859375 0.393333309375 0.22731322656250003 0.31550494375000004 0.2269152765625 0.34304319375 0.3700428171875 0.4230235484375 0.3722221859375
1 0.3417716 0.36693038125 0.31327928437499997 0.22838413750000003 0.2390605234375 0.22424577812500002 0.2593358875 0.36589248125 0.3417716 0.36693038125
0 0.8753459171875001 0.5118942015625 0.96011381875 0.5154833546875001 0.91348904375 0.36163985 0.83512501875 0.3604937828125 0.8753459171875001 0.5118942015625
0 1 0.36705178437499997 0.917167903125 0.3608436859375 0.9627076671875001 0.52186381875 0.99936586875 0.526886675 1 0.50872751875 1 0.36705178437499997
0 0.5390774281249999 0.503427503125 0.6239769546875 0.5032473171875 0.5852146171875 0.3572262421875 0.5084893140625 0.35562667187499997 0.5390774281249999 0.503427503125
0 0.7932507796875 0.5128013109375 0.8722540515625001 0.5092702765625 0.8311964640625 0.3682009625 0.7483674828125 0.365512459375 0.7932507796875 0.5128013109375
0 0.6235781421875 0.5019754109375001 0.7081486 0.511218565625 0.665587815625 0.3625488921875 0.5887313078124999 0.35893180468749997 0.6235781421875 0.5019754109375001
0 0.7915252734375 0.51413014375 0.7454096390625 0.36596531875 0.6691681828125 0.364758840625 0.7102464078125 0.5119208125 0.7915252734375 0.51413014375
0 0.4291359 0.375491478125 0.45618795468749995 0.5068228296874999 0.537951740625 0.505275159375 0.5049956265625 0.355053921875 0.4261459203125 0.354187396875 0.4291359 0.375491478125
0 0.014628798437500002 0.49274358281249997 0.102346934375 0.49475907656249996 0.0883175765625 0.352634828125 0.0054221578125 0.347353415625 0.014628798437500002 0.49274358281249997
1 0.1058777375 0.494882375 0.19245548125 0.49581035625 0.175213353125 0.3652947359375 0.09103639531249999 0.35910223750000003 0.1058777375 0.494882375
1 0.2822640328125 0.5001202828125 0.3688642015625 0.5018864515625 0.34333176249999997 0.3720520984375 0.26047394218750003 0.3680926140625 0.2822640328125 0.5001202828125
1 0.1953247328125 0.4980059328125 0.28116784375 0.5030990203125 0.2594006875 0.367186934375 0.17665002968750002 0.36376766250000003 0.1953247328125 0.4980059328125
0 0.3692394296875 0.5012705640624999 0.45292551875 0.5054509265625 0.4241915234375 0.376133759375 0.34488481718749997 0.37355540625 0.3692394296875 0.5012705640624999
0 0.98430648125 0.8130591203125 0.9318552203125 0.6329547578125 0.8596424890625001 0.6271107328125 0.9007632953125 0.811648259375 0.98430648125 0.8130591203125
0 0.139062628125 0.7876605421875 0.2343648828125 0.7919929234375 0.208355659375 0.6067858171875 0.1184845078125 0.6004257171875 0.139062628125 0.7876605421875
0 0.8987813359375 0.8120812234375 0.8554962125 0.6282795359375 0.7813637890625 0.6239755765624999 0.8194165515625 0.8123228046875001 0.8987813359375 0.8120812234375
0 0.42818443124999994 0.8002677796875 0.3947521734375 0.609277515625 0.3067573171875 0.6106147890625 0.33483910156249996 0.7965059125 0.42818443124999994 0.8002677796875
1 0.1381160765625 0.7854725828125 0.1159176734375 0.6016692796875 0.024373135937500002 0.6007390515625 0.041594975 0.7870265125 0.1381160765625 0.7854725828125
0 0.8005288265624999 0.8132703328125 0.7574013374999999 0.6249545609375 0.67341584375 0.62301718125 0.7136884609374999 0.809233446875 0.8005288265624999 0.8132703328125
0 0.519712953125 0.7994466124999999 0.485261178125 0.6214773375 0.3976621984375 0.6149030765625 0.428536553125 0.79827136875 0.519712953125 0.7994466124999999
1 0.33393160312500003 0.7969763984375 0.3041154390625 0.6156537671875 0.21226146093749998 0.60611010625 0.2371664875 0.7940994640625 0.33393160312500003 0.7969763984375
0 0.7124603234375 0.8091905593750001 0.6709376359375 0.6234417125 0.5755791078125 0.6236166937500001 0.61957403125 0.808457784375 0.7124603234375 0.8091905593750001
1 0.4877820375 0.6213539609375001 0.51761428125 0.7782819046875 0.5217262640625 0.7980103890625 0.616306759375 0.80683715625 0.5729391796875001 0.6235347671875 0.4877820375 0.6213539609375001
0 0.0570980203125 0.12143025156250001 0.135638603125 0.12338765468749999 0.12140520937499999 0.0251213234375 0.045922546875 0.022775882812500002 0.0570980203125 0.12143025156250001
0 0.13625914687500001 0.12458726718749999 0.21479973125 0.12654466874999998 0.19859514843749998 0.02781685625 0.121792453125 0.0251113078125 0.13625914687500001 0.12458726718749999
0 0.9828443874999999 1 0.9894554359375001 0.8106843234375001 0.898959528125 0.8133537703125 0.9457911546875 0.9991065578124999 0.9621197718750001 1 0.9828443874999999 1
1 0.2153717484375 0.1277818328125 0.29400926875 0.132986803125 0.27383073125 0.031057920312499997 0.19952044375 0.027220101562499998 0.2153717484375 0.1277818328125
0 0.294239453125 0.132994840625 0.3701290453125 0.13769404062499999 0.34855510624999997 0.036126239062499996 0.2751632828125 0.030844829687500002 0.294239453125 0.132994840625
0 0.370360021875 0.1372922890625 0.44793237656249996 0.140001175 0.4284601765625 0.0442441796875 0.34891910312499996 0.035714618749999996 0.370360021875 0.1372922890625
0 0.7578663125 0.9932892343749999 0.8515931828125 0.997307403125 0.8022169328125001 0.8152554921874999 0.7149894031249999 0.8116967624999999 0.7578663125 0.9932892343749999
0 0.662779865625 0.9922042093749999 0.756166165625 0.9939750171874999 0.711812390625 0.8120984953124999 0.6213938265625 0.8137916296875 0.662779865625 0.9922042093749999
0 0.9458130406249999 1 0.8955794078125001 0.8125545359374999 0.8077906734375 0.813149690625 0.8547274046875 1 0.9458130406249999 1
0 0.563135084375 0.9902148468749999 0.66099536875 0.9958676703125 0.6166935734375001 0.8125026515625 0.5284656046875 0.8063750515624999 0.563135084375 0.9902148468749999
0 0.1642083875 0.98597104375 0.2630357015625 0.98793185625 0.23120941875 0.7953154703124999 0.14181601875 0.7916811078125 0.1642083875 0.98597104375
0 0.2663840171875 0.9880487828125 0.3643482609375 0.990724615625 0.3295142328125 0.8002386609375 0.2344717984375 0.79730040625 0.2663840171875 0.9880487828125
0 0.4280267203125 0.8059142593749999 0.3312282875 0.800679215625 0.3653930125 0.991506253125 0.465423965625 0.9949994109375 0.4280267203125 0.8059142593749999
0 0.563361875 1 0.524300290625 0.8062955859375001 0.43064237031249997 0.8047467546875 0.4659424484375 0.99911545625 0.491272471875 1 0.563361875 1
0 0.139967796875 0.7921292421875 0.042277228124999996 0.7911847453124999 0.0575067921875 0.981499784375 0.1349146640625 0.9875557109375 0.1606121109375 0.9884530859374999 0.139967796875 0.7921292421875
0 0.7479651484375001 0.156520153125 0.719596471875 0.04658905 0.6499274640625 0.0462518484375 0.6751933328125 0.1552239390625 0.7479651484375001 0.156520153125
0 0.49787736718750003 0.0478977234375 0.42955529375 0.044282421875 0.4478908625 0.1395899125 0.5212989640625 0.1410395109375 0.49787736718750003 0.0478977234375
0 0.822704621875 0.1616201796875 0.78312525 0.051920109375 0.72167269375 0.047284071875 0.748528259375 0.1577271796875 0.822704621875 0.1616201796875
0 0.673531903125 0.152675853125 0.646344728125 0.0490111796875 0.57306500625 0.050039721875 0.5984210609375 0.1481853734375 0.673531903125 0.152675853125
0 0.5224565203125 0.14260361562499999 0.597411078125 0.1476799765625 0.5703713593749999 0.050839082812500005 0.4987787015625 0.046847153125 0.5224565203125 0.14260361562499999
0 0.9688644546875 0.1679692265625 0.92742824375 0.061316899999999994 0.8562082500000001 0.0553220359375 0.8982340000000001 0.16550275781249998 0.9688644546875 0.1679692265625
0 0.7884811515625 0.054597209375 0.82240089375 0.1659671921875 0.8962868109375 0.16543475937500002 0.8621761749999999 0.0795813015625 0.8521619156250001 0.05557595625 0.7884811515625 0.054597209375
0 1 0.063178028125 0.9305860562499999 0.0605332578125 0.9692575359375001 0.1667379203125 1 0.169624546875 1 0.063178028125