0 0.64375 0.25625 0.1046875 0.159375
0 0.484375 0.2890625 0.09375 0.1328125
0 0.55859375 0.27578125 0.096875 0.1390625
0 0.4015625 0.309375 0.1109375 0.1421875
0 0.16484375 0.35703125 0.1140625 0.1515625
0 0.88046875 0.21875 0.1 0.15625
0 0.72890625 0.24921875 0.1046875 0.159375
1 0.3328125 0.328125 0.103125 0.1484375
0 0.80546875 0.23671875 0.1 0.1546875
1 0.2515625 0.34921875 0.103125 0.1546875
1 0.08203125 0.3875 0.1078125 0.1375
0 0.5515625 0.415625 0.103125 0.159375
0 0.46171875 0.4359375 0.109375 0.146875
1 0.29765625 0.4703125 0.1015625 0.1328125
0 0.63515625 0.40546875 0.1109375 0.1609375
0 0.79921875 0.37421875 0.1078125 0.1625
1 0.21484375 0.4890625 0.1078125 0.146875
1 0.3796875 0.45703125 0.1046875 0.1390625
0 0.8875 0.359375 0.1125 0.1703125
1 0.71484375 0.39609375 0.115625 0.1484375
0 0.05 0.52734375 0.1 0.1421875
1 0.134375 0.5140625 0.1109375 0.1421875
0 0.075 0.13984375 0.0953125 0.1421875
0 0.021875 0.15703125 0.04375 0.1453125
0 0.80390625 0.03671875 0.0984375 0.0734375
0 0.38125 0.08515625 0.0953125 0.15
0 0.30546875 0.10078125 0.096875 0.15
0 0.8703125 0.6453125 0.1125 0.1765625
0 0.9515625 0.63359375 0.096875 0.1640625
1 0.7765625 0.67265625 0.1140625 0.16875
1 0.15546875 0.13125 0.1046875 0.15625
0 0.45390625 0.075 0.0953125 0.15
0 0.671875 0.0546875 0.09375 0.109375
0 0.23046875 0.11875 0.1015625 0.159375
0 0.6875 0.69453125 0.1234375 0.175
1 0.14140625 0.80859375 0.13125 0.1890625
1 0.60390625 0.721875 0.125 0.1640625
1 0.33125 0.7765625 0.121875 0.1734375
0 0.2375 0.7984375 0.1265625 0.171875
0 0.4203125 0.7640625 0.13125 0.1796875
0 0.51875 0.75 0.115625 0.178125
0 0.528125 0.06953125 0.1 0.1390625
0 0.60234375 0.0625 0.0953125 0.125
1 0.73984375 0.04765625 0.0984375 0.0953125
0 0.87578125 0.84453125 0.11875 0.1921875
0 0.9515625 0.82578125 0.096875 0.1953125
0 0.590625 0.9015625 0.125 0.190625
0 0.78359375 0.8640625 0.125 0.190625
0 0.390625 0.92265625 0.13125 0.1546875
0 0.49453125 0.9125 0.1296875 0.175
0 0.69140625 0.88515625 0.1296875 0.1859375
0 0.29609375 0.93515625 0.1234375 0.1296875
0 0.196875 0.94453125 0.134375 0.1109375