0 0.6265625 0.246875 0.1125 0.1625
0 0.46953125 0.290625 0.1 0.1359375
0 0.54296875 0.27265625 0.1046875 0.1421875
0 0.38828125 0.31640625 0.11875 0.146875
0 0.15625 0.38125 0.121875 0.1546875
0 0.86015625 0.19296875 0.109375 0.159375
0 0.7109375 0.23359375 0.1140625 0.1625
1 0.32109375 0.33984375 0.1109375 0.1515625
0 0.7859375 0.21640625 0.109375 0.1578125
1 0.2421875 0.3671875 0.1109375 0.1578125
1 0.075 0.4171875 0.115625 0.1421875
0 0.5453125 0.4125 0.1125 0.1625
0 0.4578125 0.43828125 0.1171875 0.1515625
1 0.29609375 0.484375 0.1078125 0.1359375
0 0.628125 0.39609375 0.11875 0.1640625
0 0.78984375 0.35390625 0.1171875 0.165625
1 0.21484375 0.509375 0.115625 0.15
1 0.3765625 0.465625 0.1109375 0.14375
0 0.8765625 0.3328125 0.121875 0.1734375
1 0.70703125 0.38125 0.1234375 0.153125
0 0.05390625 0.55859375 0.1078125 0.1453125
1 0.1359375 0.5390625 0.1171875 0.146875
0 0.05078125 0.1703125 0.1015625 0.14375
0 0.0125 0.19296875 0.025 0.1484375
0 0.76875 0.02734375 0.10625 0.0546875
0 0.35234375 0.09453125 0.1046875 0.153125
0 0.278125 0.115625 0.1046875 0.1515625
0 0.8796875 0.61875 0.121875 0.1796875
0 0.953125 0.6015625 0.09375 0.16875
0 0.7875 0.65234375 0.1234375 0.171875
1 0.13046875 0.15625 0.1125 0.159375
0 0.425 0.078125 0.103125 0.15625
0 0.6390625 0.05 0.103125 0.1
0 0.20390625 0.13828125 0.1109375 0.1625
0 0.70078125 0.68046875 0.1328125 0.1796875
1 0.1640625 0.8328125 0.140625 0.1921875
1 0.61875 0.7140625 0.134375 0.16875
1 0.35078125 0.7875 0.13125 0.178125
0 0.25859375 0.81640625 0.1359375 0.1765625
0 0.43828125 0.76875 0.140625 0.1828125
0 0.5359375 0.7484375 0.125 0.18125
0 0.49765625 0.0703125 0.1078125 0.140625
0 0.5703125 0.06015625 0.103125 0.1203125
1 0.70625 0.040625 0.10625 0.08125
0 0.89921875 0.81796875 0.1296875 0.1953125
0 0.959375 0.79296875 0.08125 0.1984375
0 0.61875 0.89453125 0.1359375 0.19375
0 0.8078125 0.84375 0.1359375 0.19375
0 0.42265625 0.925 0.1421875 0.15
0 0.5234375 0.91171875 0.140625 0.1765625
0 0.7171875 0.87109375 0.1390625 0.190625
0 0.32890625 0.940625 0.1328125 0.11875
0 0.23203125 0.953125 0.1453125 0.09375