0 0.8615086046875 0.2112805296875 0.8997806140625 0.3205226421875 0.9709260859375 0.319795909375 0.929284996875 0.21007396875 0.8615086046875 0.2112805296875
0 0.786132521875 0.21652512656249998 0.8289471875000001 0.32710290937500003 0.8970235328125 0.32340733906249997 0.8536240515625 0.21286793906249998 0.786132521875 0.21652512656249998
0 0.5411756671875 0.22867153281250002 0.5364573640625 0.2288362984375 0.5742125125 0.34051143906250003 0.650984003125 0.33537609687500003 0.613764825 0.2280675640625 0.5411756671875 0.22867153281250002
0 0.6185542749999999 0.226363265625 0.6552663109375 0.3332836921875 0.7349262765625 0.335775078125 0.6946894734375 0.22380693906250002 0.6185542749999999 0.226363265625
0 0.6985968453125 0.2224957078125 0.7391282718750001 0.3384246015625 0.819823090625 0.3351672453125 0.777473790625 0.2193179984375 0.6985968453125 0.2224957078125
0 0.46112972656249995 0.2329866671875 0.495805715625 0.346520071875 0.5746451078125 0.341312515625 0.536952871875 0.230338865625 0.46112972656249995 0.2329866671875
0 0.3771297171875 0.23821281249999998 0.4113087328125 0.3530125171875 0.493271384375 0.348309503125 0.45922049375 0.23291345156249998 0.3771297171875 0.23821281249999998
1 0.1322348828125 0.2446540421875 0.0509857140625 0.2467180328125 0.0790662296875 0.384863775 0.162246503125 0.38141044218750003 0.1322348828125 0.2446540421875
0 0.1326961984375 0.24541122343750002 0.1642240546875 0.384457315625 0.24951638125 0.3821816578125 0.22005314375 0.2439072359375 0.1326961984375 0.24541122343750002
1 0.2969049375 0.24045022187499998 0.33436017812499996 0.3813081390625 0.4142977296875 0.37790305156250004 0.3745714765625 0.23541816875000002 0.2969049375 0.24045022187499998
1 0.22046051718749998 0.2431197203125 0.250567265625 0.383007040625 0.33287456875 0.37829198750000004 0.2947871625 0.242070759375 0.22046051718749998 0.2431197203125
0 0.9028302890625 0.33313335 0.824577209375 0.33745647343749996 0.8752612921875 0.4856824203125 0.9600730687500001 0.4833497203125 0.9028302890625 0.33313335
0 1 0.4912724796875 0.999219515625 0.46892231406249996 0.9926408562500001 0.33251305000000003 0.9064446500000001 0.3320825015625 0.963105678125 0.4895337046875 1 0.4919855203125 1 0.4912724796875
0 0.5750476453125 0.3516297609375 0.49839765937499997 0.3553861734375 0.5392213265625 0.50069325 0.623901475 0.49459121250000004 0.5750476453125 0.3516297609375
0 0.82119585 0.3454189203125 0.7383810953125 0.348514825 0.7934294093750001 0.49231398750000005 0.8719939218749999 0.4832805640625 0.82119585 0.3454189203125
0 0.655596346875 0.35133289375 0.5786747421875 0.35308585625 0.6234149109375 0.4933502234375 0.708424128125 0.496671525 0.655596346875 0.35133289375
0 0.6593221515625001 0.35328770625 0.7105658109374999 0.497225725 0.7918008015625 0.493759946875 0.735462046875 0.349172909375 0.6593221515625001 0.35328770625
0 0.53822726875 0.50261493125 0.49487252968749995 0.35505852656250003 0.41615445156249997 0.3596943890625 0.42062324687499997 0.3807380046875 0.456770615625 0.5098623843750001 0.53822726875 0.50261493125
0 0 0.41226911250000003 0.015304956250000001 0.5266190421875 0.10295000937500001 0.52251071875 0.0790407390625 0.381711315625 0 0.3822003796875 0 0.41226911250000003
1 0.1666079515625 0.38827884375 0.0822040796875 0.387973315625 0.10648081250000001 0.5223874203125 0.1929123890625 0.5172737828125 0.1666079515625 0.38827884375
1 0.334788203125 0.383292396875 0.2518560203125 0.38512242812499997 0.2828028171875 0.515308484375 0.369315234375 0.5110294265624999 0.334788203125 0.383292396875
1 0.2507222046875 0.38429382031250003 0.16793460625 0.386655271875 0.19592780781250002 0.5192638625 0.28191708437499996 0.5183564296875 0.2507222046875 0.38429382031250003
0 0.41573571718749996 0.3817236234375 0.336442340625 0.3846837078125 0.3696465859375 0.510388865625 0.45342042656250003 0.5087213984375001 0.41573571718749996 0.3817236234375
0 1 0.7650463609375 0.9400776984375 0.6025061890625001 0.8676332140625 0.6017137046875 0.9215265390624999 0.782933265625 1 0.778776021875 1 0.7650463609375
0 0.2165150921875 0.626869771875 0.1264192046875 0.6267942609375 0.1600080375 0.8121375328125 0.25538035312499996 0.8098114125 0.2165150921875 0.626869771875
0 0.7893265 0.6040466328125 0.8404250062499999 0.7892806296875 0.9195796109375 0.7835034296875001 0.8635785703125001 0.6031688921875 0.7893265 0.6040466328125
0 0.31494414375 0.6238252656250001 0.3559246328125 0.80730468125 0.44930499218750003 0.80454594375 0.402631365625 0.6163530374999999 0.31494414375 0.6238252656250001
1 0.032558940625 0.633671709375 0.0627335828125 0.8183040484375 0.15891116875 0.8100209312500001 0.12394536874999999 0.628213846875 0.032558940625 0.633671709375
0 0.68157465625 0.610620640625 0.7347389609375 0.793574015625 0.8216493874999999 0.791543390625 0.7654907109375 0.6066947671875 0.68157465625 0.610620640625
0 0.40592672187499995 0.621761903125 0.44951699375 0.8025298328125 0.5405532734375 0.79734206875 0.49377091249999994 0.622209553125 0.40592672187499995 0.621761903125
1 0.22036424375000002 0.6259232531250001 0.258322078125 0.8117173921875 0.3550521625 0.807837325 0.312660203125 0.62903625625 0.22036424375000002 0.6259232531250001
0 0.584018065625 0.6180434375 0.6407996812500001 0.7993653328125 0.733510825 0.793616903125 0.6791321 0.6112170078125 0.584018065625 0.6180434375
1 0.5424614937500001 0.795768903125 0.6374273203125 0.7979765671875 0.581378853125 0.6181458625 0.4962770234375 0.62191063125 0.5369833390625 0.7763753140625 0.5424614937500001 0.795768903125
0 0.08920158593750001 0.052687542187500006 0.013739184375 0.055613218750000006 0.0317692171875 0.1532477078125 0.11025502031250001 0.1497216296875 0.08920158593750001 0.052687542187500006
0 0.16639152343750002 0.0499920109375 0.0895871875 0.052650537500000004 0.11095773281250002 0.1508750328125 0.1894435375 0.14734895312500002 0.16639152343750002 0.0499920109375
0 1 0.7767746921875001 0.9198461359375001 0.784760446875 0.9795211421875001 0.9667939390625 1 0.9664836343750001 1 0.7767746921875001
1 0.2416699234375 0.047977010937499995 0.16727293906250001 0.0493321640625 0.1901004609375 0.1485432015625 0.26890950468749997 0.148250015625 0.2416699234375 0.047977010937499995
0 0.3165658203125 0.0478204734375 0.24298436250000002 0.047671484375 0.2691396890625 0.1482419765625 0.34517221875000004 0.1476359390625 0.3165658203125 0.0478204734375
0 0.396842525 0.05034474375 0.3169002171875 0.047384465625 0.3453746078125 0.14721905468750002 0.4229469625 0.14451016875 0.396842525 0.05034474375
0 0.8234718593749999 0.7934059578125 0.7362085656249999 0.7959405828125 0.79164828125 0.9740997625000001 0.8854271296875 0.9715700859374999 0.8234718593749999 0.7934059578125
0 0.7330673171875 0.7965629546875 0.642987115625 0.80455924375 0.6967177734375001 0.979650275 0.7900001125 0.9749024703125 0.7330673171875 0.7965629546875
0 0.9164184984375 0.78419894375 0.8288851296875 0.7909164828125 0.8905557312499999 0.9795877031250001 0.9831049500000001 0.9778461249999999 0.9164184984375 0.78419894375
0 0.638208396875 0.8036012781249999 0.5497679078125 0.8036430781250001 0.5971769484375 0.984616628125 0.695193171875 0.9834292921875001 0.638208396875 0.8036012781249999
0 0.296870653125 1 0.2524643453125 0.8133459796875 0.1630351828125 0.8159562390625 0.1973931484375 1 0.296870653125 1
0 0.375205478125 1 0.39890992187499996 0.998991821875 0.3508731171875 0.8113997812499999 0.25585724062500004 0.8150985093750001 0.30024006875000003 1 0.375205478125 1
0 0.4000066515625 0.9996986765625 0.5000376046875 0.9962055187500001 0.44954154375 0.8101896703125 0.352613728125 0.8117196968749999 0.4000066515625 0.9996986765625
0 0.5087275203125 1 0.5987726234374999 0.9968555562500001 0.545607196875 0.8038543625000001 0.45206938125 0.8088425515625 0.5007717875 1 0.5087275203125 1
0 0.1935824296875 1 0.1612227234375 0.8165322078124999 0.06370423750000001 0.8224045609375 0.09048448125 1 0.1935824296875 1
0 0.6179103765625 0.036898745312499995 0.6507162078125 0.1438429265625 0.7234011734375 0.140059678125 0.687433196875 0.0323752609375 0.6179103765625 0.036898745312499995
0 0.4228768609375 0.14410280312499998 0.4962072625 0.14042817968750002 0.46634547812499993 0.049147089062499996 0.3979376421875 0.050306501562499994 0.4228768609375 0.14410280312499998
0 0.68955284375 0.032923759375 0.7240471125 0.141224484375 0.798314346875 0.1399337203125 0.7511790984375 0.033261790624999996 0.68955284375 0.032923759375
0 0.54149938125 0.0460390453125 0.5736399640625 0.14217687031249998 0.64888108125 0.14141694375 0.61452885 0.0399012734375 0.54149938125 0.0460390453125
0 0.5388680578125 0.047024359375000005 0.46717133125 0.0480362046875 0.4974711046875 0.14190772812500002 0.5725971875 0.1417431578125 0.5388680578125 0.047024359375000005
0 0.8243213781250001 0.0315574171875 0.8739305749999999 0.1385381765625 0.944561028125 0.13607170625 0.8957860640625 0.0325696234375 0.8243213781250001 0.0315574171875
0 0.8719833843749999 0.13860617343749998 0.83196700625 0.0553412875 0.8203026124999999 0.032092978125 0.756708696875 0.035558759375 0.798314590625 0.1442913296875 0.8719833843749999 0.13860617343749998
0 0.9872624515625 0.13582557343749999 0.9858532765625 0.0861633234375 0.9838525703125001 0.0288705609375 0.8988815203125 0.031567612499999995 0.9448672609375001 0.1348159796875 0.9872624515625 0.13582557343749999