0 0.72109375 0.32421875 0.1015625 0.159375
0 0.5609375 0.29765625 0.0921875 0.13125
0 0.634375 0.31171875 0.0953125 0.1390625
0 0.4765625 0.28671875 0.109375 0.1421875
0 0.23828125 0.246875 0.1109375 0.15
0 0.953125 0.3734375 0.09375 0.15625
0 0.80390625 0.3484375 0.103125 0.159375
1 0.40546875 0.2796875 0.1015625 0.146875
0 0.8796875 0.3640625 0.0984375 0.1546875
1 0.32265625 0.2703125 0.1015625 0.1546875
1 0.15 0.2453125 0.10625 0.1359375
0 0.578125 0.43984375 0.1015625 0.159375
0 0.4875 0.4265625 0.1078125 0.146875
1 0.321875 0.39921875 0.1 0.13125
0 0.66015625 0.46015625 0.109375 0.159375
0 0.825 0.48984375 0.10625 0.1609375
1 0.2375 0.3875 0.10625 0.1453125
1 0.403125 0.4171875 0.1015625 0.1390625
0 0.91171875 0.5078125 0.109375 0.1703125
1 0.7375 0.4796875 0.1140625 0.146875
0 0.06875 0.3640625 0.103125 0.140625
1 0.15390625 0.38203125 0.1078125 0.140625
0 0.23203125 0.040625 0.0921875 0.08125
0 0.15546875 0.03671875 0.0890625 0.0734375
0 0.95703125 0.14296875 0.0859375 0.1453125
0 0.5375 0.07265625 0.09375 0.1453125
0 0.46171875 0.065625 0.0953125 0.13125
0 0.79375 0.76875 0.109375 0.1765625
0 0.88125 0.78984375 0.1109375 0.1640625
0 0.69609375 0.76015625 0.1125 0.16875
1 0.31015625 0.05546875 0.1015625 0.1109375
0 0.61015625 0.0859375 0.0921875 0.153125
0 0.82890625 0.12578125 0.090625 0.1546875
0 0.384375 0.06328125 0.1 0.1265625
0 0.60546875 0.7484375 0.121875 0.175
1 0.059375 0.659375 0.11875 0.1875
1 0.5171875 0.74453125 0.1234375 0.1640625
1 0.24296875 0.69765625 0.11875 0.1734375
0 0.14765625 0.684375 0.125 0.171875
0 0.33046875 0.71796875 0.1296875 0.178125
0 0.42734375 0.740625 0.1125 0.178125
0 0.6828125 0.103125 0.096875 0.15
0 0.75625 0.1171875 0.09375 0.146875
1 0.89375 0.14375 0.096875 0.1390625
0 0.7265625 0.9296875 0.115625 0.140625
0 0.81875 0.9375 0.128125 0.125
0 0.440625 0.90625 0.121875 0.1875
0 0.6328125 0.9234375 0.121875 0.153125
0 0.240625 0.8734375 0.128125 0.1890625
0 0.34453125 0.89140625 0.1265625 0.1890625
0 0.53984375 0.91796875 0.1265625 0.1640625
0 0.14453125 0.859375 0.1203125 0.1828125
0 0.05546875 0.840625 0.1109375 0.184375