0 0.62109375 0.29296875 0.0765625 0.1265625
0 0.45625 0.2828125 0.0984375 0.1234375
0 0.5453125 0.290625 0.0875 0.134375
0 0.94375 0.3203125 0.0765625 0.125
0 0.86953125 0.3203125 0.0828125 0.1328125
0 0.7890625 0.315625 0.09375 0.1421875
0 0.70390625 0.3125 0.09375 0.146875
1 0.12734375 0.28203125 0.09375 0.1265625
0 0.21171875 0.290625 0.1 0.1171875
1 0.37734375 0.3015625 0.090625 0.134375
1 0.296875 0.29765625 0.0859375 0.1265625
0 0.6515625 0.43828125 0.0921875 0.1421875
0 0.56640625 0.43359375 0.0875 0.1359375
0 0.48046875 0.428125 0.0953125 0.14375
0 0.909375 0.45859375 0.09375 0.1484375
1 0.14375 0.40625 0.0953125 0.1421875
0 0.8125 0.45625 0.1015625 0.134375
0 0.0578125 0.40390625 0.0921875 0.1421875
1 0.4015625 0.43046875 0.09375 0.128125
1 0.73203125 0.4546875 0.0890625 0.1265625
1 0.31640625 0.42578125 0.0921875 0.1390625
1 0.228125 0.42109375 0.0921875 0.1359375
0 0.1796875 0.05703125 0.084375 0.1140625
0 0.1 0.05703125 0.0875 0.1140625
0 0.33671875 0.0625 0.0859375 0.125
0 0.7859375 0.08984375 0.0859375 0.146875
0 0.71484375 0.0859375 0.078125 0.1453125
0 0.7234375 0.728125 0.09375 0.1546875
0 0.8203125 0.73515625 0.09375 0.1671875
0 0.63046875 0.72578125 0.1 0.1640625
0 0.90703125 0.74609375 0.0921875 0.1609375
0 0.3578125 0.709375 0.1109375 0.1734375
0 0.45390625 0.71796875 0.096875 0.16875
0 0.415625 0.06640625 0.084375 0.1328125
0 0.6453125 0.08359375 0.0765625 0.140625
0 0.49375 0.07265625 0.0796875 0.134375
0 0.1609375 0.703125 0.1015625 0.165625
1 0.2609375 0.715625 0.10625 0.1609375
1 0.5390625 0.73671875 0.1015625 0.1625
1 0.071875 0.715625 0.10625 0.1671875
0 0.56953125 0.08046875 0.0796875 0.1359375
1 0.25703125 0.06328125 0.0859375 0.1265625
0 0.9265625 0.115625 0.0859375 0.1265625
0 0.86484375 0.91796875 0.1109375 0.1640625
0 0.08671875 0.88359375 0.1109375 0.1671875
0 0.58046875 0.91328125 0.1046875 0.1734375
0 0.6796875 0.91640625 0.109375 0.1671875
0 0.76953125 0.9203125 0.0953125 0.159375
0 0.48125 0.9109375 0.115625 0.178125
0 0.28359375 0.90078125 0.1078125 0.1765625
0 0.384375 0.909375 0.10625 0.171875
0 0.1828125 0.8984375 0.1078125 0.1671875
1 0.859375 0.12421875 0.078125 0.134375