0 0.9981017578125 0.42164484062499996 0.9801831015625 0.3056629171875 0.9136369265625 0.2927516078125 0.9283598906250001 0.4075637171875 0.9981017578125 0.42164484062499996
0 0.9250632953125001 0.40981214687499995 0.90559463125 0.2926650375 0.8388175796875 0.282210028125 0.8577062281250001 0.39927309218749996 0.9250632953125001 0.40981214687499995
1 0.6819118734375 0.3703648640625 0.6678167234375 0.257662978125 0.596688240625 0.2431616125 0.5920387859375 0.2423417890625 0.605750328125 0.359426296875 0.6819118734375 0.3703648640625
0 0.7639368546874999 0.38820770625 0.7478588078125 0.2703206375 0.67285585625 0.2569917046875 0.6865356390625 0.369208525 0.7639368546874999 0.38820770625
0 0.8471048453125001 0.405264196875 0.8297673921875001 0.28314161875 0.7519534140624999 0.2698504484375 0.767496159375 0.391672975 0.8471048453125001 0.405264196875
0 0.6060069171875 0.360299809375 0.592211065625 0.24391454218750003 0.517494328125 0.230739965625 0.5278076421875 0.3490019359375 0.6060069171875 0.360299809375
0 0.5249566484375 0.3502253453125 0.515642040625 0.230271396875 0.43424334531250003 0.218387321875 0.443807265625 0.3377845953125 0.5249566484375 0.3502253453125
1 0.112202809375 0.299862725 0.1942833828125 0.3137790078125 0.1933608421875 0.17377129687499998 0.11345803593749999 0.15889753281250002 0.112202809375 0.299862725
1 0.2794858609375 0.3326778 0.279415334375 0.191299253125 0.1936546515625 0.17460784375 0.1955842390625 0.3171704546875 0.2794858609375 0.3326778
1 0.4415559125 0.362752659375 0.43232204531249996 0.2151218609375 0.355306484375 0.20389616875 0.36265723125 0.3494633859375 0.4415559125 0.362752659375
1 0.361831178125 0.34620426875 0.352898059375 0.20504098437499998 0.2799775375 0.19061364375 0.2803421734375 0.33370363593749997 0.361831178125 0.34620426875
0 0.8700377234375001 0.564016503125 0.95348115625 0.5793681375 0.9287210078125 0.42053291249999997 0.85127911875 0.4084918359375 0.8700377234375001 0.564016503125
0 1 0.43496230625 0.9324748703125 0.420256496875 0.9551617718750001 0.586047503125 0.9907641734375 0.5961233109374999 0.9947717859375 0.5733950109375 1 0.5412533765624999 1 0.43496230625
0 0.5382201125 0.5088326734375 0.6223184796875 0.520469971875 0.60425558125 0.3704752890625 0.5284995796875 0.3582131875 0.5382201125 0.5088326734375
0 0.788615284375 0.55348935 0.8673411281250001 0.560987809375 0.8463161625 0.4155772609375 0.764667434375 0.40138735625 0.788615284375 0.55348935
0 0.6221005640625 0.5191549390625 0.7045615890625 0.5400780734375 0.683105821875 0.38693192656250003 0.607500678125 0.37265368125 0.6221005640625 0.5191549390625
1 0.7867216328125 0.55456510625 0.7616753515625 0.40142415624999994 0.68634378125 0.389618659375 0.706541246875 0.54106544375 0.7867216328125 0.55456510625
0 0.4471537828125 0.3668408109375 0.4556647765625 0.5006589734375 0.5368482359375 0.510505684375 0.5251196031250001 0.35715978437499996 0.44715785468749997 0.345327934375 0.4471537828125 0.3668408109375
0 0.0203622953125 0.4252635859375 0.10694626249999999 0.4394674703125 0.112833309375 0.29677385625 0.031479653125 0.2800070296875 0.0203622953125 0.4252635859375
1 0.11042554375 0.4400809625 0.19603156875 0.45304920624999995 0.197121503125 0.3214041140625 0.1146255796875 0.30355671093750003 0.11042554375 0.4400809625
0 0.2843662828125 0.4698161234375 0.3698778625 0.48361751562500005 0.362663353125 0.3514932734375 0.281162953125 0.33604074375000004 0.2843662828125 0.4698161234375
1 0.19856733124999998 0.4556227375 0.282866203125 0.4726133109375 0.280226190625 0.3349945109375 0.1987567265625 0.3200918484375 0.19856733124999998 0.4556227375
0 0.3703351546875 0.4830598453125 0.45262502187500003 0.4988463765625 0.442168134375 0.3667887171875 0.3639920734375 0.3531980953125 0.3703351546875 0.4830598453125
0 0.9360238359374999 0.8774148859374999 0.909148709375 0.69176348125 0.838452078125 0.675926259375 0.8534900390625 0.864390790625 0.9360238359374999 0.8774148859374999
0 0.1025406359375 0.734628275 0.1963124640625 0.7521820046875 0.1963322078125 0.5651575375 0.10822083125 0.5463516859374999 0.1025406359375 0.734628275
0 0.8514671125 0.8645437046875 0.8341834875 0.6765066390625 0.7613715109375 0.6619273265625 0.772841078125 0.8537374921875 0.8514671125 0.8645437046875
0 0.3870941375 0.7873507984375 0.380567946875 0.5935663671875 0.2932433390625 0.5826441109375 0.2951807890625 0.7706343828125 0.3870941375 0.7873507984375
1 0.10190780156250001 0.732329875 0.1055059078125 0.5472259125 0.0149817375 0.5335642 0.0061097703125 0.7204355421875 0.10190780156250001 0.732329875
0 0.7540052968750001 0.8520471359374999 0.7375060125 0.659561853125 0.6546074890625 0.6459548078124999 0.6685718828125 0.8359636937499999 0.7540052968750001 0.8520471359374999
0 0.47784619531250005 0.79927593125 0.46849823749999997 0.61824388125 0.3826667265625 0.599542178125 0.3877206796875 0.785422821875 0.47784619531250005 0.79927593125
1 0.2942166421875 0.770973990625 0.28992588124999996 0.5872663703125001 0.200294040625 0.565031984375 0.19879363125 0.754657953125 0.2942166421875 0.770973990625
1 0.667361665625 0.8357503 0.6520943171875 0.6460303078125 0.557639459375 0.63293224375 0.57548131875 0.8220973828125 0.667361665625 0.8357503
1 0.47101173437500005 0.618472540625 0.4787135046875 0.77802511875 0.48003979531249996 0.798133884375 0.572471390625 0.8200378109375001 0.5550366234374999 0.63248370625 0.47101173437500005 0.618472540625
0 0.11579834687499999 0 0.1140950390625 0.06347442343750001 0.1915988515625 0.076343515625 0.19127680625000001 0 0.11579834687499999 0
0 0.19167458906249998 0 0.1920464015625 0.077617815625 0.2695502171875 0.09048690468750001 0.26746348750000004 0 0.19167458906249998 0
0 0.919549815625 1 0.9414531890625 0.8757797953124999 0.851466465625 0.8658286671875001 0.8659246312500001 1 0.919549815625 1
1 0.2684100578125 0 0.2699444875 0.0917916375 0.3470923203125 0.10789018125000001 0.34129591875 0.0041449546875 0.31988512812500003 0 0.2684100578125 0
0 0.347319146875 0.1079301765625 0.421816184375 0.12314543281250001 0.41458770781250004 0.0195635703125 0.3426451578125 0.004119392187499999 0.347319146875 0.1079301765625
0 0.42210082499999996 0.1227797375 0.4985412484375 0.13625824687500002 0.49258534843749996 0.03872314375 0.4150054484375 0.019206615625 0.42210082499999996 0.1227797375
0 0.773748196875 1 0.7554006953125 0.854247915625 0.6695173359375 0.83858409375 0.6844492078125 1 0.773748196875 1
0 0.6824456421875 1 0.6663153312500001 0.8385397625 0.5765410765625 0.8276325859375 0.5918026265624999 1 0.6824456421875 1
0 0.8648648984375 1 0.8482304734375001 0.8645667890625001 0.7612132625 0.8529383218750001 0.7769320015625001 1 0.8648648984375 1
0 0.589102646875 1 0.57206595625 0.8257020031250001 0.48554941406249996 0.8073550781250001 0.4942959375 0.994230815625 0.5231522296875 1 0.589102646875 1
0 0.09984219062500001 0.934508446875 0.19743483125 0.9502042812499999 0.19272530000000002 0.7550330625 0.10470767656249999 0.7389929125 0.09984219062500001 0.934508446875
0 0.2007342890625 0.9507860640624999 0.2973727484375 0.96706984375 0.2893882421875 0.7735897265625 0.19567968125 0.7574527171875001 0.2007342890625 0.9507860640624999
0 0.3861521234375 0.792920378125 0.291024303125 0.77426454375 0.29829855 0.9679892750000001 0.39686985468749997 0.9853700562500001 0.3861521234375 0.792920378125
0 0.49292380468749997 1 0.4814356953125 0.8066966859375 0.38890480312500003 0.7921282640625 0.3968104484375 0.989518203125 0.4562556703125 1 0.49292380468749997 1
0 0 0.9163807015625001 0.07061300937500001 0.93200079375 0.0959354796875 0.9364658296874999 0.1028150734375 0.7391794625 0.0062066703125 0.7246482578125 0 0.8283609046875 0 0.9163807015625001
0 0.7933551234375 0.194372953125 0.7805619828125 0.0815635375 0.7116179171875 0.07153356562499999 0.7214719171875 0.18296147499999998 0.7933551234375 0.194372953125
0 0.5608185 0.052002139062499994 0.493664484375 0.038913425 0.498557375 0.1358452078125 0.571049328125 0.14749713125 0.5608185 0.052002139062499994
0 0.8666574515625 0.20982507187500002 0.8427305625000001 0.0956842109375 0.7825212703125 0.0825407484375 0.7937447703125 0.19564660312499998 0.8666574515625 0.20982507187500002
0 0.72018128125 0.1802069609375 0.7076860234375 0.073767421875 0.634976309375 0.06458738750000001 0.646426365625 0.1653067734375 0.72018128125 0.1802069609375
0 0.5719779375 0.1492071171875 0.6454965500000001 0.16466573281250002 0.632197628125 0.0650040875 0.5618572734375 0.051087234375 0.5719779375 0.1492071171875
0 1 0.19175115 0.9843214296875 0.1250726484375 0.9146288671875 0.1092242171875 0.9409114328125 0.22418152187499998 1 0.23460043125 1 0.19175115
0 0.847661759375 0.0990806546875 0.8657516921875 0.21408750781250002 0.93899265625 0.22384319062500002 0.9171624765624999 0.1340779703125 0.9105865718749999 0.10891252656249999 0.847661759375 0.0990806546875