0 0.73046875 0.3359375 0.1078125 0.1609375
0 0.571875 0.30078125 0.096875 0.134375
0 0.64453125 0.31953125 0.1015625 0.140625
0 0.4875 0.28515625 0.1140625 0.1453125
0 0.25234375 0.23359375 0.1171875 0.153125
0 0.9546875 0.39765625 0.090625 0.1578125
0 0.8109375 0.3640625 0.109375 0.1609375
1 0.4171875 0.275 0.1078125 0.15
0 0.8859375 0.38359375 0.1046875 0.15625
1 0.334375 0.26171875 0.1078125 0.15625
1 0.16328125 0.22734375 0.1109375 0.1390625
0 0.58125 0.44453125 0.1078125 0.1609375
0 0.49140625 0.42578125 0.1125 0.15
1 0.32734375 0.390625 0.1046875 0.134375
0 0.66171875 0.46875 0.115625 0.1625
0 0.825 0.50703125 0.1125 0.1640625
1 0.24375 0.37421875 0.1125 0.1484375
1 0.40703125 0.41171875 0.1078125 0.1421875
0 0.9109375 0.52890625 0.1171875 0.171875
1 0.73828125 0.4921875 0.1203125 0.1515625
0 0.0765625 0.3421875 0.109375 0.14375
1 0.16015625 0.3640625 0.1140625 0.14375
0 0.25859375 0.03515625 0.0984375 0.0703125
0 0.18203125 0.028125 0.0953125 0.05625
0 0.96484375 0.16796875 0.0703125 0.1484375
0 0.559375 0.07421875 0.1 0.1484375
0 0.48359375 0.065625 0.1015625 0.13125
0 0.7796875 0.78359375 0.1171875 0.178125
0 0.865625 0.809375 0.11875 0.1671875
1 0.68203125 0.76953125 0.11875 0.1703125
1 0.334375 0.05078125 0.109375 0.1015625
0 0.63203125 0.09296875 0.0984375 0.1546875
0 0.84765625 0.14296875 0.0984375 0.15625
0 0.4078125 0.0609375 0.10625 0.121875
0 0.5921875 0.75390625 0.128125 0.178125
1 0.05703125 0.6359375 0.1140625 0.190625
1 0.5046875 0.74453125 0.1296875 0.1671875
1 0.2328125 0.68359375 0.1265625 0.1765625
0 0.13828125 0.665625 0.13125 0.175
0 0.31953125 0.70859375 0.1359375 0.18125
0 0.41484375 0.7359375 0.1203125 0.18125
0 0.703125 0.11328125 0.103125 0.153125
0 0.77578125 0.13046875 0.1 0.15
1 0.91171875 0.16484375 0.103125 0.1421875
0 0.70234375 0.93515625 0.1234375 0.1296875
0 0.79453125 0.9453125 0.1359375 0.109375
0 0.41953125 0.90390625 0.1296875 0.1921875
0 0.61015625 0.92578125 0.1296875 0.1484375
0 0.22109375 0.859375 0.1375 0.19375
0 0.32421875 0.8828125 0.1359375 0.1921875
0 0.5171875 0.91796875 0.134375 0.1640625
0 0.1265625 0.840625 0.128125 0.1859375
0 0.0484375 0.8171875 0.096875 0.1875