0 0.8140625 0.234375 0.090625 0.128125
0 0.49609375 0.2875 0.0953125 0.109375
0 0.7375 0.25 0.1 0.128125
0 0.5765625 0.27734375 0.0984375 0.1328125
0 0.65703125 0.26484375 0.1078125 0.1375
0 0.88984375 0.228125 0.09375 0.1359375
0 0.4171875 0.31015625 0.09375 0.109375
0 0.16796875 0.353125 0.0984375 0.1203125
1 0.0890625 0.365625 0.0953125 0.1125
1 0.02421875 0.378125 0.0484375 0.10625
1 0.33359375 0.33046875 0.0984375 0.13125
1 0.25390625 0.34609375 0.09375 0.125
0 0.5515625 0.41484375 0.10625 0.1515625
0 0.63359375 0.40234375 0.1078125 0.15625
0 0.046875 0.50078125 0.09375 0.1546875
0 0.47265625 0.4359375 0.1109375 0.1546875
0 0.8890625 0.37265625 0.1109375 0.1625
1 0.128125 0.49296875 0.10625 0.1453125
1 0.71484375 0.4 0.109375 0.1390625
1 0.2171875 0.4796875 0.10625 0.1328125
0 0.80234375 0.3890625 0.1171875 0.1515625
1 0.3890625 0.45546875 0.1078125 0.1453125
1 0.30546875 0.471875 0.1015625 0.14375
0 0.9515625 0.65625 0.096875 0.153125
0 0.86796875 0.6734375 0.10625 0.153125
1 0.59765625 0.71953125 0.1171875 0.140625
0 0.78046875 0.69140625 0.10625 0.15
0 0.68671875 0.7078125 0.1171875 0.153125
1 0.32109375 0.7734375 0.1203125 0.1703125
0 0.22734375 0.78984375 0.1203125 0.171875
0 0.41640625 0.76171875 0.11875 0.159375
0 0.515625 0.74921875 0.1171875 0.1625
1 0.134375 0.81015625 0.1203125 0.175
0 0.03046875 0.15625 0.0609375 0.109375
0 0.246875 0.1203125 0.08125 0.1015625
0 0.090625 0.14453125 0.0828125 0.109375
0 0.32109375 0.109375 0.090625 0.109375
1 0.16875 0.134375 0.0953125 0.1078125
0 0.47421875 0.08671875 0.084375 0.1140625
0 0.621875 0.065625 0.0890625 0.1234375
0 0.39921875 0.1015625 0.0921875 0.11875
0 0.94609375 0.82890625 0.1078125 0.1765625
0 0.47890625 0.9140625 0.1171875 0.171875
0 0.8640625 0.8546875 0.1203125 0.175
0 0.2828125 0.928125 0.121875 0.14375
0 0.76796875 0.86953125 0.125 0.196875
0 0.675 0.8859375 0.1109375 0.1828125
0 0.378125 0.92109375 0.125 0.1578125
0 0.5796875 0.90390625 0.128125 0.1796875
0 0.55 0.07890625 0.0890625 0.128125
0 0.69375 0.06015625 0.08125 0.1203125
0 0.17890625 0.94140625 0.1265625 0.1171875
1 0.7625 0.05234375 0.0890625 0.1015625
0 0.90234375 0.04375 0.0734375 0.0875
0 0.8359375 0.0515625 0.084375 0.103125