0 0.66015625 0.2671875 0.0953125 0.15625
0 0.49921875 0.28828125 0.0859375 0.1296875
0 0.57421875 0.28046875 0.0890625 0.1359375
0 0.41484375 0.30234375 0.103125 0.1375
0 0.17578125 0.334375 0.1046875 0.146875
0 0.89921875 0.24609375 0.090625 0.153125
0 0.74609375 0.265625 0.0953125 0.15625
1 0.3453125 0.31640625 0.0953125 0.14375
0 0.82265625 0.25859375 0.090625 0.1515625
1 0.26328125 0.33203125 0.09375 0.1515625
1 0.090625 0.359375 0.1 0.1328125
0 0.55703125 0.41953125 0.09375 0.15625
0 0.46640625 0.43359375 0.1015625 0.14375
1 0.3 0.45625 0.09375 0.128125
0 0.64140625 0.41484375 0.1015625 0.15625
0 0.8078125 0.3953125 0.0984375 0.1578125
1 0.21640625 0.46953125 0.1 0.1421875
1 0.3828125 0.44921875 0.0953125 0.1359375
0 0.89609375 0.38671875 0.1015625 0.1671875
1 0.72109375 0.41171875 0.1078125 0.14375
0 0.04765625 0.496875 0.0953125 0.1375
1 0.134375 0.48828125 0.103125 0.1375
0 0.1015625 0.1109375 0.0859375 0.1375
0 0.0328125 0.12265625 0.065625 0.1421875
0 0.83828125 0.04765625 0.0890625 0.0953125
0 0.41015625 0.078125 0.0875 0.146875
0 0.33359375 0.08828125 0.0875 0.1453125
0 0.859375 0.67109375 0.1015625 0.1734375
0 0.9484375 0.66484375 0.103125 0.1609375
0 0.76328125 0.69140625 0.1046875 0.165625
1 0.18203125 0.10859375 0.0953125 0.153125
0 0.48359375 0.0734375 0.0859375 0.146875
0 0.7046875 0.0609375 0.084375 0.121875
0 0.25703125 0.10078125 0.0921875 0.15625
0 0.6734375 0.70703125 0.1140625 0.1703125
1 0.1203125 0.7828125 0.1203125 0.1828125
1 0.5875 0.728125 0.1171875 0.159375
1 0.31171875 0.7640625 0.1109375 0.16875
0 0.2171875 0.7796875 0.1171875 0.1671875
0 0.4015625 0.7578125 0.121875 0.1734375
0 0.50078125 0.75078125 0.1046875 0.175
0 0.5578125 0.0703125 0.090625 0.140625
0 0.63203125 0.065625 0.0859375 0.13125
1 0.771875 0.05546875 0.090625 0.1109375
0 0.85078125 0.8703125 0.1078125 0.1890625
0 0.9421875 0.8578125 0.115625 0.190625
0 0.5625 0.90703125 0.1140625 0.1859375
0 0.75703125 0.88359375 0.1140625 0.1859375
0 0.36015625 0.91953125 0.1203125 0.1609375
0 0.465625 0.91328125 0.11875 0.1734375
0 0.6640625 0.89765625 0.11875 0.18125
0 0.265625 0.92890625 0.1125 0.1421875
0 0.1640625 0.93515625 0.125 0.1296875