0 0.65625 0.2640625 0.096875 0.15625
0 0.4953125 0.28828125 0.0875 0.1296875
0 0.5703125 0.2796875 0.090625 0.1359375
0 0.41171875 0.30390625 0.1046875 0.1390625
0 0.17265625 0.33984375 0.1078125 0.1484375
0 0.89453125 0.2390625 0.09375 0.1546875
0 0.7421875 0.26171875 0.0984375 0.1578125
1 0.3421875 0.31953125 0.096875 0.1453125
0 0.81875 0.253125 0.09375 0.153125
1 0.26015625 0.33671875 0.096875 0.1515625
1 0.08828125 0.36640625 0.1015625 0.134375
0 0.55546875 0.41875 0.096875 0.15625
0 0.465625 0.43359375 0.103125 0.14375
1 0.29921875 0.459375 0.0953125 0.1296875
0 0.63984375 0.4125 0.1046875 0.1578125
0 0.80546875 0.38984375 0.1015625 0.159375
1 0.215625 0.47421875 0.1015625 0.14375
1 0.38203125 0.45078125 0.0984375 0.1359375
0 0.89453125 0.3796875 0.1046875 0.1671875
1 0.71953125 0.4078125 0.109375 0.1453125
0 0.0484375 0.50390625 0.096875 0.1390625
1 0.13359375 0.49453125 0.1046875 0.1390625
0 0.09453125 0.11796875 0.0890625 0.1390625
0 0.0296875 0.13125 0.059375 0.14375
0 0.82890625 0.04453125 0.0921875 0.0890625
0 0.403125 0.0796875 0.0890625 0.1484375
0 0.3265625 0.09140625 0.090625 0.146875
0 0.8625 0.6640625 0.1046875 0.1734375
0 0.94921875 0.65703125 0.1015625 0.1609375
1 0.7671875 0.68671875 0.1078125 0.165625
1 0.175 0.1140625 0.096875 0.1546875
0 0.4765625 0.07421875 0.0875 0.1484375
0 0.696875 0.059375 0.0875 0.11875
0 0.25078125 0.10546875 0.0953125 0.1578125
0 0.67734375 0.70390625 0.1171875 0.171875
1 0.12578125 0.7890625 0.1234375 0.184375
1 0.5921875 0.7265625 0.11875 0.1609375
1 0.31640625 0.7671875 0.1140625 0.1703125
0 0.221875 0.784375 0.1203125 0.16875
0 0.40625 0.759375 0.1234375 0.175
0 0.50546875 0.75078125 0.1078125 0.1765625
0 0.55078125 0.0703125 0.0921875 0.140625
0 0.62578125 0.0640625 0.0890625 0.128125
1 0.76328125 0.05390625 0.0921875 0.1078125
0 0.85703125 0.8640625 0.109375 0.190625
0 0.94453125 0.85078125 0.1109375 0.1921875
0 0.56953125 0.90625 0.1171875 0.1875
0 0.7640625 0.87890625 0.1171875 0.1875
0 0.36796875 0.9203125 0.1234375 0.159375
0 0.4734375 0.91328125 0.121875 0.1734375
0 0.6703125 0.8953125 0.121875 0.1828125
0 0.27265625 0.93046875 0.1140625 0.1390625
0 0.17265625 0.9375 0.1265625 0.125