0 0.69140625 0.29140625 0.0796875 0.1484375
0 0.52890625 0.290625 0.0734375 0.121875
0 0.60390625 0.29296875 0.0765625 0.128125
0 0.44375 0.29296875 0.090625 0.1296875
0 0.20234375 0.290625 0.0921875 0.1375
0 0.93046875 0.3046875 0.0765625 0.146875
0 0.77578125 0.30234375 0.08125 0.1484375
1 0.37265625 0.296875 0.08125 0.1359375
0 0.853125 0.30625 0.0765625 0.1453125
1 0.28828125 0.30078125 0.0796875 0.14375
1 0.1140625 0.303125 0.0875 0.125
0 0.56796875 0.428125 0.0796875 0.1484375
0 0.4765625 0.42890625 0.0875 0.134375
1 0.30859375 0.42890625 0.08125 0.1203125
0 0.6515625 0.43515625 0.0875 0.1484375
0 0.81875 0.4390625 0.084375 0.15
1 0.2234375 0.43046875 0.0859375 0.134375
1 0.390625 0.43359375 0.0828125 0.128125
0 0.9078125 0.44296875 0.0859375 0.159375
1 0.73125 0.44296875 0.09375 0.1359375
0 0.05234375 0.43359375 0.084375 0.1296875
1 0.1390625 0.4375 0.0890625 0.1296875
0 0.15859375 0.0625 0.0734375 0.125
0 0.08125 0.0640625 0.06875 0.128125
0 0.9015625 0.075 0.0765625 0.1359375
0 0.46953125 0.06953125 0.0734375 0.1390625
0 0.39296875 0.06953125 0.075 0.1390625
0 0.83203125 0.71875 0.0859375 0.165625
0 0.921875 0.7265625 0.0890625 0.1515625
1 0.734375 0.72578125 0.0890625 0.15625
1 0.2390625 0.0703125 0.08125 0.140625
0 0.54453125 0.07421875 0.071875 0.14375
0 0.765625 0.07890625 0.0703125 0.146875
0 0.315625 0.07265625 0.078125 0.1453125
0 0.64296875 0.72890625 0.0984375 0.1625
1 0.08515625 0.72734375 0.103125 0.175
1 0.55546875 0.73828125 0.1015625 0.15
1 0.27734375 0.73515625 0.0953125 0.1609375
0 0.18125 0.7375 0.1015625 0.1578125
0 0.3671875 0.74140625 0.1046875 0.1640625
0 0.465625 0.7484375 0.0875 0.1671875
0 0.61796875 0.0796875 0.0765625 0.140625
0 0.69296875 0.08125 0.0734375 0.1390625
1 0.8328125 0.0859375 0.078125 0.1296875
0 0.79609375 0.9125 0.0890625 0.175
0 0.8890625 0.91328125 0.1 0.1734375
0 0.50546875 0.9109375 0.0953125 0.178125
0 0.70078125 0.91328125 0.0953125 0.1734375
0 0.30234375 0.909375 0.103125 0.1765625
0 0.4078125 0.9109375 0.1015625 0.1765625
0 0.60703125 0.91484375 0.1015625 0.1703125
0 0.20546875 0.91015625 0.0953125 0.1703125
0 0.10390625 0.90859375 0.1078125 0.1703125