0 0.9966584078125 0.4129637 0.9767183171875 0.297312165625 0.9099569453124999 0.2855642125 0.9266814125 0.400101884375 0.9966584078125 0.4129637
0 0.9234245609375 0.4024075046875 0.9019143625 0.2856180140625 0.8349650171875 0.2763300171875 0.8558938218750001 0.3930455984375 0.9234245609375 0.4024075046875
1 0.6796217234374999 0.3672098078125 0.6635618 0.25477108125000003 0.5921910671874999 0.24151328749999998 0.5875280125 0.2407747328125 0.603280871875 0.35760210937500003 0.6796217234374999 0.3672098078125
0 0.7619456109375 0.3836183984375 0.7438125999999999 0.2660298859375 0.66858845 0.254011965625 0.684224603125 0.3659729484375 0.7619456109375 0.3836183984375
0 0.8453986125 0.399220809375 0.8259324671874999 0.2774194125 0.7478983765625 0.2654883078125 0.7655648515625 0.3870210234375 0.8453986125 0.399220809375
0 0.6035526671875 0.3584710109375 0.5877277125 0.2423442390625 0.512792428125 0.23047565625000002 0.5251681265625 0.3485396234375 0.6035526671875 0.3584710109375
0 0.5223389187499999 0.349812603125 0.51093224375 0.23003948593749998 0.429338540625 0.219577825 0.440984775 0.33879000000000004 0.5223389187499999 0.349812603125
1 0.10876899531249999 0.3066612015625 0.191079940625 0.3191428609375 0.1877140703125 0.179172575 0.1075638484375 0.165695571875 0.10876899531249999 0.3066612015625
1 0.2765992703125 0.3365517859375 0.274061359375 0.19519600312500002 0.1880224328125 0.1800038671875 0.1924397875 0.3225110890625 0.2765992703125 0.3365517859375
1 0.43916951718749997 0.363793553125 0.42736054375 0.21634639218750001 0.35016079843750003 0.20646651718750003 0.360050921875 0.351883275 0.43916951718749997 0.363793553125
1 0.35916811718749997 0.348639071875 0.3477727203125 0.207653190625 0.27461151250000004 0.1945006859375 0.27747335781250004 0.337562521875 0.35916811718749997 0.348639071875
0 0.8710986078125 0.5575487046875 0.954797253125 0.5714417125 0.9272688203125 0.413062803125 0.8496285796875 0.40237510781249997 0.8710986078125 0.5575487046875
0 1 0.42648772968750004 0.9310172859374999 0.4127209140625 0.956594184375 0.5780907296875 0.9923670093749999 0.58754365625 0.9959773484375001 0.5647488734375 1 0.5369672796875 1 0.42648772968750004
0 0.5383684421875 0.5081642953125 0.6226571 0.518332103125 0.601979184375 0.36867550625 0.52602071875 0.3577373953125 0.5383684421875 0.5081642953125
0 0.7895048453125 0.548444171875 0.8683495640625001 0.5545675343750001 0.8447900374999999 0.40954606875 0.762906096875 0.39678329218749997 0.7895048453125 0.548444171875
0 0.62241626875 0.5170210734375 0.7052298921875 0.5365018765625 0.681104625 0.383753509375 0.6052618062499999 0.37079693125 0.62241626875 0.5170210734375
1 0.78763025625 0.5495528125 0.7599151125 0.3968723046875 0.6843889796875 0.3863833234375 0.70722648125 0.537454546875 0.78763025625 0.5495528125
0 0.4448378828125 0.367783384375 0.45568302968749996 0.501432628125 0.5370259734375 0.50986099375 0.522622871875 0.3567431421875 0.44446650312499997 0.34627371406249996 0.4448378828125 0.367783384375
0 0.0191310171875 0.43364580156250004 0.10594968906249999 0.44633642343749996 0.1093454921875 0.3035617984375 0.027711604687500002 0.28821734375 0.0191310171875 0.43364580156250004
1 0.109439146875 0.44688910000000004 0.1952584609375 0.45836133749999997 0.19405070468750002 0.3267172734375 0.111255865625 0.3103123421875 0.109439146875 0.44688910000000004
0 0.28387234375000003 0.473584046875 0.3696117671875 0.48589095625 0.3600924703125 0.35391274687499996 0.27833479843750003 0.3398849484375 0.28387234375000003 0.473584046875
1 0.1978387515625 0.460890221875 0.282421309375 0.47640698906249995 0.2773799203125 0.3388552234375 0.1956627765625 0.32537666875000004 0.1978387515625 0.460890221875
0 0.37005925624999997 0.4853253890625 0.452612103125 0.499673359375 0.4398520859375 0.3678183109375 0.3614507421875 0.35559412031250004 0.37005925624999997 0.4853253890625
0 0.942544225 0.8697477375 0.9124331281250001 0.6845936453125 0.8414708671875 0.6699926625 0.8597956968749999 0.858166040625 0.942544225 0.8697477375
0 0.1066959984375 0.7415291625 0.2007599 0.757443675 0.1975156140625 0.570447346875 0.10908945 0.5531821156250001 0.1066959984375 0.7415291625
0 0.857775746875 0.8583542359375 0.8372130546875001 0.6706474499999999 0.7641577234375 0.6573411015625 0.77897309375 0.8489218828125 0.857775746875 0.8583542359375
0 0.392126296875 0.7892775125 0.3822190953125 0.59563649375 0.2947171671875 0.586239925 0.2999352046875 0.774167753125 0.392126296875 0.7892775125
1 0.1060231484375 0.73924215625 0.106390196875 0.554103590625 0.015641384375 0.5420238234375 0.0100321234375 0.729021540625 0.1060231484375 0.73924215625
0 0.76011068125 0.8475605140625 0.740254578125 0.6553924999999999 0.6571312046875 0.6432343046875 0.6744095828125001 0.8329705390625 0.76011068125 0.8475605140625
0 0.4830726546875 0.7996169875 0.47056667656249995 0.6187756531249999 0.384421846875 0.601574765625 0.39271909531250004 0.7873388953125 0.4830726546875 0.7996169875
1 0.2989771328125 0.774524134375 0.29148088437499997 0.590919378125 0.20147465156250002 0.5702526703124999 0.20328390000000002 0.75987594375 0.2989771328125 0.774524134375
1 0.6731958265625 0.8327783 0.6546197328125001 0.6433536546874999 0.5599506671875 0.63190605 0.581091196875 0.8207309953124999 0.6731958265625 0.8327783
1 0.4730837796875 0.6189604109375 0.4835689546875 0.778354275 0.4852459890625 0.79843683125 0.5780457828125 0.8187242671874999 0.5573404015625 0.6315030078125 0.4730837796875 0.6189604109375
0 0.1071942359375 0 0.10653539218750001 0.0702758796875 0.184251996875 0.08179038125 0.1824791890625 0 0.1071942359375 0
0 0.1828739390625 0 0.18472171875 0.083056678125 0.2624383265625 0.09457117968749999 0.2586051203125 0 0.1828739390625 0
0 0.9270403421875001 1 0.947944215625 0.8680181421875 0.857797525 0.8596390140624999 0.8754058125 1 0.9270403421875001 1
1 0.25957836875 0 0.2628553078125 0.0958688328125 0.34027235 0.1106185078125 0.3326662265625 0.00699024375 0.29284566875 0 0.25957836875 0
0 0.3404998390625 0.1106545390625 0.4152510734375 0.1245673265625 0.40621594375000003 0.02112739375 0.3340148140625 0.0069411375 0.3404998390625 0.1106545390625
0 0.4155292890625 0.12419671875 0.4921933015625 0.1363391046875 0.48453608593749997 0.038922803125 0.40662739062500003 0.020763203124999997 0.4155292890625 0.12419671875
0 0.7831299546875 1 0.761544275 0.8497366046874999 0.6754006234375 0.835574040625 0.6935102515625 1 0.7831299546875 1
0 0.69152734375 1 0.672198334375 0.8355855984374999 0.5822473953125 0.8262468593750001 0.6006930203125 1 0.69152734375 1
0 0.87444141875 1 0.8545400031250001 0.8584338046875001 0.7673331015625 0.8483257671875 0.7862275890625 1 0.87444141875 1
0 0.598003515625 1 0.5777392640625 0.8243946734375 0.49091570000000007 0.8075604640625 0.5029223234375 0.9942550921875 0.5345157890625 1 0.598003515625 1
0 0.10748635468750001 0.9414259859375 0.2053380625 0.955416203125 0.197223040625 0.7603569015625 0.1089388828125 0.7458553140624999 0.10748635468750001 0.9414259859375
0 0.2086471703125 0.9559403140624999 0.305555103125 0.970535040625 0.29419511875 0.7772237390625001 0.20021919999999999 0.7627246265625 0.2086471703125 0.9559403140624999
0 0.391281628125 0.794862684375 0.2958427078125 0.7778699015625 0.306496809375 0.971438175 0.40535643749999994 0.9870960015625 0.391281628125 0.794862684375
0 0.501647440625 1 0.48679111875 0.806973965625 0.394020065625 0.7940226499999999 0.4053694359375 0.991244553125 0.46064914999999995 1 0.501647440625 1
0 0.1070498234375 0.7460748671874999 0.0102025296875 0.733231925 0.00212500625 0.9239844015625 0.078217859375 0.939428834375 0.1036144 0.9434512515625 0.1070498234375 0.7460748671874999
0 0.7879765171875001 0.18929975000000002 0.7732165281250001 0.076730784375 0.7041079171875 0.06790558125 0.7159051 0.17914454375 0.7879765171875001 0.18929975000000002
0 0.552990596875 0.051008942187499996 0.48561837968750005 0.039094221875 0.49220221718749996 0.1359258484375 0.5648864828125 0.1463108375 0.552990596875 0.051008942187499996
0 0.86153735625 0.2034702125 0.8356220796875 0.0897643171875 0.775192571875 0.07767365312499999 0.78838833125 0.1905664046875 0.86153735625 0.2034702125
0 0.7145665890624999 0.1764129734375 0.7002156078125 0.07020771875000001 0.6273567546875001 0.0622980421875 0.6405628625 0.16280225625 0.7145665890624999 0.1764129734375
0 0.5658447953125 0.14800435625 0.6396220015625 0.162177540625 0.62458576875 0.062763171875 0.5540132453125 0.050076046875 0.5658447953125 0.14800435625
0 1 0.20458265625 0.9777042796875 0.11667717656250001 0.9077457390625 0.10204746406250001 0.936030584375 0.216528565625 1 0.22666032500000002 1 0.20458265625
0 0.8406118015624999 0.09307418125 0.8607061249999999 0.2077478078125 0.9341061953124999 0.21622377187500003 0.9107127203125 0.12685321249999998 0.9036986203125 0.1018063671875 0.8406118015624999 0.09307418125