0 0.71796875 0.3203125 0.1 0.1578125
0 0.5578125 0.29609375 0.090625 0.13125
0 0.63125 0.309375 0.09375 0.1375
0 0.47265625 0.28671875 0.1078125 0.140625
0 0.234375 0.2515625 0.109375 0.1484375
0 0.953125 0.36640625 0.09375 0.1546875
0 0.80078125 0.34296875 0.1 0.1578125
1 0.4015625 0.28125 0.0984375 0.1453125
0 0.87734375 0.35703125 0.0953125 0.153125
1 0.31796875 0.2734375 0.0984375 0.153125
1 0.1453125 0.2515625 0.1046875 0.1359375
0 0.57734375 0.43828125 0.0984375 0.1578125
0 0.4859375 0.4265625 0.1046875 0.1453125
1 0.3203125 0.40234375 0.096875 0.13125
0 0.659375 0.45703125 0.10625 0.1578125
0 0.82421875 0.484375 0.103125 0.159375
1 0.23515625 0.3921875 0.1046875 0.14375
1 0.4015625 0.41875 0.1 0.1375
0 0.91171875 0.50078125 0.1078125 0.16875
1 0.7375 0.47578125 0.1125 0.146875
0 0.06640625 0.371875 0.1015625 0.1390625
1 0.1515625 0.3875 0.10625 0.140625
0 0.2234375 0.04296875 0.090625 0.0859375
0 0.146875 0.0390625 0.0875 0.078125
0 0.9546875 0.13515625 0.090625 0.1453125
0 0.5296875 0.071875 0.090625 0.14375
0 0.45390625 0.06640625 0.0921875 0.1328125
0 0.7984375 0.76328125 0.1078125 0.175
0 0.8859375 0.78359375 0.109375 0.1625
0 0.70078125 0.75625 0.109375 0.1671875
1 0.3015625 0.05625 0.1 0.1125
0 0.603125 0.084375 0.090625 0.1515625
0 0.821875 0.11953125 0.0890625 0.1546875
0 0.3765625 0.0640625 0.096875 0.128125
0 0.609375 0.746875 0.11875 0.1734375
1 0.06015625 0.66640625 0.1203125 0.1859375
1 0.521875 0.74375 0.121875 0.1625
1 0.246875 0.7015625 0.1171875 0.171875
0 0.15078125 0.690625 0.121875 0.1703125
0 0.334375 0.7203125 0.1265625 0.1765625
0 0.43203125 0.74140625 0.109375 0.1765625
0 0.67578125 0.1 0.0953125 0.15
0 0.75 0.1125 0.090625 0.146875
1 0.8875 0.13671875 0.0953125 0.1390625
0 0.734375 0.928125 0.1125 0.14375
0 0.828125 0.93515625 0.125 0.1296875
0 0.446875 0.90703125 0.11875 0.1859375
0 0.640625 0.92265625 0.11875 0.1546875
0 0.246875 0.87734375 0.1265625 0.1890625
0 0.3515625 0.89375 0.125 0.1875
0 0.54765625 0.9171875 0.1234375 0.165625
0 0.15078125 0.865625 0.1171875 0.18125
0 0.0578125 0.84921875 0.115625 0.1828125