0 0.7328125 0.33984375 0.1109375 0.1625
0 0.575 0.30234375 0.0984375 0.134375
0 0.64765625 0.321875 0.103125 0.1421875
0 0.49140625 0.28515625 0.1171875 0.1453125
0 0.25703125 0.22890625 0.11875 0.1546875
0 0.9546875 0.40625 0.090625 0.159375
0 0.81328125 0.36953125 0.1109375 0.1625
1 0.42109375 0.2734375 0.109375 0.15
0 0.88828125 0.390625 0.10625 0.1578125
1 0.3390625 0.25859375 0.109375 0.1578125
1 0.16875 0.221875 0.1125 0.140625
0 0.58203125 0.4453125 0.109375 0.1625
0 0.49296875 0.42578125 0.115625 0.15
1 0.32890625 0.3875 0.10625 0.1359375
0 0.6625 0.47109375 0.1171875 0.1625
0 0.82421875 0.5125 0.115625 0.1640625
1 0.24609375 0.36953125 0.1140625 0.15
1 0.40859375 0.41015625 0.109375 0.1421875
0 0.91015625 0.5359375 0.11875 0.1734375
1 0.73828125 0.496875 0.121875 0.1515625
0 0.07890625 0.334375 0.1109375 0.14375
1 0.1625 0.3578125 0.115625 0.1453125
0 0.2671875 0.0328125 0.1 0.065625
0 0.190625 0.02578125 0.096875 0.0515625
0 0.9671875 0.17578125 0.065625 0.1484375
0 0.56640625 0.075 0.1015625 0.15
0 0.4921875 0.065625 0.103125 0.13125
0 0.77421875 0.78828125 0.1203125 0.1796875
0 0.86015625 0.81640625 0.1203125 0.1671875
0 0.67734375 0.77265625 0.121875 0.171875
1 0.34296875 0.05 0.1109375 0.1
0 0.6390625 0.0953125 0.1015625 0.1546875
0 0.85390625 0.14921875 0.1 0.1578125
0 0.415625 0.0609375 0.109375 0.121875
0 0.5875 0.75546875 0.13125 0.178125
1 0.05703125 0.62734375 0.1140625 0.1921875
1 0.5 0.74453125 0.1328125 0.16875
1 0.2296875 0.67890625 0.128125 0.1765625
0 0.1359375 0.659375 0.134375 0.175
0 0.315625 0.70546875 0.1390625 0.1828125
0 0.4109375 0.734375 0.1234375 0.18125
0 0.71015625 0.11640625 0.10625 0.153125
0 0.7828125 0.1359375 0.1015625 0.15
1 0.91796875 0.171875 0.1046875 0.1421875
0 0.69453125 0.93671875 0.1265625 0.1265625
0 0.7859375 0.946875 0.1375 0.10625
0 0.4125 0.90234375 0.1328125 0.19375
0 0.60234375 0.9265625 0.1328125 0.146875
0 0.215625 0.85390625 0.1390625 0.19375
0 0.31796875 0.8796875 0.1375 0.19375
0 0.51015625 0.91796875 0.1359375 0.1640625
0 0.1203125 0.83359375 0.1296875 0.1859375
0 0.04609375 0.80859375 0.0921875 0.1890625