0 0.11873132500000001 0.9033719703124999 0.21288155937500003 0.8750241734375 0.1666197109375 0.73047536875 0.0744956671875 0.7540490953125001 0.11873132500000001 0.9033719703124999
0 0.2135102859375 0.8732351406250001 0.31035305156250004 0.84944684375 0.257033678125 0.7084328281250001 0.1577485609375 0.7337176375000001 0.2135102859375 0.8732351406250001
0 0.3133324796875 0.8556337953125001 0.40496740937500003 0.8344418265625 0.352525759375 0.703683409375 0.2572289234375 0.7195327796875 0.3133324796875 0.8556337953125001
0 0.4042836578125 0.8412746953125 0.49975894531250004 0.831152259375 0.44168513125000003 0.6758737953125 0.348808915625 0.70338475625 0.4042836578125 0.8412746953125
0 0.49701154531249997 0.8316367 0.588756278125 0.80035684375 0.53002443125 0.6562677234375001 0.4395829359375 0.6773103234375 0.49701154531249997 0.8316367
0 0.5809657109375 0.7883057890625 0.66716070625 0.763038765625 0.61892181875 0.6526811265625 0.52961826875 0.6631127125 0.5809657109375 0.7883057890625
0 0.66727044375 0.752950890625 0.754668246875 0.7291498234375 0.7091803062500001 0.624677709375 0.61507465625 0.6497225531249999 0.66727044375 0.752950890625
0 0.7660671234375 0.7455988953125 0.846193371875 0.7180457375 0.8011614921874999 0.6064442078125001 0.7061355812500001 0.6252756390624999 0.7660671234375 0.7455988953125
0 0.8547773375000001 0.7131759359375 0.9378282328124999 0.6968537765625 0.8873680546875 0.5811699859375 0.7971416953125 0.6058725890625001 0.8547773375000001 0.7131759359375
0 1 0.6390517109375 0.959909696875 0.5683789375 0.8882027562499999 0.5814256546875 0.9555280187499999 0.7222603484375 1 0.6932225562500001 1 0.6390517109375
0 0.256029075 1 0.21431632656250002 0.883161540625 0.12028760000000001 0.9098415624999999 0.151068871875 1 0.256029075 1
0 0.3635848578125 1 0.31494456249999997 0.8754865890625 0.2145483546875 0.8898329359374999 0.25473121249999997 1 0.3635848578125 1
0 0.4043998015625 1 0.46239601874999997 0.9887682 0.41086420468749996 0.8545755968750001 0.3112813171875 0.8761325171875001 0.36250167499999997 1 0.4043998015625 1
0 0.46629129062499997 0.994793665625 0.5646237609375 0.974098784375 0.5039445078125 0.836148290625 0.4086980109375 0.8555991125 0.46629129062499997 0.994793665625
0 0.5630791890625 0.9760493 0.6622725671875 0.960236878125 0.60026486875 0.8067179187500001 0.50159056875 0.8308292937499999 0.5630791890625 0.9760493
0 0.660153915625 0.95893240625 0.7565998953124999 0.943604425 0.684806021875 0.7820954375 0.5877855640625 0.805562265625 0.660153915625 0.95893240625
0 0.7813063375 0.773117378125 0.7818253484375 0.7814163421875 0.779264484375 0.7714840671875 0.6842314765624999 0.7902342953125 0.7592924937500001 0.948163909375 0.8501213812499999 0.917045540625 0.7813063375 0.773117378125
0 0.8479479281250001 0.9207849953125 0.9414692796875 0.894226134375 0.8757901875 0.7725966015625 0.7821123109375 0.7830437890625 0.8479479281250001 0.9207849953125
0 1 0.8018049093749999 0.9711997125 0.7416701812500001 0.8756885984375 0.7514409796875 0.9431911 0.9039910546875 1 0.8888929734375 1 0.8018049093749999
0 0 0.5206303171875 0.016463734375 0.5930239734375 0.1076855859375 0.581448715625 0.0671505875 0.44260254374999997 0 0.441231371875 0 0.5206303171875
0 0.1543444625 0.430584128125 0.2357957625 0.42125632656249995 0.19549286875 0.2890815953125 0.1132377421875 0.310693509375 0.1543444625 0.430584128125
0 0.3652057234375 0.5125477671875001 0.45037513906250004 0.4975301015625 0.39868586562499997 0.3757535140625 0.318217059375 0.3934195109375 0.3652057234375 0.5125477671875001
0 0.45249366718750006 0.49883465625 0.534628709375 0.48267392343750004 0.48549620937500004 0.3780268296875 0.40498670781249996 0.384711028125 0.45249366718750006 0.49883465625
0 0.5334259671875 0.4812079546875 0.6182535390624999 0.46960671875 0.56428800625 0.36211897656250003 0.48643800937500004 0.37538322812499997 0.5334259671875 0.4812079546875
0 0.6182535390624999 0.46960671875 0.700962528125 0.45670099999999997 0.643079803125 0.346211121875 0.5584992359375 0.36099884375 0.6182535390624999 0.46960671875
0 0.7006755546875 0.4550734921875 0.7845872140625 0.44363375781250003 0.7310090687499999 0.3307068203125 0.6451584312499999 0.34907464374999997 0.7006755546875 0.4550734921875
0 0.7893434078125 0.4545417453125 0.8688958546875 0.42373360781249997 0.8185282953125 0.3193042875 0.7278674171875 0.33616892656249997 0.7893434078125 0.4545417453125
0 0.8718203578124999 0.43496457031249997 0.9466839765625 0.415051725 0.888248121875 0.2969371265625 0.8112051421875 0.3214742359375 0.8718203578124999 0.43496457031249997
0 0.943881640625 0.42058011406249995 0.9904851265625 0.40229413750000004 0.9633325359375 0.28571245156249997 0.895226809375 0.2999465796875 0.943881640625 0.42058011406249995
0 0.394735725 0.3747719859375 0.47566794687499997 0.357145234375 0.430456753125 0.2560415390625 0.3487275671875 0.277229240625 0.394735725 0.3747719859375
0 0.4801371671875 0.3664257125 0.5559165078125 0.346351465625 0.5157931687499999 0.24777106718750003 0.43314921875 0.260601046875 0.4801371671875 0.3664257125
0 0.5525951609375 0.3435808921875 0.6256271 0.32399108125 0.5822811437500001 0.2199295609375 0.5080127703125 0.2406882125 0.5525951609375 0.3435808921875
0 0.63049301875 0.32481113437500003 0.7095388953125 0.312551321875 0.6621065625 0.20988365781249999 0.58133160625 0.2227258640625 0.63049301875 0.32481113437500003
0 0.730040871875 0.33242947031250003 0.8038114203125 0.3009627953125 0.7430189687500001 0.17575707812500002 0.6528738890625 0.20004250625000003 0.730040871875 0.33242947031250003
0 0.8211338109374999 0.1798281265625 0.74651754375 0.190242971875 0.8046723296874999 0.3058452546875 0.8680821484375001 0.27452734687499997 0.8209843296875 0.1787905734375 0.8211338109374999 0.1798281265625
0 0.8650477750000001 0.27338428124999997 0.9337875875 0.256229334375 0.8952190765625 0.160666725 0.81760818125 0.1810639296875 0.8650477750000001 0.27338428124999997
0 0.9432326062499999 0.25624203125 0.9652317890625 0.25907535 0.9462917828125 0.1516612296875 0.896134921875 0.1605052375 0.9432326062499999 0.25624203125
0 0 0.210337171875 0.0662600640625 0.209505484375 0.0341955234375 0.11308357499999999 0 0.12330038125000001 0 0.210337171875
0 0.060642962499999994 0.1937150390625 0.1417524265625 0.1878037 0.10856890781249999 0.1013600625 0.0323418328125 0.115425165625 0.060642962499999994 0.1937150390625
0 0.2184476078125 0.16756793125 0.296577565625 0.1554695875 0.2587601546875 0.07487729374999999 0.1845254078125 0.09300114375 0.2184476078125 0.16756793125
0 0.29583895312499997 0.167346428125 0.36944482968750003 0.1510115703125 0.33673141093750003 0.0677972765625 0.25624478906250003 0.082033159375 0.29583895312499997 0.167346428125
0 0.3709894109375 0.14906111093750002 0.44940641093749994 0.13859026562500001 0.4081739390625 0.05520003125 0.3343747515625 0.0699348484375 0.3709894109375 0.14906111093750002
0 0.4456883078125 0.1442801875 0.518720165625 0.12469030156250001 0.47845185468749996 0.04885234375 0.4063811015625 0.0605943390625 0.4456883078125 0.1442801875
0 0.5201550109374999 0.1328277140625 0.5925032671875 0.12007076406249999 0.5525026484375 0.031765721875 0.4766107671875 0.0465328765625 0.5201550109374999 0.1328277140625
0 0.595537640625 0.12121383125 0.6651932984375 0.10389739687499999 0.6235351390625 0.0232702453125 0.552335234375 0.031502534375 0.595537640625 0.12121383125
0 0.6730387890625 0.110904440625 0.7432135984375 0.10188697656250001 0.7005301859374999 0.0204745484375 0.62159418125 0.022646465625 0.6730387890625 0.110904440625
0 0.7480792265625 0 0.6933135671875 0.0116785109375 0.734849090625 0.086580940625 0.812008346875 0.07968808125 0.7693543703125 0 0.7480792265625 0
0 0.7707781515625001 0 0.816819459375 0.0855520296875 0.8840146890625 0.07034754374999999 0.8482140546875 0 0.7707781515625001 0
0 0.849805053125 0 0.8840696250000001 0.06530359375 0.92735176875 0.0442470765625 0.9166131468750001 0 0.849805053125 0
1 0.1371734703125 0.18861109375000001 0.21833780468750003 0.1776558171875 0.1866988671875 0.08926171875 0.10708170624999999 0.10224650937499999 0.1371734703125 0.18861109375000001
1 0 0.43564598749999994 0.06057844999999999 0.423624403125 0.0311486 0.3271827765625 0 0.33233646562499997 0 0.43564598749999994
1 0.067972228125 0.444135775 0.14477715156249998 0.4138121640625 0.108614121875 0.3211814953125 0.027785756249999998 0.333819940625 0.067972228125 0.444135775
1 0.22978189375000002 0.41392631875 0.31678293125 0.3985856875 0.272200540625 0.295693009375 0.198837784375 0.30768832343749997 0.22978189375000002 0.41392631875
1 0.3173568671875 0.40184064218750004 0.38935066093750004 0.36565299218749997 0.35061746875 0.28522214375 0.27489300625 0.3002525171875 0.3173568671875 0.40184064218750004
1 0.2833027890625 0.53537994375 0.3645769203125 0.51433675 0.31523827187500003 0.40053609999999995 0.235996921875 0.422020284375 0.2833027890625 0.53537994375
1 0.19475709218749998 0.552670984375 0.278723765625 0.53618735 0.2391170984375 0.424026840625 0.154596859375 0.44241751875 0.19475709218749998 0.552670984375
1 0.1102164921875 0.565899728125 0.1911487828125 0.548272965625 0.15274494375 0.43757853593749996 0.0692758625 0.45343244218749995 0.072673553125 0.4600876953125 0.06958424375 0.46398857812500005 0.1102164921875 0.565899728125