0 0.71171875 0.3125 0.0953125 0.15625
0 0.55078125 0.29453125 0.0859375 0.1296875
0 0.625 0.30546875 0.0890625 0.1359375
0 0.465625 0.28828125 0.103125 0.1375
0 0.22578125 0.2609375 0.1046875 0.146875
0 0.94921875 0.35078125 0.090625 0.153125
0 0.7953125 0.33203125 0.0953125 0.15625
1 0.39453125 0.284375 0.0953125 0.14375
0 0.871875 0.34453125 0.090625 0.1515625
1 0.3109375 0.2796875 0.09375 0.1515625
1 0.13671875 0.2640625 0.1 0.1328125
0 0.575 0.4359375 0.09375 0.15625
0 0.48359375 0.42734375 0.1015625 0.14375
1 0.31640625 0.409375 0.09375 0.128125
0 0.6578125 0.4515625 0.1015625 0.15625
0 0.8234375 0.47265625 0.0984375 0.1578125
1 0.23203125 0.4015625 0.1 0.1421875
1 0.3984375 0.421875 0.0953125 0.1359375
0 0.91171875 0.4859375 0.1015625 0.1671875
1 0.7359375 0.46796875 0.1078125 0.14375
0 0.06171875 0.3875 0.096875 0.1375
1 0.14765625 0.4 0.103125 0.1375
0 0.20703125 0.04765625 0.0859375 0.0953125
0 0.12890625 0.0453125 0.0828125 0.090625
0 0.94375 0.11953125 0.0890625 0.14375
0 0.5140625 0.07109375 0.0875 0.1421875
0 0.4375 0.06640625 0.0875 0.1328125
0 0.8078125 0.75234375 0.1015625 0.1734375
0 0.89609375 0.76953125 0.1046875 0.1609375
0 0.709375 0.74921875 0.1046875 0.165625
1 0.28515625 0.059375 0.0953125 0.11875
0 0.58828125 0.08125 0.0859375 0.15
0 0.80859375 0.10859375 0.084375 0.153125
0 0.36015625 0.065625 0.0921875 0.13125
0 0.61796875 0.74296875 0.1140625 0.1703125
1 0.06328125 0.6828125 0.1203125 0.1828125
1 0.5296875 0.74296875 0.1171875 0.159375
1 0.25390625 0.7109375 0.1109375 0.16875
0 0.1578125 0.703125 0.1171875 0.1671875
0 0.3421875 0.7265625 0.121875 0.1734375
0 0.43984375 0.74375 0.1046875 0.175
0 0.66171875 0.09375 0.090625 0.1484375
0 0.7359375 0.10390625 0.0859375 0.1453125
1 0.87421875 0.1234375 0.090625 0.1359375
0 0.75078125 0.92421875 0.1078125 0.1515625
0 0.84375 0.9296875 0.11875 0.140625
0 0.46171875 0.90859375 0.1140625 0.1828125
0 0.65703125 0.9203125 0.1140625 0.159375
0 0.26015625 0.8859375 0.1203125 0.1859375
0 0.36484375 0.89921875 0.11875 0.1859375
0 0.5625 0.9171875 0.11875 0.165625
0 0.1640625 0.87734375 0.1125 0.178125
0 0.06328125 0.86484375 0.125 0.1796875