0 0.923168684375 0.2258227625 0.8596250781249999 0.127156178125 0.7935806203125 0.142427878125 0.8537290078125 0.24132558906249998 0.923168684375 0.2258227625
0 0.8516319375 0.244720478125 0.78619840625 0.1456198890625 0.7209421 0.1632294359375 0.7858115765625 0.262489159375 0.8516319375 0.244720478125
0 0.61345740625 0.307582184375 0.5547408578125 0.21035690312500002 0.48386351875000005 0.22603980781250002 0.47928257968750004 0.2271819640625 0.5394312546875 0.32856699843750004 0.61345740625 0.307582184375
0 0.6956482921875 0.2905198671875 0.6330112765625 0.189364203125 0.559071303125 0.207694065625 0.6172111 0.3046451625 0.6956482921875 0.2905198671875
0 0.7785635328125 0.27227427656250003 0.713053253125 0.167761528125 0.6365606406250001 0.1872692359375 0.70030933125 0.2922378484375 0.7785635328125 0.27227427656250003
0 0.5400209499999999 0.329260628125 0.480079659375 0.22854867343750002 0.40646394218750004 0.24690313437500003 0.4639870984375 0.3507460171875 0.5400209499999999 0.329260628125
0 0.4618801921875 0.3530232609375 0.40458120781250007 0.24722846875 0.3253861109375 0.269479659375 0.38268643281250003 0.3746644984375 0.4618801921875 0.3530232609375
1 0.06432647500000001 0.47489682968749997 0.144971071875 0.454224809375 0.0871820234375 0.32669663125000004 0.008137471875 0.34560817187500004 0.06432647500000001 0.47489682968749997
0 0.2304942390625 0.4368347453125 0.172925975 0.3077077015625 0.08779068437500001 0.327341353125 0.14753888906249998 0.45679394531249995 0.2304942390625 0.4368347453125
1 0.390785146875 0.3983896671875 0.322302734375 0.26727797343750004 0.24737961875 0.2883478453125 0.31330237968749997 0.418340296875 0.390785146875 0.3983896671875
1 0.3112221421875 0.41569893125 0.2456450515625 0.2903732796875 0.17316071093750002 0.306852696875 0.231693765625 0.4374235984375 0.3112221421875 0.41569893125
0 0.8640841390625 0.407974084375 0.9465575796874999 0.38805899843749997 0.859333953125 0.253026659375 0.7836897203125 0.27352504375 0.8640841390625 0.407974084375
1 0.9470529765625001 0.2337472484375 0.8626508484375 0.25124730781250004 0.9508096421875001 0.393477334375 0.9874322531249999 0.38820124218749996 0.9818489578125 0.36580786249999997 0.9470529765625001 0.2337472484375
0 0.5385083828125 0.492523528125 0.6200693796875 0.4689488421875 0.5425597671875 0.3392687234375 0.46836577031250004 0.35887947656249997 0.5385083828125 0.492523528125
0 0.7854192609374999 0.431474540625 0.8603887953125 0.4063040390625 0.7820377359374999 0.28201651562499996 0.7016763578125 0.3022629234375 0.7854192609374999 0.431474540625
0 0.61933543125 0.467836134375 0.7031775312499999 0.453410446875 0.6212865640625 0.322231328125 0.5464103421875001 0.339938884375 0.61933543125 0.467836134375
1 0.7841268734375 0.433227509375 0.698957921875 0.30351353125 0.625337378125 0.323368784375 0.7053876390625 0.45350725625 0.7841268734375 0.433227509375
0 0.39756185624999996 0.3998475203125 0.45976578593750006 0.5186347609374999 0.5379355859375 0.49460989218750007 0.46484955 0.35929190625 0.3888155015625 0.3801928734375 0.39756185624999996 0.3998475203125
0 0 0.5386559546874999 0.031431115625 0.62681111875 0.1163067453125 0.604570140625 0.06364610937500001 0.47181855937500006 0 0.4857591015625 0 0.5386559546874999
1 0.11973475625 0.603715440625 0.2032144125 0.5807434140625001 0.15066523437499998 0.4600363234375 0.068042265625 0.4772860234375 0.11973475625 0.603715440625
1 0.290731909375 0.5601317906250001 0.37446415625 0.5379592984375 0.314133603125 0.4201922015625 0.23339417187499997 0.4392248125 0.290731909375 0.5601317906250001
1 0.206577696875 0.5820630640625 0.2904992359375 0.5632972859375001 0.23211285468749998 0.43865004531249996 0.1516253375 0.458172403125 0.206577696875 0.5820630640625
1 0.3746550875 0.5372638421875 0.4562515828125 0.5182152515625 0.3929860515625 0.4018277765625 0.3160408625 0.4212091953125 0.3746550875 0.5372638421875
0 1 0.585242246875 0.9517731796875 0.5087688859374999 0.8807470140625 0.5230557734375 0.97114030625 0.6891102 1 0.681359725 1 0.585242246875
0 0.2323347203125 0.8760048828125001 0.32513929375 0.8539005749999999 0.2490876265625 0.683037190625 0.16094485 0.7016953171875 0.2323347203125 0.8760048828125001
0 0.9693544671875 0.6900726921875 0.877083525 0.52532216875 0.8046365328125 0.541618603125 0.8931307281249999 0.712180815625 0.9693544671875 0.6900726921875
0 0.5137314609375 0.80843096875 0.4289502609375 0.634054521875 0.3447327796875 0.6595946625 0.4229652609375 0.830544290625 0.5137314609375 0.80843096875
1 0.2308217546875 0.8741625859375001 0.1588202234375 0.7035982203125 0.070565559375 0.7279371218749999 0.13846803593749998 0.9022611421875 0.2308217546875 0.8741625859375001
1 0.87523585625 0.7182978 0.7818721921875 0.5491646078125 0.7006061375 0.5704518203125 0.790646821875 0.7383537453125 0.87523585625 0.7182978
0 0.6014879796875 0.78241293125 0.5193158265625 0.6208340812500001 0.433298171875 0.638660046875 0.5135196578125 0.8064148375 0.6014879796875 0.78241293125
1 0.4222226 0.831246690625 0.3435821734375 0.6651666374999999 0.2526558734375 0.6813110703125 0.32841301093749997 0.8551532843749999 0.4222226 0.831246690625
0 0.7894544390625 0.7386510390625001 0.69834095 0.5715429921874999 0.60672468125 0.5979955671875 0.6999644234375 0.7635495828125001 0.7894544390625 0.7386510390625001
1 0.5217050249999999 0.6200206406250001 0.5936368234375 0.7626465812500001 0.603027421875 0.780477403125 0.6963770140625 0.7628923171875 0.6041644359375 0.5986444765625001 0.5217050249999999 0.6200206406250001
0 0 0.250352678125 0.045944915625 0.23840859062500003 0.0051770265625 0.1478721859375 0 0.14918412187500002 0 0.250352678125
0 0.046872078125 0.23939068749999998 0.12290966562500001 0.21962354374999998 0.080119746875 0.1291868671875 0.0055465078125 0.14775581875 0.046872078125 0.23939068749999998
1 0.1238005328125 0.22065511249999997 0.200826453125 0.2039830125 0.153334190625 0.111564640625 0.0808447125 0.128358184375 0.1238005328125 0.22065511249999997
0 0.20104993593749998 0.20392729062499998 0.2752949703125 0.1875264453125 0.22656088749999997 0.0958397921875 0.15455638437500002 0.110992503125 0.20104993593749998 0.20392729062499998
0 0.275406259375 0.1870765921875 0.3507202640625 0.16829870156249999 0.305608178125 0.081618434375 0.226797325 0.0953437875 0.275406259375 0.1870765921875
0 0.8838459484375001 0.9031024578125001 0.9750495562499999 0.8811303421875 0.8774057515625 0.719740753125 0.79257635 0.7403630484375 0.8838459484375001 0.9031024578125001
0 0.7921439171875 0.9282688406249999 0.882400690625 0.9042302984375 0.7896331421875 0.741624921875 0.70318393125 0.7681752000000001 0.7921439171875 0.9282688406249999
0 1 0.74731341875 0.9664070390624999 0.691410240625 0.8821831375 0.7161801953125 0.9817330406250001 0.887906459375 1 0.883662978125 1 0.74731341875
0 0.6958108625 0.95382236875 0.791438334375 0.9322822593750001 0.6983104671875 0.7682317203125 0.6118113046875 0.7866604171875 0.6958108625 0.95382236875
0 0.39041167187500003 1 0.3230218859375 0.857964175 0.23608966874999998 0.8791107609375001 0.2863478015625 1 0.39041167187500003 1
0 0.500352525 1 0.4188755515625 0.8356001703124999 0.326705009375 0.858972984375 0.3939642828125 1 0.500352525 1
0 0.544463496875 1 0.6032037125 0.9853544187500001 0.515136240625 0.813902184375 0.42064464062500007 0.8355512015625 0.50138676875 1 0.544463496875 1
0 0.5173287578125 0.8120589359375 0.6048366453125 0.989168103125 0.699916284375 0.9654620875000001 0.6077854453125 0.787732146875 0.5173287578125 0.8120589359375
0 0.2829060390625 1 0.23443656562499998 0.880050975 0.14027002500000002 0.9060702375 0.1755295578125 1 0.2829060390625 1
0 0.643683521875 0.101477521875 0.58611268125 0.00362443125 0.5190495875 0.0225036734375 0.573373478125 0.1202901515625 0.643683521875 0.101477521875
0 0.37334331875000004 0.06599647656249999 0.3066714140625 0.081353340625 0.3505669984375 0.1679148125 0.4215309578125 0.14907424062500002 0.37334331875000004 0.06599647656249999
0 0.606286990625 0 0.5883000484375 0.00372024375 0.644557521875 0.1024825765625 0.7169334734375 0.0857789921875 0.6549783359375 0 0.606286990625 0
0 0.5710740624999999 0.1182987265625 0.516366215625 0.0261436484375 0.44620872968749997 0.047330975 0.4976351421875 0.13468555468750001 0.5710740624999999 0.1182987265625
0 0.4230747984375 0.150258690625 0.4965249796875 0.134478125 0.44383976562500005 0.048841840625 0.373920159375 0.0647381625 0.4230747984375 0.150258690625
0 0.739072390625 0 0.7906071546875 0.06869244687500001 0.85918135625 0.051594978125 0.8199732265625 0 0.739072390625 0
1 0.6595022453125 0 0.717839709375 0.0900413265625 0.7887166546875 0.0691638015625 0.7353214421875001 0 0.6595022453125 0
0 0.8226622156250001 0 0.8592198171875 0.050303021875 0.9008984765625 0.0424760984375 0.8906025390625001 0 0.8226622156250001 0