0 0.99939338125 0.4303498484375 0.9835016171875001 0.3140728671875 0.9171909109374999 0.3000021328125 0.9299078843749999 0.41505370625 0.99939338125 0.4303498484375
0 0.92657255 0.417244259375 0.9091513499999999 0.29977521875 0.8425669359375 0.28815638125 0.859409675 0.4055312671875 0.92657255 0.417244259375
0 0.6841466125 0.3735594078125 0.672020528125 0.2606286921875 0.6011559625 0.2448881734375 0.5965215234375 0.2439873296875 0.6081875703125 0.3612933046875 0.6841466125 0.3735594078125
0 0.7658477 0.392831065625 0.751829515625 0.2746813515625 0.6770706078125001 0.2600454671875 0.6887898546875 0.372483940625 0.7658477 0.392831065625
0 0.8487053484375 0.41133643906249995 0.8335018671875 0.28892988124999996 0.755931703125 0.27428269375 0.7693459859375 0.3963579265625 0.8487053484375 0.41133643906249995
0 0.6084288765625 0.36217116250000003 0.596666328125 0.24556285 0.5221909 0.23108629218750001 0.5304386859375 0.34951024375 0.6084288765625 0.36217116250000003
0 0.527566775 0.3506837109375 0.5203470703125 0.23058546875000002 0.439168178125 0.2172826015625 0.4466468734375 0.33682860312499996 0.527566775 0.3506837109375
1 0.11575474999999999 0.2931252125 0.19757994843749999 0.3084718796875 0.199101021875 0.16846939218749998 0.1194699671875 0.152203396875 0.11575474999999999 0.2931252125
0 0.28243962031250003 0.32885478125 0.2848365015625 0.1874965359375 0.199380184375 0.1693109390625 0.19882141874999998 0.3118855140625 0.28243962031250003 0.32885478125
1 0.44396011093750004 0.36175357343750003 0.4373041625 0.21398410625 0.36049624687500004 0.2014160171875 0.36530537500000004 0.3470893515625 0.44396011093750004 0.36175357343750003
1 0.364536328125 0.3438163140625 0.358068209375 0.202518625 0.2854105859375 0.18682084375000002 0.28327789999999997 0.32989540625 0.364536328125 0.3438163140625
0 0.8688641234375 0.5704648015625 0.9520269234375001 0.5872703875 0.930042603125 0.4280272296875 0.8528226546875001 0.41463643906250003 0.8688641234375 0.5704648015625
0 1 0.4434483671875 0.9338007171875 0.42781636875 0.9535907124999999 0.593978065625 0.98901184375 0.6046736875 0.993415509375 0.5820187906250001 1 0.5455658046874999 1 0.4434483671875
0 0.5380601390625 0.5094983609375 0.6219426 0.5226016062500001 0.6065002203125001 0.37231452656249997 0.5309697609375 0.3587321671875 0.5380601390625 0.5094983609375
0 0.7876378093749999 0.5585182343749999 0.8662207953125 0.5673895078125 0.847736796875 0.42163416875 0.766348153125 0.40602145937499995 0.7876378093749999 0.5585182343749999
0 0.62174766875 0.5212829703125 0.703830975 0.5436420609375 0.6850512453125 0.390144784375 0.6097068046875 0.374549221875 0.62174766875 0.5212829703125
0 0.7857256718750001 0.559560778125 0.7633558828125 0.406006034375 0.6882418203125 0.39288761875 0.7057930984375 0.5446638312500001 0.7857256718750001 0.559560778125
0 0.44948577968750003 0.36593879687499997 0.45566002812499995 0.499885115625 0.536659275 0.511147175 0.5276086828125 0.3576199375 0.449865303125 0.34442926875 0.44948577968750003 0.36593879687499997
0 0.021739676562499997 0.4169041375 0.10806256562500001 0.43261695624999996 0.1164390625 0.2900478171875 0.0353904171875 0.271863728125 0.021739676562499997 0.4169041375
1 0.11153060937499999 0.4332910765625 0.19689726875 0.44775137656249997 0.2002845609375 0.31614535625 0.11811268281250001 0.2968609203125 0.11153060937499999 0.4332910765625
1 0.28492590624999997 0.4660573921875 0.3701835953125 0.4813490671875 0.3652760703125 0.3491190375 0.28405776562499996 0.3322464828125 0.28492590624999997 0.4660573921875
1 0.19938773125 0.4503687703125 0.2833772375 0.46882797500000006 0.2831394046875 0.331184059375 0.2019424375 0.3148618296875 0.19938773125 0.4503687703125
1 0.37065055 0.4807994625 0.4526523703125 0.49801974531250004 0.4445018 0.3657997 0.366574834375 0.3508467890625 0.37065055 0.4807994625
0 0.9293706296875 0.88496706875 0.9057396593749999 0.6988749046875 0.83533019375 0.68180626875 0.8470767046875001 0.8705045437500001 0.9293706296875 0.88496706875
0 0.09850634375 0.72765591875 0.19195753437500002 0.74684351875 0.19524130312500002 0.5598478796874999 0.10747155312500001 0.5395071375 0.09850634375 0.72765591875
0 0.8450514171875 0.87062213125 0.8310521234375001 0.6823120625 0.7585056812500001 0.6664642265625 0.7666259531249999 0.85844535 0.8450514171875 0.87062213125
0 0.3820963703125 0.7853365546875 0.378953178125 0.5914677390625 0.291832490625 0.5790231218749999 0.2904887625 0.7670185765624999 0.3820963703125 0.7853365546875
1 0.09791371875 0.7253468234375 0.10474178593750001 0.5403338484375 0.0144698328125 0.5250943515625 0.0023378625 0.7117823953125 0.09791371875 0.7253468234375
0 0.747822540625 0.856426521875 0.7346851015625 0.663682603125 0.6520366796875 0.64863085 0.6626828328125 0.8388545093750001 0.747822540625 0.856426521875
0 0.472626484375 0.7988437125 0.4664393953125 0.6176760906250001 0.38094734531249996 0.5974792703125 0.382756465625 0.78341980625 0.472626484375 0.7988437125
1 0.2895188359375 0.76734130625 0.28843486875 0.5835867796875001 0.199204721875 0.559791490625 0.1943951125 0.7493623921875 0.2895188359375 0.76734130625
0 0.661476525 0.8386200265625 0.6495225718750001 0.648662478125 0.5553106921875 0.6339179453125 0.569848446875 0.82336565625 0.661476525 0.8386200265625
1 0.46894851875 0.6179485812500001 0.4738645390625 0.7776112734375 0.4748396828125 0.7977401234375 0.5668749234375 0.8212538671875 0.5527160828125 0.63342405 0.46894851875 0.6179485812500001
0 0.124289328125 0 0.1217722359375 0.0568059390625 0.199039646875 0.071025696875 0.19997972343749998 0 0.124289328125 0
0 0.20038057187499997 0 0.199464890625 0.072307615625 0.2767323046875 0.08652737187500001 0.276247421875 0 0.20038057187499997 0
0 0.91216819375 1 0.9348276921875 0.8834269828125001 0.8450283437499999 0.8719068859375 0.8565739375 1 0.91216819375 1
1 0.27716860625 0 0.27710374375 0.0878387875 0.35395886875000004 0.10528129374999999 0.3499739546875 0.0014507078124999999 0.34312331875 0 0.27716860625 0
0 0.3541849625 0.10532524218749999 0.4284051125 0.121838334375 0.4229854875 0.01814609375 0.3513234328125 0.0014486968750000002 0.3541849625 0.10532524218749999
0 0.4286960921875 0.1214776625 0.5048896390625 0.1362881875 0.50063686875 0.0386639953125 0.42340939375 0.017796484374999998 0.4286960921875 0.1214776625
0 0.7644716609375 1 0.7491793171875 0.85865131875 0.663582409375 0.8414910109375 0.6754594140625 1 0.7644716609375 1
0 0.673435853125 1 0.6603816671875 0.8413908031249999 0.5708114421875 0.8289185124999999 0.58295413125 1 0.673435853125 1
0 0.8554216015625 1 0.8418148671875001 0.870588725 0.7550138546875 0.8574433687499999 0.76773899375 1 0.8554216015625 1
0 0.5802443359375 1 0.566370696875 0.826910121875 0.4801875296875 0.80705606875 0.4856712890625 0.9940559921875 0.512919325 1 0.5802443359375 1
0 0.09231991875 0.9274585515625 0.189623765625 0.944855221875 0.188321159375 0.7496315359375 0.1005968796875 0.732057709375 0.09231991875 0.9274585515625
0 0.1929125671875 0.9454945 0.2892521171875 0.9634623734375 0.2846455203125 0.769872375 0.1912328609375 0.7521023828125 0.1929125671875 0.9454945
0 0.38105729843749997 0.7908888453125 0.2862695546875 0.77057564375 0.29016173125 0.9643978234375 0.3884146859375 0.9834962624999999 0.38105729843749997 0.7908888453125
0 0.48420705 1 0.476085928125 0.8063259828125 0.3838233828125 0.79014489375 0.38828289374999997 0.9876427421875 0.45185547656249997 1 0.48420705 1
0 0 0.909313878125 0.063138953125 0.9244411625 0.0883796421875 0.9293474546875 0.098701309375 0.7322112015625 0.002361225 0.7159961609375001 0 0.7465105234375 0 0.909313878125
0 0.798644371875 0.1995392546875 0.7878219750000001 0.0865237484375 0.7190634578124999 0.0752920640625 0.7269712703125 0.1868749796875 0.798644371875 0.1995392546875
0 0.568627878125 0.05313179999999999 0.5017125203125 0.038873081250000004 0.504912971875 0.13587549375000002 0.5771905296875001 0.1487908015625 0.568627878125 0.05313179999999999
0 0.8716658578125 0.21626832187499997 0.8497346468750001 0.10172726406249999 0.789763909375 0.08753500625 0.7990117296875 0.2008195109375 0.8716658578125 0.21626832187499997
0 0.7257289046875 0.1840983609375 0.715093175 0.077456959375 0.6425547500000001 0.0670093640625 0.6522452671875001 0.167913240625 0.7257289046875 0.1840983609375
0 0.5780891546875 0.1505167328125 0.65132678125 0.1672560703125 0.6397692187499999 0.06737750625 0.5696824609375 0.05223516406249999 0.5780891546875 0.1505167328125
0 1 0.1760606125 0.9907910484375 0.133582325 0.9213856953124999 0.11652000625 0.9456579765625 0.23191849687500002 1 0.24248151562500003 1 0.1760606125
0 0.8546058171875 0.10520925 0.870685846875 0.22051430156250001 0.943745396875 0.23154672812500002 0.923485159375 0.141414190625 0.9173494546875001 0.116137815625 0.8546058171875 0.10520925