0 0.989377228125 0.3785305765625 0.9614182671875 0.2645517140625 0.8940000265625001 0.2574894171875 0.9186734984375 0.370581440625 0.989377228125 0.3785305765625
0 0.9155854109374999 0.37310863125 0.8859807875 0.25810410781250004 0.8185466312499999 0.2535088875 0.8475661203125 0.3684802359375 0.9155854109374999 0.37310863125
1 0.6699211984375 0.35500349999999997 0.6460570671875 0.24395895156249997 0.573935371875 0.235712025 0.5692321578125 0.23530054687500002 0.593096109375 0.3507444734375 0.6699211984375 0.35500349999999997
0 0.7531891546875 0.365629496875 0.7268977546875 0.24959231875 0.65101851875 0.24285104375 0.6744265859375 0.3534485734375 0.7531891546875 0.365629496875
0 0.8375272375 0.3753725140625 0.8096120750000001 0.2552257078125 0.7309357999999999 0.24876705000000002 0.7570369343750001 0.368771365625 0.8375272375 0.3753725140625
0 0.5934278546875 0.3515922984375 0.56954085625 0.23685230000000002 0.4939601984375 0.23023984999999997 0.5145414765625 0.3471529328125 0.5934278546875 0.3515922984375
0 0.511807959375 0.34862016875 0.4920741203125 0.2299345015625 0.40994940625 0.2251900140625 0.4298830921875 0.34329939375 0.511807959375 0.34862016875
1 0.09623538125 0.33442306093749996 0.17921649687500002 0.34113259375 0.16609499218749998 0.201738059375 0.08519990625 0.1938848828125 0.09623538125 0.33442306093749996
1 0.2657418921875 0.35253358437500004 0.25334968281250003 0.2116991734375 0.1664605921875 0.20254581562500001 0.1808079875 0.344397759375 0.2657418921875 0.35253358437500004
1 0.4298164171875 0.3683686640625 0.40775081562500004 0.22210442968750002 0.3300499375 0.21763380468750002 0.35005973125 0.362006434375 0.4298164171875 0.3683686640625
1 0.34895277187499996 0.35883171406250003 0.32775045468749997 0.2189841703125 0.25384999218750004 0.2109671734375 0.2666843546875 0.353480884375 0.34895277187499996 0.35883171406250003
1 0.8742090250000001 0.5315219875 0.9586729125 0.53954263125 0.9201635828124999 0.3834698109375 0.8419669328125 0.37822405937500003 0.8742090250000001 0.5315219875
0 1 0.39259994374999996 0.92387906875 0.38286727656249997 0.960929278125 0.5460501046874999 0.9972743656249999 0.5529846171874999 0.9992858265625 0.5299935171875 1 0.5203579265625 1 0.39259994374999996
0 0.5388444921875 0.5054679609375 0.623637096875 0.5097313203125 0.5925700359375 0.361881696875 0.5160335953125 0.3562688265625 0.5388444921875 0.5054679609375
0 0.7921789203125 0.5281313265625001 0.8712587218750001 0.52873984375 0.8376403984374999 0.385715071875 0.7550656375 0.3786953203125 0.7921789203125 0.5281313265625001
0 0.6233053984375 0.5084402828125001 0.7072762046875 0.522096846875 0.6725545171875 0.3714034609375 0.5959926421875 0.3637689703125 0.6233053984375 0.5084402828125001
0 0.7903862328125 0.5293680328125 0.752088146875 0.37899275781249997 0.67601431875 0.3737977625 0.709334384375 0.522907921875 0.7903862328125 0.5293680328125
0 0.435749290625 0.371953371875 0.45589091875000004 0.504520534375 0.5376236484375 0.507254171875 0.5125746703125 0.35551401718750003 0.4338783765625 0.3505220046875 0.435749290625 0.371953371875
0 0.0156737546875 0.46735116093749995 0.10316619375 0.47395470624999997 0.0965942703125 0.33129099375000004 0.014088864062500001 0.3216784078125 0.0156737546875 0.46735116093749995
1 0.10668570468750001 0.4742626234375 0.1930962296875 0.4797204625 0.182708390625 0.348481325 0.098970884375 0.33789183125 0.10668570468750001 0.4742626234375
0 0.2825561359375 0.48872469843750005 0.3689451890625 0.49502074843750005 0.350242746875 0.3640280640625 0.26770570312499997 0.3557375640625 0.2825561359375 0.48872469843750005
1 0.19584664062499998 0.48206319375 0.28130555625000003 0.4916419828125 0.26668132031249997 0.35477695625 0.18422301875 0.347031534375 0.19584664062499998 0.48206319375
0 0.3693521375 0.49442534374999997 0.452704753125 0.5029797671875 0.430778075 0.3723360046875 0.3517149953125 0.36561059375 0.3693521375 0.49442534374999997
0 0.9672585078125 0.8379767265625 0.9243050640625 0.6553741046875 0.8524971499999999 0.6457587640625 0.8839036531250001 0.8321954874999999 0.9672585078125 0.8379767265625
0 0.124502290625 0.7683763109374999 0.21944719687499997 0.7776904890624999 0.20316660937500003 0.591375984375 0.1137514859375 0.580321109375 0.124502290625 0.7683763109374999
0 0.8819017515625 0.8325241296874999 0.8482953859375 0.64670896875 0.774489809375 0.638531115625 0.8026330890625 0.8286117468749999 0.8819017515625 0.8325241296874999
0 0.41256804999999996 0.7960977375 0.38917726875 0.6036195078125 0.30123301874999997 0.6003496546875 0.319547528125 0.7874557078125 0.41256804999999996 0.7960977375
1 0.12367154531249999 0.7661418109375 0.1111230859375 0.5814286296875 0.0197526921875 0.5757086046875 0.027201395312499998 0.7626420875 0.12367154531249999 0.7661418109375
0 0.783721659375 0.8285694703125 0.7505089625 0.638254659375 0.6667399609375 0.631924475 0.69721158125 0.8199932421874999 0.783721659375 0.8285694703125
0 0.5040141124999999 0.8000679265624999 0.4789237453125 0.6205394859375 0.3917888875 0.609389659375 0.413024175 0.7941224906250001 0.5040141124999999 0.8000679265624999
1 0.31861665 0.7878780546875 0.2983310421875 0.6052434609375 0.2071024234375 0.5909056140625 0.22213471562499998 0.7799407671874999 0.31861665 0.7878780546875
1 0.6959873703125 0.8198861375 0.6642429328125 0.632218725 0.5690059328125 0.6274027859375 0.603266725 0.8142930749999999 0.6959873703125 0.8198861375
0 0.48144760625 0.6205482109375 0.5030259921875 0.7788223890625 0.50609983125 0.7987390421875 0.6000887484375 0.8125036718749999 0.566373909375 0.6271828078125 0.48144760625 0.6205482109375
0 0.0715410765625 0 0.0775178125 0.09876936875 0.15584831562499998 0.1048345875 0.146777290625 0.0059580078125 0.0755233421875 0 0.0715410765625 0
0 0.156405225 0.10606503125 0.23473572968749998 0.1121302484375 0.22372036875 0.01268965625 0.1471645265625 0.005968271875 0.156405225 0.10606503125
0 0.9581655874999999 1 0.97252469375 0.835874659375 0.8820130984375 0.8338042578125 0.914771259375 1 0.9581655874999999 1
1 0.23524221562499997 0.113395653125 0.3134995578125 0.12270905937500001 0.298683221875 0.0198638046875 0.22467562968750002 0.0121421453125 0.23524221562499997 0.113395653125
0 0.31372900625 0.12272913437499999 0.38926865781250003 0.131393646875 0.3730399328125 0.028835948437499998 0.300025096875 0.0197207453125 0.31372900625 0.12272913437499999
0 0.38952034375 0.1310045359375 0.466844615625 0.13776953281249998 0.45241063593749997 0.041124671875000005 0.37342497343750003 0.02844394375 0.38952034375 0.1310045359375
0 0.821842296875 1 0.7853035578124999 0.8306402578125001 0.6983818187499999 0.8225212703125001 0.7305876171875 1 0.821842296875 1
0 0.7286949546875 1 0.6951881359375001 0.8227561796874999 0.6048048765625 0.8197148500000001 0.6367881296875 1 0.7286949546875 1
0 0.9142194453125001 1 0.8786794406249999 0.8328292171875 0.79097986875 0.8288290500000001 0.8245651171875 1 0.9142194453125001 1
0 0.634147825 1 0.6001785234375 0.8181816468750001 0.5123921625000001 0.80744495 0.537392696875 0.992847259375 0.6021195546875 1 0.634147825 1
0 0.13923481875 0.9677310609375 0.237824071875 0.974861409375 0.21612217031249997 0.7808433390625 0.1270414875 0.7725354671875 0.13923481875 0.9677310609375
0 0.24116167968750002 0.9751534124999999 0.338851625 0.9829526312500001 0.3140346 0.790904659375 0.21927619531250003 0.7829962953125 0.24116167968750002 0.9751534124999999
0 0.4121150421875 0.8017282234374999 0.3157232484375 0.7914343171875 0.3398540375 0.983787875 0.439565084375 0.9925114609374999 0.4121150421875 0.8017282234374999
0 0.536718515625 1 0.5082367156250001 0.8071475984375001 0.414788209375 0.8006992125 0.4398674390625 0.9966490015625 0.4781695265625 1 0.536718515625 1
0 0.12517234531250002 0.772886259375 0.0276650890625 0.766830328125 0.032913462500000004 0.9576816000000001 0.10989830625000001 0.9677804421875 0.1355135703125 0.9700214875000001 0.12517234531250002 0.772886259375
0 0.765601665625 0.1699683734375 0.7430252187499999 0.0587032265625 0.6734693375 0.0547202921875 0.6929974203125 0.164865353125 0.765601665625 0.1699683734375
0 0.52154148125 0.0484062234375 0.45350225 0.041220175 0.46682468281249995 0.137356659375 0.5400563140625 0.1426461546875 0.52154148125 0.0484062234375
0 0.839971796875 0.178972971875 0.8061879265625 0.06735181875 0.7450622203124999 0.059505956250000006 0.7661008359375 0.1712032171875 0.839971796875 0.178972971875
0 0.6914716249999999 0.16223380781250002 0.6697470984375 0.057288335937500004 0.5965139734375 0.0544803046875 0.6166987328125 0.1538184828125 0.6914716249999999 0.16223380781250002
0 0.541130425 0.1442686984375 0.6157165859375 0.153260921875 0.593782184375 0.055137595312499996 0.5224965625 0.047404265625000004 0.541130425 0.1442686984375
0 0.9855990406249999 0.1929627328125 0.94980136875 0.084287965625 0.878992725 0.07457395 0.9151944671875001 0.18680313125 0.9855990406249999 0.1929627328125
0 0.811396378125 0.07030555468750001 0.8394409812499999 0.18329813125 0.91325350625 0.18663331875 0.8836828406249999 0.0991123078125 0.874938646875 0.07461575468750001 0.811396378125 0.07030555468750001
0 1 0.08793348437500001 0.952995865625 0.083670665625 0.9860560250000001 0.1917536859375 1 0.1938038453125 1 0.08793348437500001