0 0.67265625 0.27578125 0.0875 0.153125
0 0.51015625 0.28828125 0.0796875 0.1265625
0 0.58515625 0.28515625 0.0828125 0.1328125
0 0.42578125 0.2984375 0.096875 0.134375
0 0.18515625 0.31796875 0.0984375 0.1421875
0 0.9125 0.2671875 0.084375 0.15
0 0.7578125 0.27890625 0.0875 0.153125
1 0.3546875 0.30859375 0.0875 0.140625
0 0.83515625 0.27578125 0.084375 0.1484375
1 0.271875 0.3203125 0.0875 0.1484375
1 0.0984375 0.3375 0.09375 0.1296875
0 0.5609375 0.42265625 0.0859375 0.153125
0 0.4703125 0.43125 0.09375 0.1390625
1 0.303125 0.4453125 0.0875 0.125
0 0.64609375 0.42265625 0.09375 0.153125
0 0.8125 0.41171875 0.0921875 0.1546875
1 0.21796875 0.4546875 0.09375 0.1390625
1 0.3859375 0.44296875 0.090625 0.13125
0 0.9015625 0.4078125 0.09375 0.1625
1 0.72578125 0.4234375 0.1015625 0.1390625
0 0.0484375 0.47265625 0.090625 0.1328125
1 0.13515625 0.46875 0.096875 0.134375
0 0.121875 0.090625 0.0796875 0.134375
0 0.0453125 0.0984375 0.075 0.1390625
0 0.86171875 0.05546875 0.0828125 0.1109375
0 0.4328125 0.07421875 0.0796875 0.14375
0 0.35546875 0.08046875 0.08125 0.1421875
0 0.85 0.6890625 0.09375 0.16875
0 0.93984375 0.6890625 0.096875 0.15625
0 0.753125 0.7046875 0.096875 0.1609375
1 0.203125 0.0921875 0.0875 0.15
0 0.50625 0.07265625 0.078125 0.1453125
0 0.72734375 0.065625 0.0765625 0.13125
0 0.27890625 0.08828125 0.0859375 0.153125
0 0.6625 0.715625 0.10625 0.1671875
1 0.10625 0.7625 0.1125 0.1796875
1 0.57578125 0.7328125 0.109375 0.1546875
1 0.2984375 0.75390625 0.103125 0.165625
0 0.203125 0.7640625 0.109375 0.1625
0 0.38828125 0.75234375 0.1140625 0.16875
0 0.4875 0.75078125 0.096875 0.171875
0 0.58125 0.07109375 0.084375 0.1421875
0 0.65546875 0.06875 0.0796875 0.1375
1 0.7953125 0.0625 0.084375 0.125
0 0.83125 0.88828125 0.0984375 0.1859375
0 0.92421875 0.88125 0.109375 0.1859375
0 0.54140625 0.909375 0.1046875 0.18125
0 0.73671875 0.89609375 0.1046875 0.18125
0 0.3375 0.9171875 0.1125 0.165625
0 0.44296875 0.91328125 0.1109375 0.1734375
0 0.64296875 0.90625 0.109375 0.1765625
0 0.2421875 0.9234375 0.103125 0.153125
0 0.140625 0.9265625 0.115625 0.146875