0 0.72734375 0.33203125 0.10625 0.1609375
0 0.56796875 0.3 0.0953125 0.1328125
0 0.64140625 0.31640625 0.0984375 0.140625
0 0.484375 0.2859375 0.1125 0.14375
0 0.24765625 0.2375 0.115625 0.1515625
0 0.95390625 0.38984375 0.0921875 0.1578125
0 0.80859375 0.35859375 0.1078125 0.1609375
1 0.41328125 0.2765625 0.1046875 0.1484375
0 0.88359375 0.37734375 0.103125 0.15625
1 0.33046875 0.2640625 0.1046875 0.15625
1 0.15859375 0.23359375 0.109375 0.1390625
0 0.5796875 0.44296875 0.10625 0.1609375
0 0.48984375 0.42578125 0.1109375 0.1484375
1 0.325 0.39375 0.103125 0.1328125
0 0.66171875 0.465625 0.1125 0.1609375
0 0.825 0.50078125 0.1109375 0.1625
1 0.24140625 0.37890625 0.109375 0.146875
1 0.40546875 0.41328125 0.10625 0.140625
0 0.91171875 0.521875 0.1140625 0.171875
1 0.73828125 0.48828125 0.1171875 0.15
0 0.0734375 0.34921875 0.10625 0.1421875
1 0.1578125 0.36953125 0.1125 0.14375
0 0.2484375 0.03671875 0.096875 0.0734375
0 0.1734375 0.03046875 0.09375 0.0609375
0 0.9625 0.159375 0.075 0.146875
0 0.55234375 0.0734375 0.0984375 0.146875
0 0.47578125 0.065625 0.0984375 0.13125
0 0.784375 0.778125 0.115625 0.178125
0 0.87109375 0.803125 0.115625 0.165625
0 0.68671875 0.76640625 0.1171875 0.1703125
1 0.3265625 0.05234375 0.10625 0.1046875
0 0.62421875 0.090625 0.096875 0.1546875
0 0.84140625 0.1375 0.0953125 0.15625
0 0.40078125 0.06171875 0.1046875 0.1234375
0 0.596875 0.75234375 0.1265625 0.1765625
1 0.0578125 0.64296875 0.115625 0.1890625
1 0.50859375 0.74453125 0.128125 0.165625
1 0.2359375 0.68828125 0.1234375 0.175
0 0.14140625 0.671875 0.1296875 0.1734375
0 0.3234375 0.71171875 0.134375 0.1796875
0 0.41953125 0.7375 0.1171875 0.1796875
0 0.69609375 0.109375 0.1015625 0.1515625
0 0.76953125 0.12578125 0.096875 0.1484375
1 0.90625 0.15703125 0.1 0.140625
0 0.7109375 0.93359375 0.121875 0.1328125
0 0.80234375 0.94296875 0.1328125 0.1140625
0 0.4265625 0.9046875 0.128125 0.190625
0 0.61875 0.925 0.128125 0.15
0 0.228125 0.8640625 0.134375 0.1921875
0 0.33125 0.8859375 0.1328125 0.1921875
0 0.525 0.91796875 0.13125 0.1640625
0 0.13203125 0.846875 0.125 0.184375
0 0.05078125 0.825 0.1015625 0.1875