0 0.68359375 0.28515625 0.0796875 0.1484375
0 0.52109375 0.2890625 0.0734375 0.121875
0 0.59609375 0.28984375 0.0765625 0.128125
0 0.4359375 0.29453125 0.090625 0.1296875
0 0.1953125 0.3015625 0.0921875 0.1375
0 0.9234375 0.2890625 0.0765625 0.146875
0 0.76875 0.29296875 0.08125 0.1484375
1 0.365625 0.3015625 0.08125 0.1359375
0 0.84609375 0.29375 0.0765625 0.1453125
1 0.28203125 0.30859375 0.0796875 0.14375
1 0.1078125 0.3171875 0.0875 0.125
0 0.56484375 0.4265625 0.0796875 0.1484375
0 0.4734375 0.43046875 0.0875 0.134375
1 0.30625 0.43515625 0.08125 0.1203125
0 0.64921875 0.43046875 0.0875 0.1484375
0 0.81640625 0.428125 0.084375 0.15
1 0.22109375 0.43984375 0.0859375 0.134375
1 0.3890625 0.43671875 0.0828125 0.128125
0 0.90546875 0.42890625 0.0859375 0.159375
1 0.7296875 0.43515625 0.09375 0.1359375
0 0.05078125 0.44921875 0.084375 0.1296875
1 0.1375 0.45 0.0890625 0.1296875
0 0.14375 0.071875 0.0734375 0.13125
0 0.06640625 0.07578125 0.06875 0.1359375
0 0.88515625 0.0640625 0.0765625 0.128125
0 0.4546875 0.07109375 0.0734375 0.140625
0 0.37734375 0.0734375 0.075 0.1390625
0 0.83984375 0.70703125 0.0859375 0.165625
0 0.9296875 0.71171875 0.0890625 0.1515625
0 0.7421875 0.71796875 0.0890625 0.15625
1 0.225 0.07734375 0.08125 0.1453125
0 0.52890625 0.07265625 0.071875 0.14375
0 0.75078125 0.07109375 0.0703125 0.1421875
0 0.30078125 0.07734375 0.078125 0.15
0 0.65078125 0.72421875 0.0984375 0.1625
1 0.09296875 0.74140625 0.103125 0.175
1 0.56328125 0.73671875 0.1015625 0.15
1 0.28515625 0.74296875 0.0953125 0.1609375
0 0.1890625 0.7484375 0.1015625 0.1578125
0 0.375 0.74609375 0.1046875 0.1640625
0 0.475 0.75 0.0875 0.1671875
0 0.60390625 0.07578125 0.0765625 0.140625
0 0.67890625 0.075 0.0734375 0.1390625
1 0.81875 0.075 0.078125 0.1296875
0 0.81015625 0.9046875 0.0890625 0.18125
0 0.90390625 0.903125 0.1 0.18125
0 0.51953125 0.9109375 0.0953125 0.178125
0 0.715625 0.9078125 0.0953125 0.178125
0 0.315625 0.91328125 0.103125 0.1734375
0 0.42109375 0.9125 0.1015625 0.175
0 0.62109375 0.9125 0.1015625 0.171875
0 0.21953125 0.9171875 0.0953125 0.165625
0 0.11796875 0.91875 0.1078125 0.1625