0 0.9183191796875001 0.218479209375 0.853063284375 0.12093664062500001 0.7872954125 0.13735865 0.8491606421875 0.23519156406250002 0.9183191796875001 0.218479209375
0 0.847123140625 0.238622534375 0.77997003125 0.1406790109375 0.7150309921875 0.15942475625000002 0.781622909375 0.257537234375 0.847123140625 0.238622534375
0 0.610081971875 0.3056313859375 0.5496775515625 0.2094456578125 0.4790847125 0.22636315312500002 0.47452440312500005 0.22758508437499997 0.53643333125 0.3279049375 0.610081971875 0.3056313859375
0 0.6919625625 0.2871372390625 0.6275696749999999 0.187090146875 0.5539608640625 0.20670764843749997 0.6137838359375001 0.3026293 0.6919625625 0.2871372390625
0 0.77454674375 0.26744735625 0.70722244375 0.1640938390625 0.6310819375000001 0.1849335546875 0.6966528734375 0.2887736125 0.77454674375 0.26744735625
0 0.5370350421875 0.3285881703125 0.475345215625 0.228937675 0.40206103750000005 0.2485741109375 0.4613877421875 0.3513972609375 0.5370350421875 0.3285881703125
0 0.4593209 0.3537109296875 0.40018426875 0.2489322546875 0.3213895703125 0.2725622 0.3805168953125 0.3767309921875 0.4593209 0.3537109296875
1 0.06395471875 0.4825042046875 0.14422625625000002 0.46042788906250004 0.08422033749999999 0.33392769375000003 0.005517875 0.3542158703125 0.06395471875 0.4825042046875
0 0.2294329 0.4415478890625 0.16961982656250002 0.3134452171875 0.08484015781250001 0.33456169375 0.1468385203125 0.46295182031250004 0.2294329 0.4415478890625
1 0.3890284359375 0.4003112046875 0.3182682390625 0.2704146640625 0.24372425468749997 0.2927889140625 0.31190565625 0.42161105625 0.3890284359375 0.4003112046875
1 0.30977963750000004 0.4190063984375 0.24202530000000003 0.2948443125 0.16983960625 0.312586246875 0.23064252187499998 0.44211571875000005 0.30977963750000004 0.4190063984375
0 0.8624226140625 0.40163395468749996 0.9445359265625 0.38028254375000003 0.8549689453125 0.2467930328125 0.7796939796875 0.26860846875 0.8624226140625 0.40163395468749996
0 0.9423381359375 0.22598565 0.85825428125 0.2449560640625 0.9488819046874999 0.3856258453125 0.9854068578125 0.3797114046875 0.9794335937499999 0.357418878125 0.9423381359375 0.22598565
0 0.538372034375 0.491852603125 0.6195091749999999 0.46685807187500006 0.5397481375 0.3385504328125 0.4659076953125 0.3594530640625 0.538372034375 0.491852603125
0 0.78417985625 0.4265037234375 0.8586986859374999 0.4000286578125 0.77819044375 0.277127478125 0.6981946531250001 0.2987733015625 0.78417985625 0.4265037234375
0 0.6187559203124999 0.46575834218749995 0.7023334875 0.44987160625 0.6181656 0.320141659375 0.543609821875 0.33915328906250003 0.6187559203124999 0.46575834218749995
0 0.7829182593749999 0.42827898124999997 0.6954984578125 0.3000711625 0.6222356484375 0.321208246875 0.704544946875 0.449929828125 0.7829182593749999 0.42827898124999997
0 0.39582955625 0.40165056562499996 0.4600971359375 0.5193341078125 0.5378357375 0.49394864531250005 0.462399209375 0.359926796875 0.3867415125 0.3821515578125 0.39582955625 0.40165056562499996
0 0 0.5453812890624999 0.033715640625 0.6349694593749999 0.118190184375 0.611250584375 0.063220734375 0.47943827656250004 0 0.49444655 0 0.5453812890624999
1 0.12160275625000001 0.6103361890625 0.20466878125000001 0.5859107390625 0.1500209765625 0.46613914218749997 0.067711640625 0.4848281859375 0.12160275625000001 0.6103361890625
0 0.2918132265625 0.5637748640625 0.37514575625 0.54014441875 0.3127690734375 0.42344817187499995 0.2323741046875 0.44388698125000003 0.2918132265625 0.5637748640625
1 0.208054584375 0.5871714906250001 0.29163583437499996 0.5669439374999999 0.2310829515625 0.443334665625 0.15094840468749998 0.46425875000000005 0.208054584375 0.5871714906250001
0 0.375324521875 0.5394457375 0.456576146875 0.5189759921875 0.391289009375 0.4037103796875 0.31469379062499997 0.424431725 0.375324521875 0.5394457375
0 1 0.574349053125 0.9518574109375001 0.5008830203125 0.881091403125 0.516407309375 0.974368978125 0.6808588656250001 1 0.6734935546874999 1 0.574349053125
0 0.23893767812500002 0.88061901875 0.3313423421875 0.8568984140625 0.25232028125 0.6873883375000001 0.16451655781250002 0.7075819250000001 0.23893767812500002 0.88061901875
0 0.9726002078124999 0.681852378125 0.877468025 0.518737296875 0.8053164796875001 0.5362956234375 0.8967739171875 0.705287421875 0.9726002078124999 0.681852378125
0 0.5191122328125 0.808144346875 0.43130065625 0.63527409375 0.3475417375 0.6622801421875 0.4287457859375 0.8318383875 0.5191122328125 0.808144346875
1 0.2373927890625 0.8788034078125 0.162425465625 0.7095216203125 0.074609015625 0.7353970703125 0.145543525 0.9085094781249999 0.2373927890625 0.8788034078125
0 0.878988528125 0.711715784375 0.7826873015625 0.544237771875 0.7018051390625 0.5669400296875 0.7947624015625 0.73324495625 0.878988528125 0.711715784375
0 0.6064013078125 0.780598709375 0.52142173125 0.6204785703125 0.43572828281250003 0.6398030359375 0.518865275 0.8061322171875 0.6064013078125 0.780598709375
1 0.42801549687499996 0.8325536421875 0.34648855156249997 0.66787135 0.255857859375 0.68560020625 0.33463742343749997 0.8580937984375 0.42801549687499996 0.8325536421875
0 0.7935753890624999 0.7335630156249999 0.6995593390625 0.56807056875 0.608418684375 0.5961180390624999 0.7045335421875001 0.7600195828125 0.7935753890624999 0.7335630156249999
1 0.52379636875 0.61962355625 0.5982063765625 0.760972390625 0.6079067359375 0.7786366078125 0.700935209375 0.7594250265625 0.6058701546874999 0.5968115328125 0.52379636875 0.61962355625
0 0 0.2579239109375 0.041448670312500005 0.2463727859375 0 0.15845599375 0 0.2579239109375
0 0 0.157552265625 0.04239283125 0.2473385515625 0.11807385468750001 0.22624737968750003 0.07371211562499999 0.1365712640625 0 0.156298184375 0 0.157552265625
1 0.1189825890625 0.22726324375 0.19570580937499998 0.2092493953125 0.14660785781250002 0.117673953125 0.07442250781250001 0.1357300546875 0.1189825890625 0.22726324375
0 0.1959282859375 0.2091897828125 0.26987577812499997 0.1914956796875 0.21954896562499998 0.10067351718749999 0.14781987968750002 0.1170805734375 0.1959282859375 0.2091897828125
0 0.2699792 0.191043953125 0.3449540140625 0.1709545125 0.2983360203125 0.08507476093750001 0.2197767109375 0.1001734625 0.2699792 0.191043953125
0 0.8908225953125 0.8963420281250001 0.9816288453125 0.8727815359375001 0.8811832765625001 0.713120646875 0.7967267015624999 0.7352202796875 0.8908225953125 0.8963420281250001
0 0.79957374375 0.9231049984374999 0.889397240625 0.8974949203125 0.793805965625 0.7365333265625 0.7078332875 0.7645883078125 0.79957374375 0.9231049984374999
0 1 0.7317646156250001 0.9696765718749999 0.6832411640625 0.8858977937500001 0.7094772546875 0.988429571875 0.879439978125 1 0.8765383984374999 1 0.7317646156250001
0 0.70370133125 0.950335878125 0.7989383125 0.9271301203125001 0.7029615515625001 0.764729871875 0.616797190625 0.78466538125 0.70370133125 0.950335878125
0 0.3982436625 1 0.3292961765625 0.8609983484375 0.2427462578125 0.8836588921875 0.293512703125 1 0.3982436625 1
0 0.5091212703125 1 0.42474493906250005 0.8369648734374999 0.3329963453125 0.8619427265624999 0.40182203124999993 1 0.5091212703125 1
0 0.5500026671875 1 0.6116585953125 0.98347934375 0.5206122843750001 0.8135902109375 0.426512903125 0.8368850374999999 0.5101642265625 1 0.5500026671875 1
0 0.522772296875 0.8117089796875 0.6133578375 0.9872639484375 0.7080092687499999 0.961902175 0.612790646875 0.7858072078125 0.522772296875 0.8117089796875
0 0.290089159375 1 0.2411098171875 0.8846278125 0.147411715625 0.91228654375 0.182096065625 1 0.290089159375 1
0 0.6367064625000001 0.0990305953125 0.57743661875 0.0021971578125 0.5107132265625001 0.022243937499999998 0.5667354515625 0.11906743906249999 0.6367064625000001 0.0990305953125
0 0.36578820312500004 0.068273040625 0.2993944671875 0.0847911515625 0.344794071875 0.17057335625 0.41541840937499996 0.1504971625 0.36578820312500004 0.068273040625
0 0.5896422125 0 0.5796253234375001 0.00225478125 0.63759786875 0.10002024375 0.7096712796875 0.08205606875 0.6481977765625 0 0.5896422125 0
0 0.56440163125 0.11711644843749999 0.5080937890625 0.025930189062499998 0.438316759375 0.04833870625 0.4912598859375 0.13478246562500001 0.56440163125 0.11711644843749999
0 0.4169826859375 0.1516544875 0.49014627187500004 0.13459444375000001 0.4359745234375 0.049890684375 0.366342996875 0.0670048515625 0.4169826859375 0.1516544875
0 0.7334961 0 0.7830355390625 0.0636863421875 0.8513009046875 0.0453946921875 0.815537759375 0 0.7334961 0
0 0.6525738249999999 0 0.710651765625 0.08630193750000001 0.781153553125 0.06419061875 0.7297850234375 0 0.6525738249999999 0
0 0.8180740906249999 0 0.8513168109375 0.0441022625 0.892852525 0.0355491375 0.8835758765625 0 0.8180740906249999 0