0 0.6390625 0.25390625 0.10625 0.1609375
0 0.48046875 0.2890625 0.0953125 0.1328125
0 0.5546875 0.275 0.0984375 0.140625
0 0.3984375 0.3109375 0.1125 0.14375
0 0.1625 0.36328125 0.115625 0.1515625
0 0.87578125 0.2125 0.103125 0.1578125
0 0.725 0.2453125 0.1078125 0.1609375
1 0.3296875 0.33125 0.1046875 0.1484375
0 0.80078125 0.23125 0.103125 0.15625
1 0.24921875 0.35390625 0.1046875 0.15625
1 0.0796875 0.3953125 0.109375 0.1390625
0 0.55 0.41484375 0.10625 0.1609375
0 0.4609375 0.43671875 0.1109375 0.1484375
1 0.296875 0.4734375 0.103125 0.1328125
0 0.63359375 0.403125 0.1125 0.1609375
0 0.796875 0.36875 0.1109375 0.1625
1 0.21484375 0.49453125 0.109375 0.146875
1 0.37890625 0.459375 0.10625 0.140625
0 0.88515625 0.35234375 0.1140625 0.171875
1 0.7125 0.3921875 0.1171875 0.15
0 0.05078125 0.53515625 0.1015625 0.1421875
1 0.134375 0.5203125 0.1125 0.14375
0 0.06875 0.14765625 0.096875 0.1421875
0 0.0203125 0.16484375 0.040625 0.1453125
0 0.7953125 0.034375 0.1 0.06875
0 0.37421875 0.0875 0.0984375 0.1515625
0 0.2984375 0.1046875 0.0984375 0.15
0 0.87265625 0.6390625 0.115625 0.178125
0 0.95234375 0.6265625 0.0953125 0.165625
1 0.77890625 0.6671875 0.1171875 0.1703125
1 0.14921875 0.1375 0.10625 0.1578125
0 0.446875 0.07578125 0.096875 0.1515625
0 0.66328125 0.05390625 0.0953125 0.1078125
0 0.2234375 0.1234375 0.1046875 0.1609375
0 0.690625 0.69140625 0.1265625 0.1765625
1 0.146875 0.81484375 0.134375 0.1890625
1 0.6078125 0.7203125 0.128125 0.165625
1 0.3359375 0.7796875 0.1234375 0.175
0 0.2421875 0.803125 0.1296875 0.1734375
0 0.42421875 0.76484375 0.134375 0.1796875
0 0.52265625 0.75 0.1171875 0.1796875
0 0.51953125 0.06953125 0.1015625 0.1390625
0 0.59375 0.0609375 0.096875 0.121875
1 0.73125 0.04609375 0.1 0.0921875
0 0.88203125 0.83828125 0.121875 0.19375
0 0.953125 0.81796875 0.09375 0.1953125
0 0.59765625 0.9 0.128125 0.190625
0 0.78984375 0.859375 0.128125 0.190625
0 0.3984375 0.9234375 0.134375 0.153125
0 0.50234375 0.9125 0.1328125 0.175
0 0.69765625 0.88203125 0.13125 0.1875
0 0.3046875 0.93671875 0.125 0.1265625
0 0.2046875 0.946875 0.1375 0.10625