0 0.9324795484375 0.24075815781249998 0.8724180671875 0.1399340390625 0.8058808656249999 0.1528915171875 0.8625411328125001 0.25382813125000003 0.9324795484375 0.24075815781249998
0 0.860326859375 0.25714776562499997 0.7983917484374999 0.155823946875 0.7325606312499999 0.1711453546875 0.7939264765625 0.272608525 0.860326859375 0.25714776562499997
0 0.620103575 0.31165900625 0.5648159109375 0.21244377343749998 0.493434421875 0.2256435421875 0.48881641093750006 0.2266251296875 0.545390159375 0.3300475609375 0.620103575 0.31165900625
0 0.702839859375 0.297475503125 0.64377128125 0.194195459375 0.5692366484375 0.2099336890625 0.623957484375 0.308854775 0.702839859375 0.297475503125
0 0.7863413515625 0.282134728125 0.724518421875 0.1753993703125 0.6473915984375 0.1922256421875 0.707438103125 0.29935510625 0.7863413515625 0.282134728125
0 0.5459552890625 0.3307613484375 0.489565309375 0.228018825 0.415353875 0.2437929515625 0.469217925 0.34958010625 0.5459552890625 0.3307613484375
0 0.46703282812499997 0.351782434375 0.41346093437500003 0.2440523828125 0.333537525 0.2635261484375 0.38713204375 0.370646665625 0.46703282812499997 0.351782434375
1 0.0654679625 0.459707334375 0.1467848765625 0.44186236250000005 0.09348170156249999 0.3123950640625 0.0138252984375 0.3285364671875 0.0654679625 0.459707334375
0 0.23286285 0.42746760781250004 0.17983612499999999 0.29641012187500004 0.0940674921875 0.313060634375 0.14926146875 0.44451955 0.23286285 0.42746760781250004
1 0.394397828125 0.394640021875 0.3305328640625 0.261218196875 0.2549200625 0.279660453125 0.31626599375 0.41187438906249996 0.394397828125 0.394640021875
1 0.3142792046875 0.40916203281249997 0.25311586406250003 0.28162411875000004 0.18010055625000002 0.29556383125 0.2340410953125 0.428097965625 0.3142792046875 0.40916203281249997
0 0.8670740078125 0.42073649687500003 0.950192234375 0.40371182499999997 0.8677343015625001 0.265717684375 0.7914207656250001 0.283563634375 0.8670740078125 0.42073649687500003
0 0.9560727312499999 0.2495113671875 0.871111275 0.26405517343749996 0.9542526078125 0.40927525468750003 0.9910370437499999 0.40528048749999995 0.9862386656250001 0.3827058953125 0.9560727312499999 0.2495113671875
0 0.5387458484375001 0.49387200625 0.62107990625 0.47315811874999997 0.54814328125 0.34085195156250003 0.473310075 0.357861425 0.5387458484375001 0.49387200625
0 0.7876368953124999 0.441477271875 0.8634391984375 0.418938503125 0.7894734406249999 0.29199228125 0.7084544265625 0.3094217828125 0.7876368953124999 0.441477271875
0 0.6203852390625 0.4720204734375 0.7046797140625001 0.460529621875 0.6274167171875 0.326572459375 0.551968121875 0.3416560859375 0.6203852390625 0.4720204734375
1 0.7862841171875 0.4431840703125 0.705694 0.3105767578125 0.6314253671875 0.32785059375 0.7068850953125 0.46070350312499997 0.7862841171875 0.4431840703125
0 0.4011195296875 0.396333490625 0.4591399515625 0.51721925625 0.5381005890624999 0.4959371078125 0.4697816046875 0.3581508890625 0.393064440625 0.3763855734375 0.4011195296875 0.396333490625
0 0 0.52447065 0.027290910937500003 0.61038105 0.11289103593750001 0.5911157375 0.0648954421875 0.45660719531250005 0 0.468464490625 0 0.52447065
1 0.1163467875 0.5903811953125 0.2005773015625 0.570336559375 0.1522727515625 0.447869059375 0.0690981078125 0.462224753125 0.1163467875 0.5903811953125
1 0.2887608203125 0.552791809375 0.37321586875 0.5335550359375001 0.3170320796875 0.41375417499999995 0.2356776046875 0.429957425 0.2887608203125 0.552791809375
1 0.20389248124999998 0.5717727828125 0.2884178140625 0.55594725625 0.2344171265625 0.42933829218749997 0.1532973203125 0.4460397828125 0.20389248124999998 0.5717727828125
1 0.3734309546875 0.53286666875 0.4556425296875 0.5166773578125 0.396477403125 0.398152846875 0.31890268437499997 0.4148371109375 0.3734309546875 0.53286666875
0 1 0.60826645 0.9511919421874999 0.5245302 0.8797104390625 0.5363296078124999 0.96425345 0.705437559375 1 0.6971634625 1 0.60826645
0 0.21937539374999998 0.866434446875 0.3128948625 0.8475824375000001 0.24285257031250002 0.6741689734375 0.154112328125 0.6897395953125 0.21937539374999998 0.866434446875
0 0.9624351078125001 0.706337140625 0.875970084375 0.53846676875 0.8029984890625 0.5522249109375 0.8854862390625 0.7257716249999999 0.9624351078125001 0.706337140625
0 0.5029590109375001 0.8087223015625 0.42431510625 0.631493259375 0.339257590625 0.65407869375 0.41147635937500004 0.8276544578125 0.5029590109375001 0.8087223015625
1 0.2179276453125 0.8645404718749999 0.15192258593750002 0.6915671921875 0.06287226875 0.7128112234375 0.12464956093749999 0.8893988109375 0.2179276453125 0.8645404718749999
0 0.8673887890625 0.7312603609375 0.7799846625 0.55897185625 0.6980252015625 0.57740995625 0.7821513421875 0.7483519734375 0.8673887890625 0.7312603609375
0 0.5915700875 0.7857827734375 0.5150870125 0.621434584375 0.42849963906250005 0.63624771875 0.5028176984375 0.80670000625 0.5915700875 0.7857827734375
1 0.4107096375 0.8283305125 0.3379132265625 0.6596071203125 0.24647888281250002 0.6725684359375 0.316122865625 0.848948634375 0.4107096375 0.8283305125
0 0.7809493109375001 0.7486074734375 0.6957233109375001 0.578421409375 0.6032396703125 0.601660509375 0.6906448625 0.77036769375 0.7809493109375001 0.7486074734375
1 0.5175031421875 0.620705021875 0.5844135484375 0.7657544625 0.593176140625 0.7839021484375001 0.687082578125 0.7695856296875 0.6006583390625 0.602219671875 0.5175031421875 0.620705021875
0 0 0.2350660140625 0.055350921875 0.22272165 0.01776754375 0.1308176203125 0 0.1346656703125 0 0.2350660140625
0 0.0562432453125 0.22373550625 0.1329243765625 0.206634078125 0.09331671875 0.114759146875 0.0181408609375 0.13071421875 0.0562432453125 0.22373550625
1 0.1337786984375 0.207696109375 0.2113395453125 0.19372233125 0.16710156874999998 0.09970280312499999 0.0940701625 0.11395626875 0.1337786984375 0.207696109375
0 0.21156483750000002 0.19367444375 0.2863370234375 0.179874703125 0.240832446875 0.08654310781249999 0.1683429859375 0.09917366718750001 0.21156483750000002 0.19367444375
0 0.2864639453125 0.17942900781249999 0.362387409375 0.1632909765625 0.32032790312500004 0.075089125 0.24108605156250001 0.08605565625 0.2864639453125 0.17942900781249999
0 0.8695440484375 0.916252928125 0.9614589125 0.8974771578125 0.8695070046875 0.7327781625 0.7840095703125 0.75042739375 0.8695440484375 0.916252928125
0 0.777019584375 0.9382036265625 0.8680603078125 0.9173296437499999 0.7810241171875 0.75158578125 0.6937009765625 0.7751028515625 0.777019584375 0.9382036265625
0 1 0.7807314703125 0.9594427953125001 0.7075710109375 0.8744057421875 0.729386503125 0.9679018421875 0.9044823984375 1 0.8981977546875 1 0.7807314703125
0 0.6798534078125 0.9603796125 0.7761743640625001 0.9421899765624999 0.6888285093750001 0.77498925625 0.6017388890625 0.7903879500000001 0.6798534078125 0.9603796125
0 0.374814015625 1 0.3106369265625 0.851569665625 0.2230196609375 0.8696694796875001 0.2719414015625 1 0.374814015625 1
0 0.48303492031250006 1 0.40721269375 0.8325645296875 0.3142825984375 0.8527064 0.3783204328125 1 0.48303492031250006 1
0 0.532854121875 1 0.5862022171875 0.9886605125000001 0.5041719921875 0.8142392109375001 0.40898241406249997 0.8325773312500001 0.4840510453125 1 0.532854121875 1
0 0.5064275015625 0.812473603125 0.5877010609375 0.9925288609375 0.6835501078124999 0.9721555171875 0.597678078125 0.791318525 0.5064275015625 0.812473603125
0 0.2684574515625 1 0.221334753125 0.870551428125 0.126317515625 0.893268475 0.1621852734375 1 0.2684574515625 1
0 0.657504228125 0.1067347734375 0.6033834828125 0.006932098437500001 0.5357023640625 0.023459371875000003 0.5865804640625 0.12308215781250001 0.657504228125 0.1067347734375
0 0.3885669796875 0.0618406046875 0.3213997421875 0.0748612984375 0.36224763437499996 0.1629019734375 0.433825890625 0.1465494859375 0.3885669796875 0.0618406046875
0 0.6471898406250001 0 0.605566171875 0.0071041921874999995 0.65834261875 0.10776971718749999 0.7312574281249999 0.0936021921875 0.668503315625 0 0.6471898406250001 0
0 0.5843519484375 0.1210116984375 0.53289359375 0.02700348125 0.46203941875 0.045729440625 0.5103858734375 0.1348255625 0.5843519484375 0.1210116984375
0 0.4353274546875 0.1477870921875 0.509283625 0.1345795140625 0.45961916875000003 0.047156709375 0.3891873828125 0.06060318906249999 0.4353274546875 0.1477870921875
0 0.750348415625 0 0.8054825421875 0.07909723125 0.8746116625000001 0.06440338281249999 0.8291262187499999 0 0.750348415625 0
0 0.6733355890625 0 0.732014359375 0.09789355937500001 0.8035767421875001 0.0795023203125 0.7497095078125 0.0044511875 0.7463984171875 0 0.6733355890625 0
0 0.83211223125 0 0.8746951875000001 0.06311355625000001 0.9166216140625 0.0567459640625 0.9066100890625 0.008082896874999999 0.904892015625 0 0.83211223125 0