0 1 0.42844314843750003 0.9925696687500001 0.33963219218749996 0.9270862453125 0.3221103078125 0.9337644562499999 0.4376697625 1 0.455932428125 1 0.42844314843750003
0 0.9303190484374999 0.43968275625000003 0.919069578125 0.321462946875 0.8531844984375001 0.3063752734375 0.863861228125 0.42447078281249995 0.9303190484374999 0.43968275625000003
1 0.6905116359375 0.38337017812499996 0.6843125062500001 0.2699596015625 0.614368853125 0.2505318890625 0.6097879125000001 0.24938973281250001 0.6152986515625 0.367145496875 0.6905116359375 0.38337017812499996
0 0.7710921546875 0.40689133125000004 0.763276659375 0.28816988125 0.6893861890624999 0.269641475 0.6952048 0.38253919375 0.7710921546875 0.40689133125000004
0 0.8528677515625 0.42970777812499994 0.844091371875 0.3066732859375 0.7673940890625001 0.28798646250000004 0.7744010640625001 0.41059644375 0.8528677515625 0.42970777812499994
0 0.61549368125 0.3680347796875 0.6098500625 0.250970671875 0.53623434375 0.23261621250000003 0.5382729953125 0.35130952187500003 0.61549368125 0.3680347796875
0 0.53534360625 0.35233107656249996 0.534419253125 0.2320195765625 0.45404783125000003 0.21448636406250002 0.4552597234375 0.3342599375 0.53534360625 0.35233107656249996
1 0.127108334375 0.27329888593749996 0.2080182125 0.29290691875 0.2168643640625 0.15317590781249998 0.1381937375 0.13276463593750001 0.127108334375 0.27329888593749996
1 0.29169482812499997 0.3177030984375 0.30148654375 0.1766640234375 0.21709910156249998 0.1540309125 0.20907932499999998 0.2963808484375 0.29169482812499997 0.3177030984375
1 0.4512721703125 0.3590101328125 0.45235900000000007 0.211094834375 0.3763141109375 0.1945241546875 0.37349269375 0.3402495375 0.4512721703125 0.3590101328125
1 0.3728959984375 0.33694073750000003 0.37383169375 0.1954981765625 0.302095203125 0.1760193015625 0.292477496875 0.3187861703125 0.3728959984375 0.33694073750000003
0 0.8646707656249999 0.5896730890625 0.9468400578124999 0.610808046875 0.933220009375 0.45063255625 0.8568067078125001 0.4332187375 0.8646707656249999 0.5896730890625
0 1 0.4690293484375 0.9369840078125 0.45061866874999995 0.9480506500000001 0.6175883765625 0.9828634718749999 0.6301231375 0.98844676875 0.607729759375 1 0.5586223546875 1 0.4690293484375
0 0.5375108734375 0.5114772578125 0.6205926046875 0.5289526140625 0.6130368078124999 0.37806330625 0.5383207046875 0.36054660312500003 0.5375108734375 0.5114772578125
0 0.7841810046875 0.5734918359375001 0.862192009375 0.5864636671875 0.8513615874999999 0.4399407046875 0.7709015890625001 0.4200898390625 0.7841810046875 0.5734918359375001
0 0.620466953125 0.527625584375 0.7012675828125 0.554249940625 0.690547015625 0.399980171875 0.6161220421875 0.3804627578125 0.620466953125 0.527625584375
0 0.782216925 0.574432878125 0.767914228125 0.41991783125 0.6935896703125 0.402886228125 0.7031735421875001 0.555373 0.782216925 0.574432878125
0 0.45657122812499995 0.3634788140625 0.4557268078125 0.49756469843750006 0.5360256359375 0.5130504953125 0.53502244375 0.35925999062499997 0.458075953125 0.342018625 0.45657122812499995 0.3634788140625
0 0.026744017187500004 0.39198780625 0.1121262578125 0.41219688281250005 0.12795276718749998 0.270261521875 0.047966879687500005 0.24786059374999997 0.026744017187500004 0.39198780625
1 0.11555426875000001 0.41305158124999997 0.2000471421875 0.431959809375 0.21031751875000002 0.30071142812499996 0.1292675234375 0.2771528765625 0.11555426875000001 0.41305158124999997
0 0.2869970765625 0.45484780156250004 0.37133761718749997 0.4745805609375 0.373357203125 0.3422749078125 0.2931332484375 0.3211748390625 0.2869970765625 0.45484780156250004
1 0.20239720781249998 0.4347039578125 0.2853055296875 0.4575335359375 0.29227174843750003 0.320065809375 0.2120402984375 0.2995164265625 0.20239720781249998 0.4347039578125
0 0.371832696875 0.4740561484375 0.45282089843750006 0.495544475 0.451601359375 0.363079065625 0.374563765625 0.3440682640625 0.371832696875 0.4740561484375
0 0.908634571875 0.9069110078125 0.8947752984375 0.7198371265625 0.8253556296875001 0.6991069359375001 0.8272103390625001 0.888161371875 0.908634571875 0.9069110078125
0 0.0871419859375 0.70633136875 0.1794609046875 0.73038353125 0.19252676875000002 0.543816021875 0.10594185625000001 0.51890964375 0.0871419859375 0.70633136875
0 0.8251816734374999 0.8881728015625001 0.8210569515625 0.6993881390625 0.74943934375 0.679765234375 0.7475009703125 0.8719082374999999 0.8251816734374999 0.8881728015625001
0 0.3673245921875 0.7787749125000001 0.37433201718750003 0.5850072859375001 0.287982025 0.568020178125 0.2768012171875 0.755687665625 0.3673245921875 0.7787749125000001
1 0 0.6870253484375 0.086671021875 0.7039944234375 0.1031725625 0.51959235625 0.013821896875 0.499649275 0 0.616988634375 0 0.6870253484375
0 0.7288289859375 0.8689080812500001 0.7257969875 0.67574075 0.64404958125 0.6563841421875 0.64472560625 0.8469042828125 0.7288289859375 0.8689080812500001
0 0.4570237265625 0.7970015390625 0.46032669843749996 0.6157583921875001 0.3760088328125 0.59111494375 0.368084096875 0.7768953375 0.4570237265625 0.7970015390625
1 0.2758157296875 0.7559591906249999 0.2843502171875 0.5723997640625 0.19648770625 0.5439671390624999 0.1817633140625 0.733026525 0.2758157296875 0.7559591906249999
1 0.643533225 0.8466069890625001 0.6415372640625 0.6562841484375 0.5482261671875001 0.636629153125 0.552829071875 0.8265780796875 0.643533225 0.8466069890625001
0 0.462818121875 0.616161828125 0.45937130625 0.7758629921875 0.45929165000000005 0.7960152921875 0.5499701453125 0.8243135640625001 0.5456609609374999 0.63600014375 0.462818121875 0.616161828125
0 0.1491324203125 0 0.14548556875000002 0.037618409375 0.221902884375 0.05586254375000001 0.2255724421875 0 0.1491324203125 0
0 0.2259827328125 0 0.222260453125 0.057164960937499995 0.2986777703125 0.07540909375 0.3022061796875 0 0.2259827328125 0
0 0.8906428125 1 0.9141647578125 0.9056586328125 0.8250913921875 0.8894545890625001 0.8292422875 1 0.8906428125 1
1 0.3030585640625 0 0.2989800671875 0.0767381515625 0.3748169953125 0.098179040625 0.3761915609375 0 0.3030585640625 0
0 0.377479109375 0 0.37504047812499997 0.0982347609375 0.44829468281249996 0.1186096046875 0.44830931874999996 0.0147758296875 0.39717090625 0 0.377479109375 0
0 0.4486041390625 0.11826465625 0.52391814375 0.13704254531249999 0.52478045625 0.039329571875000004 0.448750940625 0.014448884375000002 0.4486041390625 0.11826465625
0 0.7372115078125 1 0.730067465625 0.8712008375 0.6454859671875 0.8495842515625001 0.6488603421875 1 0.7372115078125 1
0 0.646780384375 1 0.64229485625 0.8493166671875001 0.5535001328125 0.832173725 0.5566048296874999 1 0.646780384375 1
0 0.82782689375 1 0.8219513078125 0.887970053125 0.7359572265625001 0.8702998984375 0.7407151921875 1 0.82782689375 1
0 0.5538692843749999 1 0.549170584375 0.8299356765624999 0.4641446078125 0.8055983546875 0.4598340328125 0.9926289984375 0.486766846875 1 0.5538692843749999 1
0 0.070507178125 0.9055364078125001 0.16676720312499999 0.9280017265625 0.1756836 0.7329774140625 0.08899928593749999 0.7108365390625 0.070507178125 0.9055364078125001
0 0.1700180390625 0.9288122515625 0.26528519375 0.9517975218749999 0.270816628125 0.7582317421875 0.178461996875 0.7355972625 0.1700180390625 0.9288122515625
0 0.365996359375 0.7842652125 0.2724016296875 0.7590190421874999 0.266144603125 0.9527792953124999 0.363263371875 0.9769937234375 0.365996359375 0.7842652125
0 0.4580449125 1 0.46008683906250003 0.8046546078124999 0.36879758749999997 0.7836670453125001 0.3629147484375 0.9811276234375 0.43860771875 1 0.4580449125 1
0 0 0.8887169265624999 0.041524121875 0.9009959390625 0.06647344375 0.9072165046875 0.0870982796875 0.7108906140625 0 0.69149535625 0 0.8887169265624999
0 0.813959990625 0.215580865625 0.8090672 0.10215384218750001 0.740990734375 0.08733900781250001 0.7430479109375 0.19918286406250002 0.813959990625 0.215580865625
0 0.5919211015625 0.057335923437500005 0.5258436921875 0.039594665625 0.5239630421875 0.1366316390625 0.5954656125 0.1533119625 0.5919211015625 0.057335923437500005
0 0.886005871875 0.23610865468750003 0.8700993328125 0.1205767796875 0.810953546875 0.1032653453125 0.8142598421875 0.2168785921875 0.886005871875 0.23610865468750003
0 0.741952565625 0.19634503125 0.7369125921874999 0.0892931484375 0.6650203625 0.075063503125 0.6694166984375001 0.17633625625 0.741952565625 0.19634503125
0 0.596272678125 0.1550825578125 0.6685338640625 0.1756319171875 0.6622193828125 0.0752853546875 0.5930211640625 0.0564957078125 0.596272678125 0.1550825578125
0 1 0.1569620734375 0.9408779921875 0.139099175 0.9590775203125 0.2556098296875 1 0.2658129484375 1 0.1569620734375
0 0.8747815937500001 0.1243089328125 0.8848049859374999 0.24029752499999998 0.95718701875 0.2551384734375 0.9416717203125 0.1640691203125 0.9368672874999999 0.1385062671875 0.8747815937500001 0.1243089328125