0 0.66796875 0.27265625 0.090625 0.153125
0 0.50625 0.28828125 0.0828125 0.1265625
0 0.58125 0.28359375 0.084375 0.1328125
0 0.421875 0.3 0.0984375 0.1359375
0 0.18203125 0.3234375 0.1 0.14375
0 0.9078125 0.26015625 0.0859375 0.1515625
0 0.75390625 0.275 0.090625 0.153125
1 0.3515625 0.31171875 0.090625 0.1421875
0 0.83125 0.2703125 0.0859375 0.15
1 0.26875 0.32421875 0.0890625 0.1484375
1 0.09609375 0.34453125 0.096875 0.1296875
0 0.56015625 0.421875 0.0890625 0.153125
0 0.46875 0.43203125 0.096875 0.140625
1 0.3015625 0.44921875 0.0890625 0.1265625
0 0.64453125 0.4203125 0.096875 0.153125
0 0.8109375 0.40625 0.09375 0.15625
1 0.2171875 0.459375 0.0953125 0.1390625
1 0.384375 0.4453125 0.0921875 0.1328125
0 0.9 0.40078125 0.096875 0.1640625
1 0.72421875 0.41953125 0.103125 0.140625
0 0.0484375 0.48046875 0.0921875 0.134375
1 0.134375 0.47578125 0.0984375 0.1359375
0 0.11484375 0.09765625 0.0828125 0.1359375
0 0.03828125 0.10625 0.0765625 0.140625
0 0.8546875 0.05234375 0.084375 0.1046875
0 0.425 0.075 0.0828125 0.1453125
0 0.3484375 0.0828125 0.084375 0.14375
0 0.853125 0.6828125 0.096875 0.1703125
0 0.94296875 0.68125 0.1 0.1578125
1 0.75703125 0.7 0.1 0.1625
1 0.19609375 0.09765625 0.090625 0.1515625
0 0.4984375 0.07265625 0.08125 0.1453125
0 0.71953125 0.0640625 0.0796875 0.128125
0 0.27109375 0.09296875 0.0875 0.1546875
0 0.66640625 0.71328125 0.109375 0.1671875
1 0.1109375 0.76953125 0.1140625 0.18125
1 0.5796875 0.73125 0.1125 0.15625
1 0.303125 0.75703125 0.10625 0.1671875
0 0.2078125 0.76953125 0.1125 0.1640625
0 0.39296875 0.75390625 0.115625 0.1703125
0 0.4921875 0.75078125 0.1 0.171875
0 0.57265625 0.07109375 0.0859375 0.1421875
0 0.6484375 0.0671875 0.08125 0.134375
1 0.78828125 0.06015625 0.0859375 0.1203125
0 0.8375 0.88203125 0.1015625 0.1859375
0 0.93125 0.87421875 0.1125 0.1875
0 0.54765625 0.90859375 0.1078125 0.1828125
0 0.74375 0.8921875 0.1078125 0.1828125
0 0.3453125 0.91796875 0.115625 0.1640625
0 0.45078125 0.91328125 0.1140625 0.1734375
0 0.65 0.903125 0.1125 0.178125
0 0.25 0.925 0.10625 0.15
0 0.1484375 0.9296875 0.11875 0.140625