0 0.78984375 0.2078125 0.1 0.1328125
0 0.478125 0.2890625 0.1015625 0.115625
0 0.71484375 0.2296875 0.109375 0.134375
0 0.55625 0.271875 0.1078125 0.1375
0 0.6359375 0.2515625 0.1171875 0.14375
0 0.8640625 0.1953125 0.103125 0.140625
0 0.40078125 0.31796875 0.1015625 0.1140625
0 0.15703125 0.3828125 0.10625 0.1265625
1 0.07890625 0.40234375 0.103125 0.1171875
1 0.021875 0.42265625 0.04375 0.1109375
1 0.31953125 0.3453125 0.1078125 0.1359375
1 0.24140625 0.36796875 0.103125 0.1296875
0 0.54375 0.4109375 0.1171875 0.1578125
0 0.62421875 0.390625 0.11875 0.1609375
0 0.05078125 0.540625 0.1015625 0.159375
0 0.4671875 0.43828125 0.121875 0.159375
0 0.8765625 0.3390625 0.1234375 0.1671875
1 0.12890625 0.52578125 0.115625 0.15
1 0.70546875 0.38203125 0.11875 0.1453125
1 0.21640625 0.5046875 0.115625 0.1390625
0 0.7921875 0.3625 0.1265625 0.15625
1 0.3859375 0.465625 0.11875 0.1515625
1 0.30390625 0.4890625 0.1109375 0.1484375
0 0.9546875 0.61640625 0.090625 0.1578125
0 0.88125 0.640625 0.115625 0.1578125
1 0.61640625 0.71015625 0.1265625 0.146875
0 0.79609375 0.66640625 0.115625 0.15625
0 0.70390625 0.690625 0.1265625 0.159375
1 0.3453125 0.78828125 0.1328125 0.1765625
0 0.253125 0.8125 0.1328125 0.1765625
0 0.43984375 0.76796875 0.1296875 0.165625
0 0.5375 0.746875 0.128125 0.1671875
1 0.16328125 0.840625 0.1328125 0.1796875
0 0.01796875 0.2 0.0359375 0.115625
0 0.21484375 0.14375 0.0875 0.1046875
0 0.06171875 0.18203125 0.090625 0.1140625
0 0.2875 0.1265625 0.0984375 0.1140625
1 0.1375 0.1640625 0.1015625 0.1125
0 0.43828125 0.090625 0.0921875 0.11875
0 0.5828125 0.059375 0.096875 0.11875
0 0.36484375 0.11171875 0.1 0.1234375
0 0.95703125 0.7890625 0.0859375 0.18125
0 0.51484375 0.9125 0.1296875 0.175
0 0.89296875 0.82109375 0.1328125 0.1796875
0 0.3234375 0.93515625 0.134375 0.1296875
0 0.79921875 0.84453125 0.1390625 0.2015625
0 0.7078125 0.86953125 0.1234375 0.1875
0 0.4171875 0.9234375 0.1375 0.153125
0 0.61484375 0.89609375 0.140625 0.184375
0 0.5125 0.0765625 0.0984375 0.13125
0 0.6546875 0.053125 0.090625 0.10625
0 0.22109375 0.953125 0.1390625 0.09375
1 0.72109375 0.0421875 0.0953125 0.084375
0 0.859375 0.028125 0.08125 0.05625
0 0.79453125 0.03828125 0.0921875 0.0765625