0 0.72421875 0.328125 0.1046875 0.159375
0 0.56484375 0.2984375 0.09375 0.1328125
0 0.63828125 0.3140625 0.096875 0.1390625
0 0.48046875 0.2859375 0.1109375 0.1421875
0 0.24296875 0.2421875 0.1140625 0.1515625
0 0.95390625 0.38125 0.0921875 0.15625
0 0.80625 0.353125 0.1046875 0.159375
1 0.409375 0.278125 0.103125 0.1484375
0 0.88203125 0.3703125 0.1 0.1546875
1 0.3265625 0.2671875 0.103125 0.1546875
1 0.1546875 0.2390625 0.1078125 0.1375
0 0.57890625 0.44140625 0.103125 0.159375
0 0.4890625 0.4265625 0.109375 0.146875
1 0.3234375 0.39609375 0.1015625 0.1328125
0 0.6609375 0.4625 0.1109375 0.1609375
0 0.825 0.4953125 0.1078125 0.1625
1 0.2390625 0.38359375 0.1078125 0.146875
1 0.40390625 0.415625 0.1046875 0.1390625
0 0.91171875 0.51484375 0.1125 0.1703125
1 0.7375 0.484375 0.115625 0.1484375
0 0.07109375 0.35703125 0.1046875 0.1421875
1 0.15546875 0.37578125 0.1109375 0.1421875
0 0.23984375 0.0390625 0.0953125 0.078125
0 0.1640625 0.03359375 0.090625 0.0671875
0 0.959375 0.15 0.08125 0.146875
0 0.54453125 0.07265625 0.0953125 0.1453125
0 0.46875 0.065625 0.096875 0.13125
0 0.7890625 0.7734375 0.1125 0.1765625
0 0.87578125 0.796875 0.1140625 0.1640625
1 0.69140625 0.76328125 0.1140625 0.16875
1 0.31796875 0.05390625 0.1046875 0.1078125
0 0.6171875 0.08828125 0.0953125 0.153125
0 0.83515625 0.13125 0.09375 0.1546875
0 0.39296875 0.0625 0.1015625 0.125
0 0.60078125 0.75078125 0.1234375 0.175
1 0.05859375 0.65078125 0.1171875 0.1890625
1 0.51328125 0.74453125 0.125 0.1640625
1 0.23984375 0.69296875 0.121875 0.1734375
0 0.14453125 0.678125 0.1265625 0.171875
0 0.3265625 0.71484375 0.13125 0.1796875
0 0.4234375 0.7390625 0.115625 0.178125
0 0.68984375 0.10625 0.1 0.1515625
0 0.76328125 0.12109375 0.0953125 0.1484375
1 0.9 0.15 0.0984375 0.140625
0 0.71875 0.93203125 0.11875 0.1359375
0 0.81015625 0.93984375 0.1296875 0.1203125
0 0.4328125 0.90546875 0.125 0.1890625
0 0.6265625 0.92421875 0.125 0.1515625
0 0.234375 0.86875 0.13125 0.190625
0 0.3375 0.8890625 0.1296875 0.190625
0 0.53203125 0.91796875 0.1296875 0.1640625
0 0.13828125 0.853125 0.1234375 0.1828125
0 0.053125 0.83359375 0.10625 0.1859375