0 0.7015625 0.3015625 0.0875 0.153125
0 0.53984375 0.2921875 0.0796875 0.1265625
0 0.6140625 0.29921875 0.0828125 0.1328125
0 0.4546875 0.28984375 0.096875 0.134375
0 0.21328125 0.27578125 0.0984375 0.1421875
0 0.940625 0.32734375 0.084375 0.15
0 0.7859375 0.3171875 0.0875 0.153125
1 0.3828125 0.290625 0.0875 0.140625
0 0.86328125 0.325 0.084375 0.1484375
1 0.29921875 0.28984375 0.0875 0.1484375
1 0.125 0.28359375 0.09375 0.1296875
0 0.57109375 0.43203125 0.0859375 0.153125
0 0.4796875 0.428125 0.09375 0.1390625
1 0.3125 0.41875 0.0875 0.125
0 0.65546875 0.44375 0.09375 0.153125
0 0.821875 0.45625 0.0921875 0.1546875
1 0.22734375 0.415625 0.09375 0.1390625
1 0.39453125 0.42734375 0.090625 0.13125
0 0.91015625 0.46484375 0.09375 0.1625
1 0.734375 0.45546875 0.1015625 0.1390625
0 0.05703125 0.41015625 0.090625 0.1328125
1 0.14296875 0.41875 0.096875 0.134375
0 0.18203125 0.0546875 0.0796875 0.109375
0 0.1046875 0.05390625 0.075 0.1078125
0 0.92265625 0.096875 0.0828125 0.140625
0 0.49140625 0.0703125 0.0796875 0.140625
0 0.415625 0.0671875 0.08125 0.134375
0 0.8203125 0.7359375 0.09375 0.16875
0 0.909375 0.7484375 0.096875 0.15625
0 0.721875 0.73828125 0.096875 0.1609375
1 0.2625 0.06484375 0.0875 0.1296875
0 0.56640625 0.07734375 0.078125 0.146875
0 0.7875 0.09296875 0.0765625 0.15
0 0.33828125 0.06875 0.0859375 0.1375
0 0.63046875 0.7359375 0.10625 0.1671875
1 0.0734375 0.70546875 0.1125 0.1796875
1 0.54296875 0.74140625 0.109375 0.1546875
1 0.26484375 0.7234375 0.103125 0.165625
0 0.16875 0.7203125 0.109375 0.1625
0 0.3546875 0.734375 0.1140625 0.16875
0 0.453125 0.746875 0.096875 0.171875
0 0.63984375 0.0859375 0.084375 0.1453125
0 0.71484375 0.0921875 0.0796875 0.1421875
1 0.85390625 0.10390625 0.084375 0.1328125
0 0.77265625 0.91875 0.0984375 0.1625
0 0.8671875 0.921875 0.109375 0.15625
0 0.48359375 0.91015625 0.1046875 0.1796875
0 0.67890625 0.9171875 0.1046875 0.165625
0 0.28125 0.8984375 0.1125 0.18125
0 0.3859375 0.90546875 0.1109375 0.18125
0 0.584375 0.91640625 0.109375 0.1671875
0 0.184375 0.89453125 0.103125 0.175
0 0.0828125 0.8875 0.115625 0.175