1 0.49375 0.365625 0.13125 0.14375
1 0.7796875 0.29453125 0.1234375 0.1390625
0 0.50625 0.240625 0.109375 0.1375
1 0.69609375 0.19609375 0.121875 0.13125
0 0.4 0.3890625 0.115625 0.1375
0 0.575 0.86015625 0.175 0.234375
1 0.59765625 0.221875 0.11875 0.128125
1 0.603125 0.33984375 0.128125 0.14375
1 0.08828125 0.3453125 0.1109375 0.121875
1 0.5671875 0.66953125 0.1390625 0.190625
1 0.33359375 0.89921875 0.1671875 0.2015625
0 0.19921875 0.43828125 0.1265625 0.1421875
0 0.02890625 0.36875 0.0578125 0.11875
0 0.87890625 0.26796875 0.128125 0.1390625
0 0.1046875 0.4578125 0.109375 0.13125
0 0.425 0.26015625 0.1109375 0.128125
0 0.34609375 0.28046875 0.103125 0.1234375
1 0.26875 0.30625 0.1 0.115625
0 0.30859375 0.4109375 0.1265625 0.140625
0 0.69375 0.31328125 0.10625 0.1359375
1 0.18046875 0.32578125 0.1171875 0.1234375
1 0.390625 0.08515625 0.1 0.1015625
0 0.4546875 0.8875 0.159375 0.225
1 0.67109375 0.6421875 0.134375 0.19375
0 0.6140625 0.0375 0.096875 0.075
0 0.7828125 0.171875 0.1140625 0.1296875
1 0.0375 0.47578125 0.075 0.1265625
0 0.7828125 0.615625 0.1515625 0.18125
0 0.31484375 0.103125 0.0953125 0.1078125
0 0.21484375 0.740625 0.1375 0.184375
1 0.4734375 0.0640625 0.1015625 0.1046875
0 0.45546875 0.690625 0.1421875 0.18125
0 0.54609375 0.04609375 0.0890625 0.0921875
0 0.1765625 0.1328125 0.0921875 0.103125
0 0.35078125 0.71640625 0.15 0.1890625
0 0.70234375 0.83359375 0.1734375 0.2296875
1 0.87421875 0.15234375 0.1265625 0.125
0 0.94375 0.7703125 0.1125 0.2375
0 0.85078125 0.80078125 0.1734375 0.2296875
0 0.10390625 0.7609375 0.146875 0.1921875
0 0.20859375 0.915625 0.1671875 0.16875
0 0.24765625 0.11796875 0.0921875 0.10625
1 0.92421875 0.5828125 0.1515625 0.2
1 0.69375 0.02890625 0.10625 0.0578125
0 0.1015625 0.14921875 0.103125 0.10625
1 0.77890625 0.01953125 0.1046875 0.0390625
0 0.034375 0.16796875 0.06875 0.1046875
0 0.115625 0.9234375 0.09375 0.153125