1 0.55546875 0.378125 0.1328125 0.1453125
1 0.8421875 0.44375 0.125 0.140625
0 0.6234375 0.271875 0.1109375 0.1375
1 0.8125 0.31796875 0.1234375 0.13125
0 0.4609375 0.35546875 0.1171875 0.1390625
0 0.403125 0.85546875 0.178125 0.2359375
1 0.71328125 0.29609375 0.1203125 0.1296875
1 0.66484375 0.40390625 0.1296875 0.1453125
1 0.203125 0.17578125 0.1125 0.121875
1 0.4828125 0.68203125 0.140625 0.1921875
1 0.16171875 0.796875 0.1703125 0.2390625
0 0.26015625 0.30859375 0.1296875 0.14375
0 0.1171875 0.15859375 0.109375 0.1203125
0 0.9390625 0.465625 0.121875 0.140625
0 0.16640625 0.28359375 0.1109375 0.1328125
0 0.5421875 0.25234375 0.1125 0.1296875
0 0.4625 0.234375 0.1046875 0.125
1 0.38125 0.22265625 0.1015625 0.115625
0 0.36953125 0.33359375 0.128125 0.1421875
0 0.75703125 0.421875 0.1078125 0.1375
1 0.29453125 0.2 0.11875 0.125
1 0.590625 0.08046875 0.1 0.1015625
0 0.28359375 0.82421875 0.1625 0.2265625
1 0.5875 0.7046875 0.1359375 0.19375
0 0.81875 0.125 0.096875 0.1078125
0 0.90078125 0.3359375 0.115625 0.13125
1 0.0859375 0.2625 0.10625 0.128125
0 0.69921875 0.73125 0.1546875 0.1828125
0 0.51484375 0.0625 0.0953125 0.1078125
0 0.13671875 0.58515625 0.1390625 0.1859375
1 0.67421875 0.1 0.103125 0.10625
0 0.37421875 0.65 0.1453125 0.18125
0 0.75078125 0.1125 0.0890625 0.103125
0 0.378125 0.03828125 0.09375 0.0765625
0 0.26875 0.625 0.1515625 0.190625
0 0.52890625 0.88671875 0.1765625 0.2265625
1 0.96328125 0.36015625 0.0734375 0.1265625
0 0.80546875 0.91953125 0.1890625 0.1609375
0 0.67578125 0.90546875 0.1765625 0.1890625
0 0.0515625 0.5515625 0.103125 0.19375
0 0.06328125 0.75703125 0.1265625 0.2140625
0 0.44765625 0.04921875 0.0921875 0.0984375
1 0.84453125 0.76875 0.1640625 0.2015625
1 0.8953125 0.15 0.10625 0.1
1 0.15234375 0.0125 0.0890625 0.025
0 0.30390625 0.03046875 0.1046875 0.0609375
1 0.96328125 0.1703125 0.0734375 0.103125
0 0.22265625 0.01953125 0.0984375 0.0390625