1 0.24375 0.86796875 0.125 0.20625
0 0.49296875 0.86796875 0.1234375 0.2109375
0 0.36796875 0.86953125 0.11875 0.2078125
0 0.625 0.8703125 0.1375 0.20625
0 0.11875 0.8578125 0.125 0.1796875
0 0.04609375 0.26171875 0.084375 0.1015625
0 0.40234375 0.25078125 0.0859375 0.1125
0 0.22109375 0.36796875 0.1 0.109375
1 0.13046875 0.26015625 0.090625 0.1015625
0 0.12421875 0.36875 0.0859375 0.1109375
0 0.3296875 0.36640625 0.1 0.109375
0 0.42734375 0.36640625 0.09375 0.1125
0 0.7765625 0.8703125 0.13125 0.203125
0 0.40859375 0.0734375 0.071875 0.078125
0 0.165625 0.6703125 0.10625 0.165625
1 0.228125 0.25859375 0.1 0.103125
1 0.321875 0.25390625 0.08125 0.1078125
0 0.7546875 0.671875 0.125 0.159375
0 0.4875 0.2546875 0.084375 0.103125
1 0.48671875 0.071875 0.0828125 0.078125
0 0.91484375 0.8703125 0.14375 0.2109375
1 0.04375 0.36796875 0.08125 0.109375
1 0.6359375 0.67578125 0.1125 0.16875
1 0.89921875 0.67578125 0.115625 0.1703125
0 0.33671875 0.0734375 0.0703125 0.071875
0 0.05625 0.66484375 0.1125 0.1796875
0 0.2671875 0.0734375 0.075 0.071875
0 0.56875 0.25234375 0.084375 0.10625
1 0.52421875 0.67890625 0.10625 0.1703125
1 0.571875 0.0703125 0.0875 0.075
0 0.72109375 0.0625 0.0796875 0.0796875
0 0.646875 0.065625 0.06875 0.0796875
0 0.92109375 0.35859375 0.1 0.1171875
0 0.73359375 0.359375 0.0875 0.115625
1 0.28046875 0.67890625 0.09375 0.165625
1 0.82421875 0.36015625 0.103125 0.115625
1 0.528125 0.36484375 0.1125 0.1078125
0 0.378125 0.68046875 0.1 0.16875
0 0.18984375 0.0734375 0.084375 0.071875
0 0.10546875 0.07578125 0.08125 0.075
0 0.846875 0.24375 0.0875 0.109375
1 0.034375 0.08046875 0.06875 0.075
1 0.6359375 0.3640625 0.1125 0.1125
1 0.76171875 0.25234375 0.096875 0.1
1 0.66484375 0.25234375 0.10625 0.1
1 0.9765625 0.671875 0.040625 0.165625
1 0.94296875 0.24765625 0.10625 0.1
1 0.80625 0.0671875 0.0953125 0.08125
1 0.9625 0.06171875 0.075 0.078125