1 0.52421875 0.36796875 0.10703125 0.12265625
1 0.81875 0.3625 0.0984375 0.1203125
0 0.56484375 0.2484375 0.084375 0.12109375
1 0.759375 0.24765625 0.1 0.1109375
0 0.42734375 0.36953125 0.09140625 0.1203125
0 0.4921875 0.86796875 0.13046875 0.2109375
1 0.6578125 0.25078125 0.096875 0.109375
1 0.63671875 0.3671875 0.10234375 0.12421875
1 0.13359375 0.25703125 0.08984375 0.10390625
1 0.52734375 0.68046875 0.10234375 0.171875
1 0.24375 0.86953125 0.121875 0.215625
0 0.22109375 0.371875 0.10234375 0.12265625
0 0.04609375 0.2609375 0.08671875 0.10234375
0 0.92109375 0.359375 0.10390625 0.11875
0 0.12421875 0.3703125 0.0859375 0.115625
0 0.48125 0.24921875 0.08828125 0.11171875
0 0.39921875 0.2515625 0.08125 0.1078125
1 0.31796875 0.259375 0.0796875 0.1
0 0.33359375 0.3703125 0.10234375 0.12109375
0 0.73046875 0.36171875 0.08125 0.12109375
1 0.228125 0.25859375 0.096875 0.10390625
1 0.48671875 0.07109375 0.0828125 0.084375
0 0.36875 0.8671875 0.11640625 0.20390625
1 0.634375 0.67734375 0.096875 0.17578125
0 0.71875 0.059375 0.07734375 0.0921875
0 0.84921875 0.24375 0.09140625 0.11171875
1 0.040625 0.36953125 0.08125 0.11171875
0 0.74921875 0.6765625 0.11953125 0.15859375
0 0.40859375 0.071875 0.07578125 0.09296875
0 0.16796875 0.6703125 0.10234375 0.165625
1 0.571875 0.06953125 0.084375 0.08828125
0 0.4140625 0.67578125 0.109375 0.16015625
0 0.64921875 0.06328125 0.0703125 0.0890625
0 0.2671875 0.06953125 0.07421875 0.08828125
0 0.30625 0.67734375 0.11484375 0.16796875
0 0.621875 0.8703125 0.13046875 0.20546875
1 0.94296875 0.2453125 0.10546875 0.10390625
0 0.9078125 0.871875 0.1421875 0.2109375
0 0.77421875 0.871875 0.13046875 0.20546875
0 0.05546875 0.66484375 0.1109375 0.171875
0 0.11796875 0.8609375 0.12890625 0.18828125
0 0.33984375 0.07109375 0.07265625 0.0921875
1 0.89921875 0.67734375 0.125 0.17578125
1 0.79921875 0.06484375 0.08984375 0.08125
1 0.03671875 0.078125 0.07265625 0.07890625
0 0.190625 0.06875 0.0859375 0.0890625
1 0.88671875 0.06484375 0.08828125 0.084375
0 0.1078125 0.06875 0.07890625 0.0890625
0 0.0265625 0.846875 0.053125 0.18671875