1 0.23125 0.85859375 0.1328125 0.209375
0 0.48046875 0.8671875 0.13125 0.215625
0 0.35546875 0.86484375 0.125 0.2125
0 0.61171875 0.87421875 0.1453125 0.2109375
0 0.10625 0.84453125 0.13125 0.184375
0 0.0546875 0.24609375 0.0875 0.1046875
0 0.4109375 0.24765625 0.0890625 0.1140625
0 0.22578125 0.35859375 0.103125 0.1125
1 0.1390625 0.24765625 0.09375 0.1046875
0 0.12890625 0.35546875 0.0890625 0.1140625
0 0.334375 0.36015625 0.1046875 0.1125
0 0.43203125 0.3640625 0.096875 0.115625
0 0.76328125 0.8796875 0.1390625 0.20625
0 0.4234375 0.0703125 0.075 0.0796875
0 0.16015625 0.65859375 0.1125 0.1703125
1 0.23671875 0.24921875 0.103125 0.1078125
1 0.33046875 0.24765625 0.084375 0.1109375
0 0.7484375 0.68046875 0.13125 0.1640625
0 0.49609375 0.2546875 0.0875 0.10625
1 0.5015625 0.071875 0.0859375 0.0796875
0 0.9015625 0.884375 0.1515625 0.215625
1 0.0484375 0.35234375 0.084375 0.1125
1 0.6296875 0.68046875 0.11875 0.171875
1 0.89296875 0.68984375 0.121875 0.175
0 0.3515625 0.06796875 0.0734375 0.075
0 0.0546875 0.64921875 0.109375 0.1828125
0 0.28203125 0.065625 0.0765625 0.075
0 0.57734375 0.2546875 0.0875 0.109375
1 0.51796875 0.6796875 0.1109375 0.1734375
1 0.58671875 0.0734375 0.0890625 0.078125
0 0.7359375 0.0703125 0.0828125 0.0828125
0 0.66171875 0.07109375 0.071875 0.0828125
0 0.92578125 0.3734375 0.1046875 0.1203125
0 0.73828125 0.36796875 0.0921875 0.11875
1 0.27421875 0.67109375 0.1 0.16875
1 0.82890625 0.371875 0.1078125 0.11875
1 0.5328125 0.365625 0.115625 0.1109375
0 0.371875 0.67578125 0.10625 0.1734375
0 0.2046875 0.0625 0.0875 0.075
0 0.1203125 0.0625 0.084375 0.078125
0 0.85546875 0.25625 0.090625 0.1125
1 0.04921875 0.06484375 0.071875 0.078125
1 0.640625 0.36875 0.115625 0.115625
1 0.7703125 0.26171875 0.1 0.103125
1 0.6734375 0.25859375 0.109375 0.103125
1 0.9703125 0.68828125 0.046875 0.1671875
1 0.9484375 0.2625 0.103125 0.103125
1 0.82109375 0.078125 0.0984375 0.084375
1 0.96875 0.07734375 0.0625 0.0796875