1 0.27421875 0.85 0.1703125 0.2125
1 0.34375 0.87265625 0.1734375 0.2078125
1 0.1453125 0.82265625 0.1765625 0.2234375
1 0.2046875 0.84140625 0.175 0.225
1 0.09296875 0.7875 0.121875 0.2046875
1 0.46875 0.884375 0.153125 0.15
1 0.2953125 0.6015625 0.153125 0.190625
1 0.75390625 0.734375 0.1515625 0.1921875
1 0.55703125 0.66953125 0.1484375 0.18125
1 0.4984375 0.30859375 0.1640625 0.2109375
1 0.5328125 0.8828125 0.146875 0.1203125
1 0.42578125 0.290625 0.159375 0.1984375
1 0.61953125 0.690625 0.1453125 0.1859375
1 0.69140625 0.71015625 0.1515625 0.1890625
1 0.2296875 0.5796875 0.1515625 0.1875
1 0.48671875 0.66328125 0.1578125 0.184375
1 0.60234375 0.884375 0.1390625 0.0890625
1 0.403125 0.8796875 0.1640625 0.184375
1 0.5609375 0.3234375 0.1671875 0.2078125
1 0.35546875 0.61328125 0.1546875 0.1859375
1 0.8265625 0.7484375 0.15625 0.1984375
1 0.63046875 0.340625 0.1703125 0.2203125
1 0.14375 0.5703125 0.1796875 0.190625
1 0.94765625 0.7765625 0.1046875 0.196875
1 0.975 0.77421875 0.05 0.1265625
1 0.05234375 0.76640625 0.05625 0.2015625
1 0.34375 0.27578125 0.1265625 0.196875
1 0.88359375 0.77109375 0.121875 0.196875