1 0.20625 0.7953125 0.134375 0.1890625
1 0.26953125 0.83203125 0.1375 0.18359375
1 0.0859375 0.7421875 0.13828125 0.19921875
1 0.13984375 0.77265625 0.13671875 0.2015625
1 0.0421875 0.696875 0.084375 0.190625
1 0.38984375 0.86953125 0.1296875 0.12578125
1 0.27890625 0.55703125 0.12109375 0.16953125
1 0.7 0.78203125 0.11953125 0.1703125
1 0.5203125 0.67734375 0.11796875 0.1609375
1 0.53828125 0.3125 0.128125 0.1890625
1 0.45234375 0.88125 0.13046875 0.09453125
1 0.47109375 0.2796875 0.125 0.17578125
1 0.57734375 0.7109375 0.11328125 0.16640625
1 0.64375 0.7453125 0.11875 0.16875
1 0.21875 0.521875 0.1203125 0.16640625
1 0.453125 0.65703125 0.1265625 0.16171875
1 0.5203125 0.89765625 0.12890625 0.06328125
1 0.3265625 0.8515625 0.13359375 0.16015625
1 0.59609375 0.33984375 0.13125 0.18515625
1 0.33515625 0.58046875 0.12421875 0.16328125
1 0.76796875 0.8109375 0.12265625 0.17734375
1 0.6609375 0.37109375 0.1328125 0.196875
1 0.13671875 0.49453125 0.1484375 0.16328125
1 0.890625 0.86640625 0.08828125 0.1828125
1 0.94375 0.875 0.10390625 0.10703125
1 0.00703125 0.6671875 0.0140625 0.203125
1 0.39375 0.2484375 0.08984375 0.1828125
1 0.81875 0.84453125 0.08515625 0.18359375