1 0.25625 0.8375 0.1625 0.2078125
1 0.32421875 0.8640625 0.1640625 0.203125
1 0.12890625 0.80390625 0.1671875 0.21875
1 0.18671875 0.82578125 0.1671875 0.2203125
1 0.07890625 0.76640625 0.1125 0.2015625
1 0.44921875 0.88203125 0.1484375 0.14375
1 0.290625 0.590625 0.146875 0.1859375
1 0.74140625 0.74765625 0.1453125 0.1875
1 0.54765625 0.671875 0.1421875 0.178125
1 0.50859375 0.30859375 0.15625 0.20625
1 0.5125 0.884375 0.14375 0.1140625
1 0.43671875 0.28671875 0.1515625 0.19375
1 0.609375 0.69609375 0.1375 0.1828125
1 0.68046875 0.71953125 0.14375 0.1859375
1 0.22578125 0.565625 0.1453125 0.1828125
1 0.478125 0.6625 0.15 0.1796875
1 0.58203125 0.88984375 0.1375 0.0828125
1 0.38359375 0.87421875 0.15625 0.1796875
1 0.56953125 0.3265625 0.159375 0.203125
1 0.35 0.60546875 0.1484375 0.18125
1 0.81328125 0.76484375 0.1484375 0.19375
1 0.6390625 0.34765625 0.1625 0.215625
1 0.140625 0.5515625 0.171875 0.184375
1 0.9421875 0.8 0.115625 0.19375
1 0.96875 0.8 0.0625 0.121875
1 0.0390625 0.7421875 0.0453125 0.203125
1 0.35546875 0.26796875 0.1171875 0.1953125
1 0.86875 0.790625 0.1125 0.1953125