1 0.40625 0.11796875 0.10546875 0.23046875
1 0.31328125 0.11953125 0.1078125 0.23046875
1 0.69375 0.11875 0.1109375 0.23125
1 0.3140625 0.703125 0.1109375 0.23671875
1 0.40625 0.70234375 0.1078125 0.2328125
0 0.50546875 0.11875 0.109375 0.2328125
0 0.21796875 0.11640625 0.10859375 0.23046875
0 0.5953125 0.11953125 0.11015625 0.23125
0 0.409375 0.4828125 0.10078125 0.225
0 0.78828125 0.12109375 0.10859375 0.234375
0 0.5046875 0.48203125 0.10703125 0.22578125
1 0.69296875 0.69921875 0.11328125 0.2375
1 0.88359375 0.48359375 0.1046875 0.221875
0 0.315625 0.48359375 0.1046875 0.221875
0 0.884375 0.11953125 0.1140625 0.234375
0 0.6953125 0.484375 0.10625 0.228125
0 0.59921875 0.48203125 0.10546875 0.2265625
0 0.2171875 0.4828125 0.10546875 0.21953125
0 0.78984375 0.4859375 0.10234375 0.22421875
0 0.96328125 0.1171875 0.0734375 0.228125
0 0.5046875 0.70078125 0.1109375 0.23046875
1 0.1171875 0.1171875 0.12109375 0.23125
0 0.2203125 0.7015625 0.11328125 0.2328125
1 0.03359375 0.69765625 0.0671875 0.2328125
1 0.0328125 0.11484375 0.065625 0.2265625
0 0.60078125 0.7015625 0.11015625 0.2359375
0 0.96484375 0.48515625 0.0703125 0.2140625
0 0.03046875 0.48359375 0.0609375 0.21484375
0 0.88359375 0.7015625 0.11171875 0.23671875
0 0.9625 0.696875 0.075 0.228125
0 0.7859375 0.70234375 0.1078125 0.2375