1 0.42578125 0.115625 0.1171875 0.23125
1 0.33359375 0.1140625 0.1203125 0.228125
1 0.71328125 0.1296875 0.1234375 0.2375
1 0.30390625 0.69296875 0.1234375 0.2421875
1 0.39609375 0.696875 0.1203125 0.2375
0 0.52578125 0.11953125 0.121875 0.2375
0 0.23828125 0.11015625 0.1203125 0.2203125
0 0.61484375 0.125 0.121875 0.2359375
0 0.41015625 0.478125 0.1125 0.2296875
0 0.8078125 0.13671875 0.1203125 0.2390625
0 0.50546875 0.48203125 0.11875 0.23125
1 0.68203125 0.709375 0.125 0.24375
1 0.88359375 0.50390625 0.115625 0.2265625
0 0.31640625 0.47421875 0.115625 0.2265625
0 0.90390625 0.13984375 0.1265625 0.240625
0 0.69609375 0.49453125 0.11875 0.2328125
0 0.6 0.4875 0.1171875 0.23125
0 0.21875 0.46796875 0.1171875 0.225
0 0.78984375 0.50078125 0.1140625 0.2296875
0 0.96953125 0.1421875 0.0609375 0.23125
0 0.49453125 0.70078125 0.1234375 0.2359375
1 0.13671875 0.1078125 0.1328125 0.215625
0 0.21015625 0.68671875 0.125 0.2390625
1 0.03203125 0.67265625 0.0640625 0.2359375
1 0.053125 0.10234375 0.078125 0.2046875
0 0.58984375 0.70625 0.121875 0.240625
0 0.96171875 0.50859375 0.0765625 0.2171875
0 0.03359375 0.45859375 0.0671875 0.2171875
0 0.87265625 0.72109375 0.1234375 0.2421875
0 0.9515625 0.72109375 0.0875 0.23125
0 0.775 0.7171875 0.1203125 0.2421875