1 0.32890625 0.14609375 0.1515625 0.246875
1 0.23828125 0.16640625 0.153125 0.2484375
1 0.609375 0.10546875 0.15625 0.2109375
1 0.36015625 0.7375 0.1578125 0.2546875
1 0.45 0.7171875 0.153125 0.25
0 0.42578125 0.12578125 0.1546875 0.25
0 0.14453125 0.18359375 0.1546875 0.2484375
0 0.5140625 0.115625 0.15625 0.23125
0 0.4078125 0.50234375 0.1453125 0.240625
0 0.70234375 0.09765625 0.1546875 0.1953125
0 0.50078125 0.48125 0.1515625 0.24375
1 0.73046875 0.6546875 0.1609375 0.25625
1 0.871875 0.40390625 0.1484375 0.2390625
0 0.31640625 0.52265625 0.1484375 0.2390625
0 0.79609375 0.08671875 0.1609375 0.1734375
0 0.6875 0.44375 0.1515625 0.2453125
0 0.59296875 0.46171875 0.15 0.24375
0 0.21953125 0.5421875 0.1484375 0.2359375
0 0.78046875 0.42578125 0.146875 0.240625
0 0.8734375 0.07421875 0.11875 0.1484375
0 0.54609375 0.6953125 0.15625 0.2484375
1 0.06484375 0.20546875 0.1296875 0.2515625
0 0.26796875 0.75546875 0.159375 0.2515625
1 0.08515625 0.790625 0.1140625 0.2421875
0 0.640625 0.6765625 0.15625 0.253125
0 0.946875 0.38828125 0.10625 0.2234375
0 0.04453125 0.58046875 0.0890625 0.2234375
0 0.9171875 0.6171875 0.1578125 0.2546875
0 0.96640625 0.59609375 0.0671875 0.2390625
0 0.821875 0.63828125 0.1546875 0.2546875