0 0.378125 0.55390625 0.08984375 0.08984375
1 0.46171875 0.55625 0.08828125 0.08828125
0 0.71875 0.565625 0.0859375 0.09140625
0 0.54765625 0.5609375 0.08359375 0.084375
0 0.63359375 0.56328125 0.08359375 0.0859375
1 0.8 0.56640625 0.08984375 0.09609375
0 0.14296875 0.765625 0.11640625 0.1953125
0 0.38671875 0.803125 0.13046875 0.1890625
0 0.9625 0.55859375 0.07109375 0.10625
0 0.2171875 0.5515625 0.08046875 0.075
0 0.2609375 0.7859375 0.12734375 0.2046875
0 0.2953125 0.553125 0.0828125 0.08359375
0 0.653125 0.82109375 0.12734375 0.20390625
0 0.52421875 0.80703125 0.125 0.209375
0 0.76953125 0.48046875 0.0703125 0.08515625
1 0.55078125 0.478125 0.08359375 0.078125
0 0.1375 0.54921875 0.08671875 0.06953125
0 0.73203125 0.3859375 0.0578125 0.0765625
1 0.3359375 0.94921875 0.1828125 0.096875
0 0.1796875 0.93515625 0.16484375 0.128125
0 0.84140625 0.390625 0.06328125 0.075
1 0.8390625 0.48671875 0.07890625 0.07578125
1 0.7859375 0.39296875 0.0578125 0.065625
0 0.61953125 0.3859375 0.05390625 0.07109375
0 0.4109375 0.45859375 0.08046875 0.09921875
1 0.67578125 0.3921875 0.0609375 0.065625
0 0.29921875 0.38515625 0.05078125 0.0609375
1 0.78515625 0.8234375 0.1421875 0.21328125
0 0.05234375 0.93359375 0.1046875 0.13046875
1 0.2421875 0.39453125 0.05546875 0.05078125
1 0.35078125 0.39375 0.05703125 0.0484375
0 0.06328125 0.54453125 0.07421875 0.06953125
0 0.565625 0.390625 0.05 0.06171875
0 0.48046875 0.4640625 0.06796875 0.09609375
0 0.51015625 0.390625 0.053125 0.05625
0 0.9 0.34453125 0.06328125 0.06015625
1 0.69609375 0.47890625 0.08671875 0.0765625
0 0.91171875 0.80390625 0.11484375 0.17890625
0 0.40390625 0.38046875 0.05 0.0609375
1 0.45703125 0.38828125 0.05546875 0.04140625
0 0.19609375 0.3890625 0.05 0.05
0 0.9140625 0.4734375 0.07890625 0.09296875
1 0.57265625 0.30078125 0.03828125 0.021875
1 0.340625 0.315625 0.0375 0.02109375
1 0.54375 0.2765625 0.03203125 0.0140625
1 0.5359375 0.30078125 0.0390625 0.021875
1 0.6078125 0.303125 0.03515625 0.021875
1 0.7171875 0.3046875 0.03515625 0.0203125
1 0.49296875 0.31796875 0.03828125 0.0234375
1 0.45625 0.31796875 0.03359375 0.0234375
1 0.89375 0.39609375 0.06015625 0.05390625
1 0.37734375 0.31796875 0.03828125 0.02109375
1 0.753125 0.26953125 0.0328125 0.01953125
1 0.78828125 0.27890625 0.03203125 0.015625
1 0.425 0.29921875 0.03359375 0.01953125
0 0.6203125 0.47578125 0.06171875 0.07421875
1 0.48671875 0.2609375 0.0296875 0.01953125
1 0.3046875 0.31640625 0.03515625 0.01875
1 0.64296875 0.32265625 0.03125 0.0234375
1 0.60625 0.27890625 0.03046875 0.01171875
1 0.575 0.27890625 0.0328125 0.01171875
1 0.51328125 0.27265625 0.03125 0.015625
1 0.640625 0.30078125 0.0328125 0.021875
0 0.24375 0.34921875 0.04296875 0.03984375
1 0.69453125 0.3234375 0.03046875 0.021875
1 0.42265625 0.27265625 0.03125 0.015625
1 0.41328125 0.32265625 0.0390625 0.0234375
1 0.45625 0.26953125 0.03046875 0.0140625
1 0.78984375 0.30546875 0.03203125 0.021875
0 0.49921875 0.95546875 0.14140625 0.08671875
1 0.67265625 0.30546875 0.0328125 0.01875
1 0.39140625 0.27890625 0.0328125 0.01796875
1 0.63125 0.26875 0.03046875 0.01640625
1 0.83984375 0.32109375 0.03515625 0.028125
1 0.82109375 0.29453125 0.0375 0.03828125
1 0.56796875 0.3515625 0.04296875 0.0359375
1 0.73203125 0.33203125 0.0359375 0.040625
1 0.7171875 0.27109375 0.0359375 0.021875
1 0.39140625 0.2984375 0.0359375 0.01875
1 0.57734375 0.26171875 0.03046875 0.01640625
1 0.80390625 0.3390625 0.04296875 0.04609375
1 0.525 0.35078125 0.04453125 0.03125
1 0.85078125 0.35390625 0.04609375 0.0453125
1 0.66875 0.34296875 0.04140625 0.03046875
1 0.615625 0.34921875 0.0328125 0.02890625
1 0.9421875 0.3359375 0.0390625 0.05859375
0 0.85546875 0.29921875 0.0296875 0.03203125
1 0.878125 0.571875 0.1015625 0.10546875