0 0.38125 0.559375 0.0921875 0.0890625
0 0.72109375 0.55546875 0.0859375 0.0921875
1 0.46328125 0.5578125 0.0890625 0.090625
0 0.54921875 0.55703125 0.0859375 0.0890625
0 0.6359375 0.55703125 0.084375 0.0875
1 0.80234375 0.55625 0.090625 0.0953125
1 0.27890625 0.80859375 0.1421875 0.2
0 0.3984375 0.81015625 0.140625 0.190625
0 0.159375 0.7828125 0.13125 0.1953125
0 0.05546875 0.77578125 0.1 0.2109375
0 0.9625 0.54296875 0.075 0.1046875
0 0.665625 0.80390625 0.134375 0.2078125
0 0.296875 0.56328125 0.084375 0.078125
1 0.3578125 0.95078125 0.1875 0.0984375
0 0.53359375 0.80625 0.1359375 0.2203125
1 0.54921875 0.47734375 0.0890625 0.078125
1 0.88359375 0.5515625 0.0921875 0.09375
0 0.76796875 0.471875 0.0703125 0.0859375
0 0.21953125 0.5640625 0.0828125 0.071875
0 0.72734375 0.37890625 0.0625 0.0734375
1 0.78203125 0.38125 0.0609375 0.065625
0 0.1390625 0.5609375 0.0859375 0.075
1 0.8375 0.47421875 0.0796875 0.0796875
0 0.8359375 0.3765625 0.065625 0.075
0 0.615625 0.3828125 0.0546875 0.06875
1 0.671875 0.38671875 0.0625 0.0640625
0 0.2953125 0.39296875 0.0515625 0.0609375
0 0.47890625 0.46640625 0.0703125 0.09375
0 0.409375 0.4640625 0.0828125 0.1
0 0.5609375 0.38828125 0.053125 0.0609375
0 0.9203125 0.7859375 0.121875 0.1875
1 0.23828125 0.40390625 0.0578125 0.0515625
1 0.6953125 0.471875 0.0875 0.0765625
1 0.34609375 0.39921875 0.059375 0.05
0 0.50703125 0.39140625 0.05625 0.05625
1 0.79609375 0.815625 0.15 0.221875
0 0.0640625 0.55703125 0.0765625 0.075
0 0.19140625 0.4 0.0515625 0.053125
0 0.91328125 0.46171875 0.0796875 0.0921875
1 0.45234375 0.38984375 0.05625 0.04375
0 0.3984375 0.38515625 0.0515625 0.0578125
0 0.18984375 0.94140625 0.1671875 0.1171875
1 0.88984375 0.384375 0.0609375 0.0515625
1 0.3359375 0.32109375 0.0375 0.021875
0 0.89453125 0.3328125 0.0640625 0.0578125
1 0.565625 0.2984375 0.0390625 0.0234375
1 0.71015625 0.29609375 0.0359375 0.021875
1 0.5359375 0.275 0.0328125 0.015625
1 0.4859375 0.31953125 0.040625 0.025
1 0.52890625 0.3 0.0390625 0.0234375
1 0.45 0.31953125 0.0359375 0.025
1 0.60078125 0.29921875 0.034375 0.0203125
1 0.771875 0.25703125 0.0359375 0.0203125
1 0.37109375 0.3234375 0.0390625 0.0234375
1 0.7140625 0.25859375 0.0375 0.0203125
1 0.41875 0.3015625 0.0328125 0.0203125
1 0.68828125 0.3140625 0.0296875 0.021875
1 0.4078125 0.32578125 0.0421875 0.025
1 0.50625 0.27265625 0.03125 0.0171875
1 0.47890625 0.2671875 0.0296875 0.015625
1 0.56796875 0.26328125 0.03125 0.01875
0 0.0140625 0.5578125 0.0265625 0.0625
1 0.6359375 0.31875 0.03125 0.0234375
0 0.62421875 0.47109375 0.06875 0.071875
1 0.78203125 0.2953125 0.0359375 0.0234375
1 0.5984375 0.275 0.0296875 0.0125
1 0.2984375 0.3234375 0.0390625 0.021875
0 0.23828125 0.3578125 0.0453125 0.0421875
1 0.6640625 0.2921875 0.03125 0.025
1 0.6328125 0.296875 0.0328125 0.021875
1 0.62734375 0.27890625 0.03125 0.015625
1 0.415625 0.27578125 0.03125 0.0171875
1 0.44921875 0.26953125 0.03125 0.0125
1 0.5125 0.35078125 0.05 0.034375
1 0.5625 0.3484375 0.04375 0.0359375
1 0.384375 0.30234375 0.0375 0.021875
1 0.621875 0.26171875 0.03125 0.0171875
1 0.6109375 0.34453125 0.034375 0.0265625
1 0.81796875 0.28828125 0.0390625 0.0328125
0 0.51875 0.95234375 0.1625 0.0953125
1 0.6859375 0.2671875 0.025 0.0203125
1 0.725 0.32578125 0.0390625 0.0421875
0 0.99140625 0.77578125 0.0171875 0.2296875
1 0.46875 0.35625 0.046875 0.03125
1 0.7984375 0.328125 0.0484375 0.04375
1 0.66328125 0.34296875 0.0453125 0.0328125
1 0.38515625 0.278125 0.03125 0.01875
1 0.390625 0.359375 0.0421875 0.0296875