0 0.37890625 0.55546875 0.08984375 0.08671875
0 0.71875 0.56328125 0.08359375 0.08984375
1 0.4609375 0.55625 0.0859375 0.08828125
0 0.546875 0.55859375 0.08359375 0.0859375
0 0.63359375 0.56171875 0.08203125 0.08515625
1 0.8 0.56640625 0.08671875 0.09296875
1 0.26796875 0.80078125 0.1359375 0.1953125
0 0.3875 0.80625 0.13359375 0.1859375
0 0.15 0.77109375 0.125 0.190625
0 0.04609375 0.76015625 0.0921875 0.2078125
0 0.9625 0.56015625 0.0734375 0.1015625
0 0.6546875 0.809375 0.12734375 0.203125
0 0.29453125 0.55625 0.08125 0.075
1 0.3421875 0.95 0.184375 0.1
0 0.52265625 0.80703125 0.12890625 0.21640625
1 0.55 0.47890625 0.08671875 0.075
1 0.88125 0.56484375 0.08984375 0.090625
0 0.76875 0.48125 0.06796875 0.084375
0 0.2171875 0.55390625 0.0796875 0.06953125
0 0.73125 0.38671875 0.06015625 0.071875
1 0.7859375 0.39140625 0.05859375 0.06328125
0 0.1375 0.5484375 0.0828125 0.071875
1 0.83828125 0.4859375 0.0765625 0.0765625
0 0.83984375 0.38828125 0.06328125 0.0734375
0 0.61953125 0.38671875 0.05234375 0.06640625
1 0.67578125 0.39296875 0.06015625 0.06171875
0 0.29921875 0.3859375 0.05 0.05859375
0 0.48046875 0.465625 0.0671875 0.09140625
0 0.4109375 0.4609375 0.0796875 0.096875
0 0.56484375 0.390625 0.05078125 0.05859375
0 0.91015625 0.80078125 0.115625 0.18359375
1 0.2421875 0.39453125 0.05546875 0.05
1 0.69609375 0.47890625 0.08515625 0.0734375
1 0.35 0.39375 0.05703125 0.0484375
0 0.5109375 0.39140625 0.05390625 0.05390625
1 0.78515625 0.82578125 0.14296875 0.21640625
0 0.0625 0.54140625 0.0734375 0.071875
0 0.1953125 0.3890625 0.04921875 0.0515625
0 0.9140625 0.47578125 0.07734375 0.0890625
1 0.45625 0.38828125 0.05546875 0.04140625
0 0.40234375 0.38203125 0.05 0.05546875
0 0.17421875 0.93671875 0.16328125 0.12421875
1 0.89375 0.3984375 0.05859375 0.05
1 0.3421875 0.315625 0.03671875 0.02109375
0 0.9 0.346875 0.0625 0.05625
1 0.57265625 0.30078125 0.03828125 0.021875
1 0.7171875 0.30390625 0.0359375 0.02109375
1 0.54375 0.2765625 0.03203125 0.0140625
1 0.4921875 0.31953125 0.0390625 0.0234375
1 0.5359375 0.30078125 0.0390625 0.021875
1 0.45625 0.31796875 0.03515625 0.0234375
1 0.6078125 0.303125 0.03359375 0.01875
1 0.78046875 0.26640625 0.0359375 0.01875
1 0.37734375 0.31875 0.03828125 0.021875
1 0.72265625 0.26640625 0.03671875 0.01875
1 0.42578125 0.29921875 0.03203125 0.01953125
1 0.69453125 0.32109375 0.02890625 0.0203125
1 0.4140625 0.32265625 0.04140625 0.0234375
1 0.5140625 0.27265625 0.03046875 0.015625
1 0.48671875 0.26640625 0.02890625 0.01484375
1 0.5765625 0.265625 0.03046875 0.01796875
0 0.0125 0.540625 0.025 0.06171875
1 0.6421875 0.3234375 0.03046875 0.021875
0 0.625 0.47578125 0.06640625 0.0703125
1 0.7890625 0.30546875 0.03515625 0.021875
1 0.60625 0.27890625 0.0296875 0.01171875
1 0.3046875 0.31640625 0.03828125 0.0203125
0 0.24375 0.3484375 0.04375 0.040625
1 0.67109375 0.29765625 0.03046875 0.0234375
1 0.63984375 0.3015625 0.03203125 0.02109375
1 0.63515625 0.28359375 0.03046875 0.0140625
1 0.4234375 0.27265625 0.03046875 0.015625
1 0.45703125 0.26796875 0.03046875 0.01171875
1 0.51796875 0.3515625 0.04921875 0.03203125
1 0.56796875 0.35078125 0.04296875 0.03515625
1 0.39140625 0.2984375 0.03671875 0.0203125
1 0.63046875 0.26640625 0.03046875 0.01640625
1 0.61640625 0.3484375 0.03359375 0.02578125
1 0.825 0.29921875 0.03828125 0.03203125
0 0.50390625 0.95390625 0.159375 0.08984375
1 0.69375 0.2734375 0.025 0.01875
1 0.73125 0.33359375 0.03828125 0.04140625
0 0.9875 0.79296875 0.02109375 0.22890625
1 0.4734375 0.35546875 0.0453125 0.0296875
1 0.80390625 0.33828125 0.04765625 0.04140625
1 0.66875 0.3484375 0.04375 0.03125
1 0.39296875 0.27421875 0.03125 0.01796875
1 0.3953125 0.35546875 0.04140625 0.028125