0 0.603125 0.8 0.1 0.1015625
1 0.85390625 0.75546875 0.10625 0.1078125
1 0.51640625 0.81328125 0.1015625 0.103125
0 0.4328125 0.8296875 0.1046875 0.0984375
0 0.68828125 0.7875 0.096875 0.0984375
0 0.771875 0.7703125 0.103125 0.10625
0 0.98203125 0.71875 0.0359375 0.109375
0 0.2765625 0.85078125 0.1 0.0875
1 0.87578125 0.67265625 0.096875 0.09375
1 0.59453125 0.7203125 0.0953125 0.096875
1 0.809375 0.5921875 0.075 0.078125
0 0.4546875 0.73046875 0.0953125 0.1140625
1 0.7015625 0.6125 0.0734375 0.084375
0 0.8609375 0.5734375 0.08125 0.0890625
0 0.32890625 0.678125 0.0671875 0.071875
0 0.6453125 0.61953125 0.06875 0.0796875
1 0.7359375 0.69375 0.096875 0.0984375
0 0.590625 0.6296875 0.0640625 0.0734375
0 0.66484375 0.7078125 0.0875 0.0953125
0 0.7546875 0.59609375 0.075 0.0875
0 0.5359375 0.6453125 0.0640625 0.0640625
1 0.38046875 0.675 0.0640625 0.05625
1 0.27421875 0.69140625 0.0703125 0.065625
0 0.22265625 0.6921875 0.0671875 0.0640625
1 0.48515625 0.65390625 0.0671875 0.05625
1 0.91328125 0.5703125 0.0703125 0.06875
0 0.95 0.64609375 0.1 0.1078125
1 0.609375 0.51015625 0.034375 0.025
0 0.12109375 0.8640625 0.0890625 0.08125
0 0.91171875 0.5234375 0.0765625 0.06875
1 0.7234375 0.51796875 0.0421875 0.0296875
1 0.52109375 0.525 0.0359375 0.025
0 0.45234375 0.61875 0.046875 0.040625
0 0.26640625 0.646875 0.053125 0.04375
1 0.61796875 0.5390625 0.0390625 0.0265625
1 0.5828125 0.5609375 0.04375 0.0296875
1 0.54453125 0.5671875 0.0453125 0.0296875
1 0.4625 0.5328125 0.034375 0.021875
1 0.3578125 0.59453125 0.0390625 0.0265625
1 0.43828125 0.5671875 0.0375 0.025
1 0.40234375 0.57109375 0.040625 0.028125
1 0.4703125 0.58046875 0.0421875 0.028125
1 0.728125 0.4890625 0.034375 0.0203125
0 0.42890625 0.65625 0.071875 0.06875
1 0.58125 0.51953125 0.0375 0.025
1 0.853125 0.51015625 0.0515625 0.0390625
1 0.78828125 0.478125 0.0375 0.021875
1 0.6984375 0.49375 0.0328125 0.021875
1 0.32265625 0.6 0.0359375 0.025
1 0.36640625 0.6359375 0.0546875 0.03125
1 0.68203125 0.51796875 0.0359375 0.03125
1 0.8234375 0.484375 0.046875 0.0390625
1 0.425 0.59296875 0.040625 0.03125
1 0.77265625 0.52421875 0.0453125 0.034375
1 0.50859375 0.55859375 0.04375 0.025
1 0.64609375 0.51875 0.040625 0.028125
1 0.40078125 0.546875 0.034375 0.01875
1 0.43125 0.53046875 0.0328125 0.0203125
1 0.5890625 0.59140625 0.0515625 0.0359375
1 0.28828125 0.59921875 0.040625 0.0296875
1 0.81640625 0.53984375 0.0546875 0.046875
1 0.70234375 0.53984375 0.040625 0.0265625
1 0.31484375 0.64609375 0.0578125 0.034375
1 0.66015625 0.546875 0.0453125 0.028125
1 0.4953125 0.6125 0.0515625 0.0375
1 0.671875 0.49296875 0.0328125 0.0265625
0 0.859375 0.4859375 0.0421875 0.0375
1 0.63125 0.58125 0.046875 0.0359375
0 0.06484375 0.8171875 0.0453125 0.0796875
0 0.11796875 0.77421875 0.084375 0.071875
0 0.215625 0.65 0.0484375 0.0390625
1 0.63671875 0.49609375 0.0359375 0.0265625
1 0.23046875 0.640625 0.0390625 0.0390625
1 0.3328125 0.575 0.040625 0.03125
1 0.14375 0.73984375 0.059375 0.053125
1 0.2609375 0.6203125 0.0390625 0.03125
0 0.9625 0.89375 0.075 0.071875
1 0.54609375 0.60390625 0.0515625 0.0390625
1 0.9890625 0.55234375 0.021875 0.0578125
0 0.19609375 0.834375 0.06875 0.0796875
0 0.35625 0.81015625 0.078125 0.1015625
1 0.9375 0.7421875 0.1 0.078125