0 0.1390625 0.74296875 0.09140625 0.09140625
0 0.22734375 0.7390625 0.0875 0.0890625
0 0.3953125 0.72421875 0.08515625 0.08828125
0 0.31171875 0.73046875 0.0875 0.0890625
1 0.38671875 0.9390625 0.15859375 0.11875
0 0.25625 0.94921875 0.13671875 0.096875
1 0.47421875 0.7140625 0.08671875 0.08515625
0 0.053125 0.74453125 0.08671875 0.08828125
0 0.51015625 0.92421875 0.128125 0.14921875
0 0.6328125 0.9015625 0.14765625 0.1953125
0 0.55859375 0.69609375 0.08984375 0.1
0 0.31953125 0.55625 0.0578125 0.075
0 0.1546875 0.57890625 0.0546875 0.0546875
0 0.7015625 0.67265625 0.08203125 0.0953125
0 0.42578125 0.5484375 0.06328125 0.078125
1 0.76953125 0.67421875 0.07265625 0.07109375
0 0.1265625 0.953125 0.1375 0.09296875
0 0.8265625 0.65703125 0.0875 0.08359375
1 0.26640625 0.56640625 0.05859375 0.06328125
1 0.42421875 0.64296875 0.0890625 0.0734375
1 0.38046875 0.56015625 0.05 0.06875
0 0.21015625 0.565625 0.05625 0.06796875
0 0.09921875 0.58125 0.05546875 0.05625
1 0.040625 0.5859375 0.0609375 0.053125
0 0.35390625 0.64296875 0.06484375 0.075
1 0.47734375 0.55390625 0.05703125 0.0546875
0 0.496875 0.63125 0.06796875 0.08203125
1 0.19375 0.4734375 0.03671875 0.040625
0 0.06640625 0.66328125 0.07734375 0.0765625
1 0.15703125 0.50234375 0.03515625 0.01875
1 0.15859375 0.4734375 0.03515625 0.0390625
1 0.3890625 0.48828125 0.03828125 0.03203125
1 0.3140625 0.49453125 0.03671875 0.01953125
1 0.30390625 0.47421875 0.034375 0.025
1 0.2875 0.64921875 0.08203125 0.0734375
1 0.078125 0.50703125 0.04140625 0.02578125
1 0.125 0.4734375 0.03671875 0.03671875
1 0.228125 0.47109375 0.03671875 0.0390625
1 0.04453125 0.4890625 0.0359375 0.0203125
1 0.059375 0.54140625 0.04921875 0.04296875
1 0.3125 0.4484375 0.03203125 0.01875
1 0.37265625 0.4703125 0.0375 0.01328125
1 0.37265625 0.44609375 0.03046875 0.01640625
1 0.06796875 0.4609375 0.025 0.0140625
1 0.0734375 0.44609375 0.02734375 0.0203125
1 0.11796875 0.50390625 0.03984375 0.0265625
0 0.625 0.53515625 0.0578125 0.059375
0 0.4875 0.50078125 0.0484375 0.05390625
0 0.2171875 0.65546875 0.06953125 0.08125
1 0.14453125 0.66796875 0.07734375 0.065625
1 0.09921875 0.46328125 0.028125 0.01484375
1 0.1015625 0.44609375 0.02890625 0.0203125
0 0.55703125 0.59140625 0.07421875 0.06328125
1 0.98203125 0.96171875 0.03359375 0.06875
1 0.04296875 0.44609375 0.02734375 0.0203125
0 0.89765625 0.96796875 0.20078125 0.06171875
1 0.01328125 0.48671875 0.02578125 0.02578125
1 0.52265625 0.49609375 0.03203125 0.05390625
0 0.3484375 0.50078125 0.040625 0.04609375
1 0.4359375 0.49296875 0.0390625 0.03828125
1 0.175 0.53203125 0.0328125 0.04453125
1 0.56953125 0.54140625 0.05234375 0.0390625
0 0.03046875 0.94765625 0.0609375 0.1015625
0 0.93203125 0.86796875 0.13515625 0.15859375
1 0.0125 0.44609375 0.025 0.0203125
0 0.7359375 0.88671875 0.090625 0.175
0 0.85 0.859375 0.10546875 0.12578125
1 0.19609375 0.50234375 0.040625 0.0203125
1 0.23671875 0.5046875 0.0453125 0.021875
1 0.27578125 0.5015625 0.0421875 0.025
1 0.084375 0.48828125 0.03828125 0.0125
1 0.13046875 0.4609375 0.03046875 0.0125
1 0.1328125 0.446875 0.02890625 0.01328125
1 0.16328125 0.446875 0.02734375 0.01953125
1 0.1921875 0.44609375 0.02578125 0.0109375
1 0.21953125 0.44296875 0.02734375 0.01171875
1 0.33671875 0.47265625 0.03671875 0.0109375
1 0.34375 0.45 0.0328125 0.0125
1 0.334375 0.4390625 0.0296875 0.009375
1 0.36328125 0.43515625 0.028125 0.01015625
1 0.4046875 0.4453125 0.03515625 0.0140625
1 0.39140625 0.4328125 0.028125 0.015625
0 0.69375 0.57265625 0.06328125 0.06015625
0 0.75 0.5765625 0.0453125 0.065625