0 0.53828125 0.81484375 0.0890625 0.090625
1 0.79296875 0.8234375 0.09375 0.096875
1 0.45078125 0.81015625 0.0890625 0.0921875
0 0.365625 0.80859375 0.09375 0.0875
0 0.62421875 0.8203125 0.0859375 0.0890625
0 0.71015625 0.82109375 0.0921875 0.09375
0 0.9515625 0.81953125 0.075 0.1015625
0 0.20859375 0.79609375 0.0921875 0.0765625
1 0.83125 0.746875 0.0859375 0.0828125
1 0.546875 0.73515625 0.084375 0.0875
1 0.7828125 0.6546875 0.065625 0.0703125
0 0.4078125 0.715625 0.08125 0.1046875
1 0.6734375 0.65234375 0.0640625 0.0765625
0 0.83828125 0.646875 0.0703125 0.0796875
0 0.29609375 0.6390625 0.059375 0.065625
0 0.61796875 0.646875 0.059375 0.0734375
1 0.68984375 0.7390625 0.0859375 0.0875
0 0.56171875 0.64609375 0.05625 0.0671875
0 0.61796875 0.7375 0.0765625 0.0875
0 0.7296875 0.646875 0.0640625 0.0796875
0 0.5046875 0.64921875 0.0578125 0.05625
1 0.34609375 0.64609375 0.059375 0.0484375
1 0.23984375 0.63984375 0.0640625 0.0578125
0 0.1890625 0.63046875 0.059375 0.0578125
1 0.453125 0.64765625 0.0609375 0.0484375
1 0.8890625 0.6546875 0.0625 0.0609375
0 0.9140625 0.7375 0.0953125 0.096875
1 0.60546875 0.5328125 0.03125 0.0203125
0 0.053125 0.77734375 0.08125 0.0703125
0 0.89765625 0.60859375 0.06875 0.0609375
1 0.71484375 0.5640625 0.040625 0.025
1 0.515625 0.52890625 0.034375 0.0203125
0 0.42890625 0.60625 0.0421875 0.0359375
0 0.24140625 0.5953125 0.0484375 0.0375
1 0.60703125 0.5625 0.0375 0.021875
1 0.56875 0.5765625 0.040625 0.025
1 0.5296875 0.575 0.04375 0.025
1 0.45625 0.52421875 0.0328125 0.0171875
1 0.34140625 0.56328125 0.0359375 0.021875
1 0.42578125 0.553125 0.0359375 0.0203125
1 0.38984375 0.54921875 0.0375 0.0234375
1 0.4546875 0.57265625 0.0390625 0.021875
1 0.72578125 0.53671875 0.0328125 0.0171875
0 0.3984375 0.63828125 0.0640625 0.0609375
1 0.575 0.5359375 0.0359375 0.0203125
1 0.84375 0.5828125 0.046875 0.0328125
1 0.78671875 0.53828125 0.0359375 0.0171875
1 0.69609375 0.53515625 0.0296875 0.0171875
1 0.30546875 0.5609375 0.034375 0.0203125
1 0.340625 0.60546875 0.0515625 0.025
1 0.67421875 0.55546875 0.0328125 0.028125
1 0.81953125 0.5515625 0.0421875 0.0328125
1 0.4078125 0.57578125 0.0375 0.0265625
1 0.76171875 0.58046875 0.0421875 0.0296875
1 0.49609375 0.559375 0.0421875 0.0203125
1 0.6390625 0.5484375 0.0375 0.0234375
1 0.39375 0.525 0.0328125 0.015625
1 0.4265625 0.515625 0.03125 0.0171875
1 0.56796875 0.6078125 0.0484375 0.0296875
1 0.271875 0.553125 0.0375 0.025
1 0.8015625 0.60546875 0.05 0.040625
1 0.68984375 0.58125 0.0375 0.021875
1 0.28828125 0.6046875 0.0546875 0.028125
1 0.646875 0.5796875 0.04375 0.021875
1 0.471875 0.609375 0.0484375 0.03125
1 0.66953125 0.52890625 0.0296875 0.021875
0 0.8546875 0.5609375 0.0375 0.0328125
1 0.6109375 0.60703125 0.04375 0.0296875
0 0.0125 0.71953125 0.025 0.0765625
0 0.06875 0.6890625 0.078125 0.0625
0 0.190625 0.5875 0.0453125 0.0328125
1 0.634375 0.52421875 0.034375 0.021875
1 0.20703125 0.58125 0.0359375 0.034375
1 0.32109375 0.53828125 0.0390625 0.0265625
1 0.10234375 0.66015625 0.053125 0.046875
1 0.24140625 0.56796875 0.0359375 0.0265625
0 0.8984375 0.9796875 0.125 0.040625
1 0.5234375 0.6109375 0.0484375 0.0328125
1 0.97734375 0.6546875 0.0359375 0.0546875
0 0.13359375 0.7640625 0.059375 0.071875
0 0.2953125 0.7734375 0.065625 0.09375
1 0.878125 0.828125 0.0921875 0.0671875