0 0.13984375 0.74375 0.0890625 0.0890625
0 0.22890625 0.73828125 0.08515625 0.08828125
0 0.25703125 0.94921875 0.13515625 0.09921875
0 0.3953125 0.7234375 0.08515625 0.08671875
1 0.3875 0.940625 0.15703125 0.11796875
0 0.31171875 0.73125 0.0875 0.08984375
1 0.47421875 0.71328125 0.08671875 0.0859375
0 0.51171875 0.92421875 0.12578125 0.14921875
0 0.05234375 0.74609375 0.08671875 0.08671875
0 0.55859375 0.69609375 0.08984375 0.1
0 0.63125 0.9015625 0.14609375 0.19375
0 0.3203125 0.55703125 0.06015625 0.07421875
0 0.70078125 0.6734375 0.08203125 0.09453125
0 0.128125 0.95078125 0.1296875 0.09609375
1 0.76796875 0.67421875 0.0734375 0.075
0 0.82578125 0.65546875 0.0875 0.08125
0 0.1546875 0.578125 0.0546875 0.05546875
1 0.375 0.56171875 0.06015625 0.06484375
0 0.425 0.54765625 0.06328125 0.0734375
0 0.21015625 0.56640625 0.05546875 0.06328125
1 0.26640625 0.56796875 0.05859375 0.06015625
0 0.09921875 0.57890625 0.05703125 0.05625
0 0.35234375 0.64140625 0.06015625 0.07421875
1 0.04140625 0.58359375 0.0625 0.05078125
1 0.47890625 0.55625 0.06015625 0.0546875
0 0.06640625 0.66171875 0.07734375 0.0796875
0 0.49765625 0.628125 0.07734375 0.08125
1 0.415625 0.640625 0.08359375 0.0734375
1 0.1 0.4609375 0.0265625 0.01640625
1 0.1015625 0.44609375 0.0296875 0.0203125
1 0.07265625 0.44609375 0.028125 0.021875
1 0.2875 0.65078125 0.08046875 0.071875
1 0.3890625 0.48828125 0.03984375 0.03203125
1 0.15859375 0.4734375 0.03515625 0.03671875
0 0.2171875 0.65703125 0.06953125 0.078125
1 0.07734375 0.50703125 0.04140625 0.02578125
1 0.19375 0.4734375 0.03671875 0.0390625
1 0.30390625 0.47578125 0.034375 0.02421875
1 0.13125 0.44453125 0.0296875 0.0203125
1 0.0359375 0.46015625 0.028125 0.01484375
1 0.04296875 0.44609375 0.02890625 0.0203125
1 0.04453125 0.4890625 0.03671875 0.01875
1 0.11796875 0.50390625 0.03984375 0.0265625
1 0.14375 0.66875 0.07890625 0.06484375
1 0.3125 0.4484375 0.03203125 0.01875
1 0.16171875 0.44375 0.03046875 0.021875
1 0.37265625 0.44609375 0.03125 0.01640625
1 0.98203125 0.96171875 0.03359375 0.06875
1 0.12421875 0.47421875 0.03671875 0.03203125
1 0.01328125 0.48828125 0.0265625 0.0234375
0 0.009375 0.58359375 0.01796875 0.07109375
0 0.03125 0.9453125 0.0625 0.10625
1 0.2296875 0.47265625 0.03671875 0.0359375
0 0.4859375 0.49921875 0.05390625 0.05625
1 0.0125 0.44609375 0.025 0.0203125
0 0.625 0.53515625 0.0609375 0.059375
0 0.9046875 0.96875 0.18671875 0.0609375
1 0.17578125 0.53046875 0.03515625 0.04296875
1 0.01171875 0.465625 0.0234375 0.01875
0 0.9328125 0.86640625 0.13203125 0.1609375
1 0.4328125 0.49140625 0.04296875 0.03671875
1 0.52265625 0.496875 0.0359375 0.0546875
0 0.97109375 0.61015625 0.0546875 0.1015625
0 0.0140625 0.52578125 0.02734375 0.0484375
1 0.03828125 0.5078125 0.03046875 0.0234375
1 0.0859375 0.48671875 0.0328125 0.01328125
1 0.06796875 0.4625 0.02734375 0.01171875
1 0.19453125 0.4578125 0.03125 0.0125
1 0.21875 0.44453125 0.03046875 0.01171875
1 0.19140625 0.44375 0.02578125 0.01484375
1 0.15859375 0.5046875 0.04453125 0.01796875
1 0.196875 0.5 0.03984375 0.01640625
1 0.23515625 0.5 0.04296875 0.01875
1 0.3125 0.4984375 0.0390625 0.0203125
1 0.3453125 0.45 0.03359375 0.015625
1 0.40859375 0.4484375 0.03828125 0.01171875
1 0.52578125 0.54609375 0.0625 0.02421875
1 0.58359375 0.55234375 0.0609375 0.0359375
1 0.56640625 0.596875 0.0625 0.05859375
0 0.74609375 0.8953125 0.07265625 0.13359375
0 0.85390625 0.8546875 0.0875 0.1140625
0 0.6984375 0.57265625 0.04921875 0.08125
0 0.7578125 0.5828125 0.046875 0.08515625