0 0.3734375 0.5421875 0.0984375 0.0953125
0 0.7109375 0.5859375 0.0921875 0.0984375
1 0.45546875 0.5515625 0.0953125 0.096875
0 0.540625 0.56328125 0.0921875 0.09375
0 0.6265625 0.575 0.090625 0.09375
1 0.79140625 0.59765625 0.0953125 0.1015625
1 0.2375 0.775 0.15625 0.2078125
0 0.35625 0.79296875 0.1515625 0.1984375
0 0.1234375 0.7328125 0.14375 0.203125
0 0.0390625 0.7109375 0.078125 0.215625
0 0.95390625 0.6078125 0.084375 0.109375
0 0.621875 0.82421875 0.1484375 0.215625
0 0.28984375 0.534375 0.0890625 0.0828125
1 0.29609375 0.93125 0.19375 0.11875
0 0.490625 0.8078125 0.1515625 0.228125
1 0.5515625 0.484375 0.09375 0.084375
1 0.87265625 0.6046875 0.0984375 0.1
0 0.76953125 0.509375 0.0765625 0.090625
0 0.21328125 0.52421875 0.0859375 0.078125
0 0.7421875 0.41171875 0.0671875 0.078125
1 0.79609375 0.421875 0.065625 0.06875
0 0.134375 0.51015625 0.090625 0.0796875
1 0.83828125 0.52109375 0.084375 0.084375
0 0.85 0.42421875 0.0703125 0.0796875
0 0.63046875 0.4 0.059375 0.071875
1 0.6859375 0.41171875 0.065625 0.0671875
0 0.3125 0.365625 0.05625 0.0640625
0 0.484375 0.4640625 0.0765625 0.0984375
0 0.415625 0.4515625 0.0890625 0.1046875
0 0.57578125 0.39765625 0.05625 0.0640625
0 0.8765625 0.8421875 0.134375 0.1953125
1 0.2546875 0.36796875 0.0609375 0.05625
1 0.696875 0.49921875 0.0921875 0.08125
1 0.36171875 0.37890625 0.0625 0.0546875
0 0.521875 0.39296875 0.059375 0.059375
1 0.74921875 0.85390625 0.1640625 0.2296875
0 0.0609375 0.4953125 0.08125 0.0796875
0 0.20859375 0.3578125 0.0546875 0.05625
0 0.9140625 0.51953125 0.0859375 0.096875
1 0.46796875 0.384375 0.059375 0.046875
0 0.41484375 0.37265625 0.05625 0.0609375
0 0.13046875 0.9 0.175 0.140625
1 0.90234375 0.43984375 0.0640625 0.05625
1 0.3625 0.3 0.0390625 0.025
0 0.9140625 0.38984375 0.06875 0.0625
1 0.59296875 0.309375 0.040625 0.025
1 0.73671875 0.32734375 0.0375 0.025
1 0.5671875 0.28203125 0.0328125 0.0171875
1 0.5109375 0.31953125 0.040625 0.028125
1 0.55625 0.30546875 0.040625 0.0265625
1 0.47578125 0.3140625 0.0375 0.0265625
1 0.628125 0.315625 0.0359375 0.021875
1 0.803125 0.296875 0.0375 0.021875
1 0.396875 0.30703125 0.040625 0.025
1 0.74609375 0.290625 0.0390625 0.021875
1 0.446875 0.2921875 0.034375 0.0234375
1 0.7125 0.3421875 0.03125 0.0234375
1 0.4328125 0.31484375 0.04375 0.028125
1 0.5375 0.275 0.03125 0.01875
1 0.5109375 0.26640625 0.0296875 0.0171875
1 0.60078125 0.275 0.0328125 0.0203125
0 0.01328125 0.48828125 0.0265625 0.0640625
1 0.66015625 0.3390625 0.0328125 0.025
0 0.6265625 0.4890625 0.0734375 0.0765625
1 0.8078125 0.33671875 0.0375 0.025
1 0.62890625 0.29140625 0.03125 0.0140625
1 0.325 0.296875 0.040625 0.0234375
0 0.2609375 0.32265625 0.0484375 0.0453125
1 0.69140625 0.31640625 0.0328125 0.0265625
1 0.66015625 0.3171875 0.034375 0.025
1 0.65703125 0.29921875 0.03125 0.0171875
1 0.44765625 0.265625 0.03125 0.01875
1 0.48125 0.26484375 0.03125 0.0140625
1 0.53359375 0.35390625 0.0515625 0.0375
1 0.5828125 0.35859375 0.046875 0.0390625
1 0.41328125 0.28828125 0.0390625 0.0234375
1 0.65390625 0.28125 0.03125 0.01875
1 0.63125 0.36171875 0.0359375 0.0296875
1 0.84453125 0.334375 0.0421875 0.0359375
0 0.45546875 0.94921875 0.1671875 0.1015625
1 0.71640625 0.2953125 0.0265625 0.021875
1 0.74765625 0.35859375 0.0421875 0.0453125
0 0.95390625 0.8421875 0.0453125 0.2296875
1 0.4890625 0.353125 0.0484375 0.034375
1 0.81953125 0.37109375 0.0515625 0.046875
1 0.68359375 0.3671875 0.046875 0.0359375
1 0.4171875 0.2640625 0.0328125 0.021875
1 0.4109375 0.3453125 0.04375 0.0328125