0 0.5546875 0.55234375 0.09375 0.0953125
0 0.3859375 0.56796875 0.0984375 0.1
0 0.63984375 0.54453125 0.0921875 0.096875
1 0.46875 0.56015625 0.096875 0.0984375
0 0.72578125 0.53671875 0.0953125 0.103125
1 0.80546875 0.5296875 0.0984375 0.1046875
0 0.42421875 0.8125 0.1515625 0.2046875
0 0.08203125 0.8125 0.11875 0.215625
0 0.17890625 0.80703125 0.1421875 0.2125
1 0.39921875 0.95234375 0.1796875 0.0953125
0 0.9625 0.5015625 0.075 0.1125
0 0.22578125 0.58828125 0.0875 0.0796875
0 0.690625 0.8 0.1515625 0.2125
0 0.303125 0.57734375 0.0890625 0.090625
0 0.56015625 0.8015625 0.15 0.228125
0 0.2984375 0.81015625 0.1484375 0.221875
0 0.7640625 0.44609375 0.0796875 0.0921875
0 0.47734375 0.46796875 0.0796875 0.1015625
1 0.54765625 0.46953125 0.0890625 0.0875
0 0.14609375 0.59453125 0.09375 0.078125
1 0.77109375 0.359375 0.065625 0.0671875
0 0.715625 0.3609375 0.065625 0.0765625
0 0.6046875 0.371875 0.0609375 0.0734375
0 0.825 0.34765625 0.071875 0.0828125
0 0.071875 0.59453125 0.084375 0.0828125
1 0.834375 0.44453125 0.0859375 0.084375
0 0.10703125 0.95703125 0.1171875 0.0859375
1 0.6609375 0.37109375 0.065625 0.0671875
0 0.409375 0.47109375 0.084375 0.1078125
0 0.55078125 0.38359375 0.0578125 0.0640625
0 0.2859375 0.41171875 0.0625 0.0703125
1 0.23046875 0.428125 0.0609375 0.05625
0 0.496875 0.38984375 0.059375 0.059375
1 0.6921875 0.4546875 0.0921875 0.084375
0 0.2375 0.95 0.18125 0.1
1 0.3375 0.41015625 0.0625 0.0609375
0 0.87890625 0.296875 0.0703125 0.0671875
1 0.82265625 0.78671875 0.165625 0.228125
1 0.44296875 0.39453125 0.059375 0.0484375
0 0.38671875 0.3921875 0.0546875 0.065625
0 0.9390625 0.74765625 0.121875 0.1859375
0 0.90703125 0.42421875 0.0875 0.0984375
1 0.87890625 0.3484375 0.0640625 0.0578125
0 0.55859375 0.95078125 0.1546875 0.0984375
0 0.1875 0.4265625 0.053125 0.053125
1 0.54765625 0.3125 0.0390625 0.0296875
1 0.54765625 0.29375 0.040625 0.0265625
1 0.509375 0.315625 0.0359375 0.021875
1 0.51171875 0.29609375 0.040625 0.028125
1 0.31875 0.33671875 0.0390625 0.025
1 0.47109375 0.32109375 0.040625 0.0265625
1 0.70234375 0.29375 0.040625 0.0265625
1 0.69296875 0.27890625 0.0390625 0.025
1 0.434375 0.325 0.0359375 0.0296875
1 0.515625 0.27265625 0.0328125 0.0171875
1 0.5890625 0.309375 0.04375 0.01875
1 0.58359375 0.29140625 0.0359375 0.0234375
1 0.728125 0.271875 0.0390625 0.0234375
1 0.728125 0.24765625 0.034375 0.01875
1 0.35625 0.334375 0.040625 0.025
1 0.69453125 0.2421875 0.0390625 0.0234375
1 0.39921875 0.31015625 0.0375 0.0234375
1 0.6703125 0.3 0.03125 0.0234375
1 0.45625 0.278125 0.03125 0.01875
1 0.54921875 0.27109375 0.034375 0.015625
1 0.546875 0.25625 0.0328125 0.021875
1 0.60546875 0.2640625 0.0296875 0.0140625
1 0.6203125 0.30703125 0.034375 0.025
1 0.48515625 0.27265625 0.03125 0.01875
1 0.44140625 0.30546875 0.0375 0.01875
1 0.42890625 0.2765625 0.03125 0.0171875
1 0.3921875 0.334375 0.0421875 0.028125
1 0.28125 0.3421875 0.0359375 0.0234375
1 0.61640625 0.2875 0.034375 0.0234375
1 0.3953125 0.28359375 0.0328125 0.01875
1 0.5796875 0.26640625 0.03125 0.0171875
1 0.57578125 0.253125 0.03125 0.01875
1 0.8875 0.51875 0.1015625 0.1015625
1 0.81875 0.2828125 0.0453125 0.034375
1 0.78359375 0.30859375 0.0515625 0.0453125
1 0.6484375 0.28359375 0.034375 0.0234375
0 0.6203125 0.459375 0.075 0.08125
1 0.76484375 0.271875 0.0375 0.0265625
0 0.22890625 0.38125 0.05 0.046875
1 0.36953125 0.31796875 0.0359375 0.0265625
1 0.365625 0.29609375 0.034375 0.021875
1 0.76484375 0.2484375 0.040625 0.0296875
1 0.54921875 0.34453125 0.046875 0.0390625
1 0.45859375 0.3421875 0.0453125 0.028125
1 0.59765625 0.3359375 0.0375 0.03125
0 0.82890625 0.25859375 0.034375 0.0375
1 0.7515625 0.2328125 0.0359375 0.025
1 0.50703125 0.3515625 0.046875 0.0359375
1 0.665625 0.2515625 0.0265625 0.021875
1 0.64921875 0.325 0.0453125 0.034375
1 0.91875 0.28828125 0.04375 0.0609375
1 0.60390625 0.246875 0.0328125 0.01875
1 0.9296875 0.34296875 0.0703125 0.0484375
1 0.47578125 0.30078125 0.0390625 0.021875
1 0.52109375 0.26015625 0.0328125 0.01875
1 0.49140625 0.2625 0.0265625 0.021875
1 0.4625 0.2625 0.03125 0.0203125
1 0.33203125 0.31953125 0.028125 0.0234375