0 0.54765625 0.55859375 0.08359375 0.0859375
0 0.378125 0.55390625 0.08828125 0.08984375
0 0.63359375 0.5609375 0.08203125 0.08828125
1 0.46171875 0.55625 0.08671875 0.08828125
0 0.71953125 0.5640625 0.08515625 0.09296875
1 0.8 0.56640625 0.0875 0.09453125
0 0.38671875 0.80078125 0.12890625 0.190625
0 0.046875 0.759375 0.09375 0.20625
0 0.14375 0.765625 0.11875 0.19921875
1 0.34296875 0.94921875 0.16875 0.09921875
0 0.9625 0.55859375 0.07109375 0.1046875
0 0.2171875 0.55390625 0.0796875 0.07109375
0 0.65234375 0.82109375 0.128125 0.1984375
0 0.2953125 0.553125 0.08046875 0.08125
0 0.52265625 0.80625 0.125 0.2140625
0 0.26171875 0.78359375 0.12421875 0.20859375
0 0.76875 0.47890625 0.06953125 0.084375
0 0.48125 0.465625 0.06953125 0.09375
1 0.55078125 0.47578125 0.08046875 0.078125
0 0.1375 0.55078125 0.08671875 0.06875
1 0.7859375 0.39375 0.05859375 0.0609375
0 0.73125 0.38828125 0.05703125 0.06953125
0 0.61953125 0.3859375 0.05234375 0.06796875
0 0.84140625 0.38828125 0.06328125 0.075
0 0.06328125 0.54140625 0.07578125 0.07421875
1 0.83828125 0.4859375 0.07734375 0.075
0 0.05078125 0.93359375 0.1015625 0.13046875
1 0.67578125 0.39140625 0.05859375 0.0609375
0 0.41328125 0.46015625 0.07265625 0.1
0 0.56484375 0.390625 0.05078125 0.05859375
0 0.2984375 0.3859375 0.0546875 0.0640625
1 0.24140625 0.39609375 0.05546875 0.05
0 0.51015625 0.390625 0.05390625 0.053125
1 0.69609375 0.478125 0.08359375 0.07421875
0 0.18203125 0.93671875 0.1671875 0.125
1 0.35 0.39140625 0.05703125 0.05390625
0 0.90078125 0.34453125 0.06328125 0.06015625
1 0.78515625 0.82421875 0.14140625 0.21171875
1 0.45625 0.38828125 0.05546875 0.04140625
0 0.40078125 0.37890625 0.0484375 0.06015625
0 0.91484375 0.8015625 0.11953125 0.1734375
0 0.91328125 0.47421875 0.0765625 0.08984375
1 0.89453125 0.39609375 0.05859375 0.0515625
0 0.503125 0.95703125 0.1453125 0.084375
0 0.1984375 0.3890625 0.04765625 0.0484375
1 0.5703125 0.31953125 0.03671875 0.025
1 0.57265625 0.30078125 0.03828125 0.021875
1 0.53203125 0.31796875 0.03359375 0.01796875
1 0.53671875 0.29921875 0.03828125 0.0234375
1 0.33984375 0.315625 0.03671875 0.02109375
1 0.49296875 0.31875 0.03828125 0.021875
1 0.72578125 0.31953125 0.03828125 0.02265625
1 0.71875 0.30390625 0.03671875 0.02109375
1 0.45625 0.31796875 0.03359375 0.025
1 0.54296875 0.2765625 0.03203125 0.0140625
1 0.61171875 0.321875 0.04296875 0.01328125
1 0.60859375 0.303125 0.034375 0.01875
1 0.75390625 0.3015625 0.0375 0.01875
1 0.75703125 0.27734375 0.0328125 0.015625
1 0.37734375 0.31796875 0.03828125 0.02109375
1 0.72421875 0.26796875 0.03671875 0.01953125
1 0.4234375 0.29921875 0.03515625 0.01953125
1 0.69375 0.32265625 0.0296875 0.01953125
1 0.48359375 0.27421875 0.0296875 0.01484375
1 0.5765625 0.27890625 0.0328125 0.0109375
1 0.5765625 0.2640625 0.03046875 0.01875
1 0.63359375 0.27890625 0.02890625 0.01015625
1 0.64296875 0.3234375 0.03125 0.021875
1 0.51328125 0.27265625 0.02890625 0.015625
1 0.465625 0.3 0.03671875 0.0140625
1 0.45703125 0.26953125 0.0296875 0.0140625
1 0.41328125 0.32265625 0.03984375 0.0234375
1 0.30234375 0.31640625 0.034375 0.01875
1 0.64140625 0.303125 0.03203125 0.0203125
1 0.42265625 0.27265625 0.03125 0.015625
1 0.6078125 0.278125 0.03046875 0.01328125
1 0.60546875 0.2640625 0.0296875 0.015625
1 0.88203125 0.565625 0.09140625 0.09140625
1 0.84296875 0.3234375 0.04140625 0.0296875
1 0.8046875 0.34453125 0.046875 0.040625
1 0.6734375 0.303125 0.03203125 0.0203125
0 0.62421875 0.47421875 0.06640625 0.0734375
1 0.790625 0.30546875 0.034375 0.021875
0 0.2453125 0.34921875 0.04453125 0.04140625
1 0.39296875 0.303125 0.0328125 0.0234375
1 0.39140625 0.28125 0.0328125 0.01796875
1 0.79375 0.2828125 0.0375 0.025
1 0.56796875 0.3515625 0.04375 0.034375
1 0.478125 0.33828125 0.0421875 0.0234375
1 0.6171875 0.34921875 0.034375 0.0265625
0 0.85546875 0.30078125 0.03125 0.03359375
1 0.78203125 0.265625 0.03359375 0.02109375
1 0.525 0.353125 0.04375 0.03125
1 0.69453125 0.2734375 0.025 0.01875
1 0.66953125 0.34453125 0.0421875 0.0296875
1 0.94140625 0.340625 0.03671875 0.05625
1 0.63359375 0.26171875 0.03125 0.01484375
1 0.9453125 0.39609375 0.065625 0.04140625
1 0.5 0.29921875 0.03671875 0.01796875
1 0.55 0.26484375 0.03046875 0.01484375
1 0.5203125 0.26328125 0.025 0.01875
1 0.49140625 0.259375 0.0296875 0.01640625
1 0.35546875 0.30078125 0.02578125 0.0203125