0 0.3703125 0.53203125 0.1046875 0.1046875
1 0.45234375 0.5484375 0.1015625 0.1015625
0 0.70390625 0.60234375 0.1 0.1046875
0 0.53671875 0.56796875 0.096875 0.096875
0 0.6203125 0.58515625 0.096875 0.0984375
1 0.78359375 0.6171875 0.1046875 0.1109375
0 0.10234375 0.69921875 0.1484375 0.2125
0 0.3359375 0.77890625 0.1609375 0.209375
0 0.9453125 0.63828125 0.0890625 0.1171875
0 0.2125 0.5015625 0.0921875 0.0875
0 0.21484375 0.73984375 0.1609375 0.2234375
0 0.2890625 0.51640625 0.0953125 0.096875
0 0.5953125 0.84296875 0.1609375 0.2234375
0 0.4703125 0.80625 0.159375 0.228125
0 0.76875 0.52734375 0.084375 0.0953125
1 0.55390625 0.4875 0.0953125 0.0921875
0 0.134375 0.48515625 0.096875 0.0828125
0 0.7484375 0.428125 0.0703125 0.0859375
1 0.26015625 0.9140625 0.196875 0.1265625
0 0.109375 0.87265625 0.184375 0.1546875
0 0.85546875 0.4515625 0.075 0.084375
1 0.8359375 0.54609375 0.090625 0.0890625
1 0.8 0.44453125 0.06875 0.075
0 0.6375 0.40859375 0.065625 0.0796875
0 0.41953125 0.44375 0.096875 0.1109375
1 0.6921875 0.42421875 0.071875 0.075
0 0.321875 0.35234375 0.0609375 0.06875
1 0.725 0.86796875 0.1765625 0.234375
0 0.02265625 0.8484375 0.0453125 0.146875
1 0.2640625 0.3515625 0.0640625 0.059375
1 0.371875 0.36953125 0.0640625 0.0578125
0 0.0625 0.46796875 0.0859375 0.08125
0 0.58359375 0.40390625 0.059375 0.06875
0 0.48671875 0.4609375 0.084375 0.10625
0 0.52890625 0.39375 0.0625 0.0640625
0 0.92109375 0.41640625 0.0734375 0.0703125
1 0.696875 0.51328125 0.0984375 0.090625
0 0.85234375 0.87109375 0.14375 0.196875
0 0.42578125 0.365625 0.059375 0.06875
1 0.47734375 0.3828125 0.0625 0.05
0 0.2203125 0.33828125 0.0578125 0.0578125
0 0.9125 0.54609375 0.09375 0.1046875
1 0.60625 0.31640625 0.0421875 0.028125
1 0.375 0.290625 0.040625 0.0265625
1 0.58203125 0.2875 0.034375 0.01875
1 0.5703125 0.31015625 0.0421875 0.028125
1 0.640625 0.325 0.0390625 0.028125
1 0.74765625 0.3453125 0.0375 0.0265625
1 0.525 0.31953125 0.0421875 0.0296875
1 0.48828125 0.31328125 0.0375 0.0296875
1 0.90546875 0.46640625 0.06875 0.0640625
1 0.4109375 0.29921875 0.040625 0.028125
1 0.7890625 0.3171875 0.0359375 0.025
1 0.82265625 0.33203125 0.034375 0.0203125
1 0.4609375 0.2890625 0.0359375 0.025
0 0.62265625 0.496875 0.0734375 0.084375
1 0.528125 0.2625 0.0328125 0.025
1 0.33984375 0.28515625 0.0375 0.025
1 0.671875 0.35 0.034375 0.028125
1 0.64296875 0.30078125 0.0328125 0.0171875
1 0.6125 0.2953125 0.034375 0.0171875
1 0.55234375 0.278125 0.0328125 0.0203125
1 0.6734375 0.328125 0.0359375 0.0265625
0 0.2734375 0.30703125 0.05 0.046875
1 0.721875 0.36015625 0.034375 0.0265625
1 0.46328125 0.2625 0.0328125 0.0203125
1 0.4453125 0.31015625 0.0421875 0.0296875
1 0.496875 0.265625 0.0328125 0.01875
1 0.81953125 0.35859375 0.0359375 0.0265625
0 0.41953125 0.946875 0.1546875 0.10625
1 0.70390625 0.33828125 0.0359375 0.0234375
1 0.43125 0.26328125 0.0359375 0.0234375
1 0.66953125 0.2953125 0.0328125 0.021875
1 0.865625 0.3828125 0.0390625 0.034375
1 0.8515625 0.353125 0.04375 0.04375
1 0.59296875 0.365625 0.0484375 0.0421875
1 0.7578125 0.375 0.0421875 0.046875
1 0.75390625 0.3125 0.0390625 0.028125
1 0.428125 0.2828125 0.0390625 0.025
1 0.6171875 0.27890625 0.0328125 0.021875
1 0.82734375 0.39453125 0.05 0.053125
1 0.55078125 0.35703125 0.05 0.0390625
1 0.87109375 0.4171875 0.053125 0.053125
1 0.69375 0.375 0.0453125 0.0375
1 0.63984375 0.371875 0.0375 0.034375
1 0.9640625 0.41484375 0.0484375 0.0640625
0 0.88515625 0.3640625 0.034375 0.0359375
1 0.86015625 0.63671875 0.11875 0.121875