0 0.19765625 0.8125 0.1078125 0.1078125
0 0.2828125 0.790625 0.1046875 0.1046875
0 0.44453125 0.74140625 0.1015625 0.1046875
0 0.3640625 0.76484375 0.1046875 0.1046875
1 0.48046875 0.9390625 0.1796875 0.121875
0 0.3546875 0.9640625 0.153125 0.071875
1 0.51953125 0.71484375 0.103125 0.1015625
0 0.1140625 0.83203125 0.103125 0.1046875
0 0.5984375 0.9125 0.15625 0.171875
0 0.71328125 0.86484375 0.184375 0.221875
0 0.5984375 0.6796875 0.109375 0.1171875
0 0.33515625 0.5921875 0.071875 0.0859375
0 0.17890625 0.64921875 0.065625 0.065625
0 0.7328125 0.62734375 0.1 0.1109375
0 0.4375 0.5625 0.078125 0.0890625
1 0.8 0.6140625 0.0859375 0.084375
0 0.228125 0.98046875 0.153125 0.0390625
0 0.85234375 0.5859375 0.103125 0.1
1 0.28515625 0.61328125 0.0703125 0.0734375
1 0.45546875 0.65546875 0.103125 0.090625
1 0.3953125 0.58359375 0.0625 0.078125
0 0.23046875 0.62421875 0.06875 0.078125
0 0.125 0.6625 0.065625 0.0671875
1 0.06875 0.6796875 0.0703125 0.0640625
0 0.38671875 0.6703125 0.0796875 0.0875
1 0.4890625 0.5578125 0.0671875 0.065625
0 0.52421875 0.62890625 0.0828125 0.09375
1 0.19453125 0.5375 0.04375 0.046875
0 0.11015625 0.75 0.0921875 0.090625
1 0.16484375 0.5734375 0.0390625 0.025
1 0.16015625 0.5453125 0.0421875 0.0453125
1 0.3890625 0.51171875 0.04375 0.0390625
1 0.3171875 0.53359375 0.040625 0.0265625
1 0.303125 0.515625 0.0390625 0.03125
1 0.3234375 0.68984375 0.0953125 0.0890625
1 0.0890625 0.59453125 0.0453125 0.034375
1 0.12734375 0.55234375 0.04375 0.04375
1 0.228125 0.528125 0.04375 0.0453125
1 0.05234375 0.584375 0.0390625 0.0265625
1 0.07734375 0.63203125 0.0578125 0.0515625
1 0.30625 0.48828125 0.0359375 0.025
1 0.36953125 0.49765625 0.0390625 0.0203125
1 0.3640625 0.4734375 0.0328125 0.021875
1 0.06953125 0.5515625 0.028125 0.01875
1 0.071875 0.5359375 0.03125 0.025
1 0.12734375 0.58359375 0.04375 0.034375
0 0.6296875 0.50859375 0.06875 0.0703125
0 0.48828125 0.503125 0.0578125 0.0625
0 0.25546875 0.7109375 0.084375 0.09375
1 0.1875 0.73828125 0.0890625 0.0796875
1 0.1 0.54765625 0.03125 0.0203125
1 0.09921875 0.53046875 0.0328125 0.0265625
0 0.575 0.57734375 0.0859375 0.0765625
1 0.04140625 0.5421875 0.03125 0.025
0 0.940625 0.87421875 0.11875 0.1015625
1 0.02109375 0.58828125 0.03125 0.03125
1 0.52109375 0.49140625 0.0421875 0.059375
0 0.3515625 0.53203125 0.05 0.053125
1 0.4359375 0.50625 0.046875 0.0453125
1 0.1890625 0.59921875 0.040625 0.05
1 0.5765625 0.52578125 0.059375 0.0484375
0 0.9578125 0.76953125 0.084375 0.1828125
1 0.0125 0.5484375 0.025 0.025
0 0.8109375 0.82890625 0.125 0.190625
0 0.9171875 0.77890625 0.1296875 0.1453125
1 0.203125 0.565625 0.04375 0.028125
1 0.24375 0.559375 0.0484375 0.03125
1 0.28125 0.5484375 0.046875 0.0328125
1 0.09140625 0.575 0.040625 0.0203125
1 0.13046875 0.53828125 0.0328125 0.01875
1 0.1296875 0.52421875 0.03125 0.01875
1 0.159375 0.51796875 0.03125 0.025
1 0.1875 0.5109375 0.028125 0.015625
1 0.2140625 0.50234375 0.0296875 0.0171875
1 0.334375 0.50703125 0.0375 0.01875
1 0.33671875 0.48359375 0.034375 0.01875
1 0.325 0.475 0.03125 0.015625
1 0.353125 0.46484375 0.0296875 0.015625
1 0.3953125 0.46640625 0.0375 0.0203125
1 0.3796875 0.45703125 0.03125 0.021875
0 0.7046875 0.53046875 0.075 0.071875
0 0.76015625 0.52265625 0.0578125 0.0734375