0 0.55703125 0.54921875 0.096875 0.0984375
0 0.3890625 0.57421875 0.103125 0.103125
0 0.6421875 0.53671875 0.096875 0.1015625
1 0.471875 0.56171875 0.1 0.1015625
0 0.72734375 0.525 0.1 0.10625
1 0.80703125 0.51328125 0.103125 0.1078125
0 0.440625 0.815625 0.159375 0.209375
0 0.0984375 0.834375 0.128125 0.21875
0 0.1953125 0.8234375 0.1515625 0.2171875
1 0.42265625 0.953125 0.1828125 0.09375
0 0.9609375 0.4765625 0.078125 0.115625
0 0.23046875 0.60234375 0.090625 0.084375
0 0.70546875 0.78984375 0.1609375 0.2171875
0 0.3078125 0.5875 0.09375 0.09375
0 0.57578125 0.79765625 0.1609375 0.2328125
0 0.31484375 0.8203125 0.1578125 0.2265625
0 0.7609375 0.4328125 0.0828125 0.0953125
0 0.47578125 0.46953125 0.084375 0.1046875
1 0.54609375 0.4671875 0.0921875 0.090625
0 0.1515625 0.61328125 0.096875 0.0828125
1 0.76328125 0.34609375 0.06875 0.0703125
0 0.70859375 0.35 0.06875 0.078125
0 0.59765625 0.3671875 0.0640625 0.0765625
0 0.8171875 0.33046875 0.075 0.084375
0 0.07734375 0.61640625 0.0875 0.0859375
1 0.83046875 0.42734375 0.0890625 0.0875
0 0.13203125 0.965625 0.1234375 0.06875
1 0.65390625 0.3625 0.06875 0.0703125
0 0.4078125 0.47578125 0.0890625 0.1109375
0 0.54453125 0.38125 0.0609375 0.0671875
0 0.28203125 0.42265625 0.065625 0.071875
1 0.22734375 0.4421875 0.0640625 0.059375
0 0.490625 0.390625 0.0625 0.0609375
1 0.6890625 0.44453125 0.0953125 0.0875
0 0.26171875 0.9546875 0.1859375 0.090625
1 0.33359375 0.41875 0.065625 0.0625
0 0.86796875 0.27734375 0.0734375 0.0703125
1 0.8375 0.76953125 0.1765625 0.2328125
1 0.4375 0.39765625 0.0625 0.05
0 0.38125 0.39765625 0.0578125 0.0671875
0 0.94296875 0.72421875 0.1140625 0.1921875
0 0.90234375 0.403125 0.090625 0.1015625
1 0.8703125 0.32890625 0.0671875 0.0609375
0 0.58203125 0.94765625 0.1578125 0.1046875
0 0.18359375 0.44296875 0.0546875 0.05625
1 0.53828125 0.31015625 0.040625 0.03125
1 0.53671875 0.29140625 0.0421875 0.028125
1 0.5 0.31484375 0.0359375 0.0234375
1 0.5015625 0.29609375 0.0421875 0.0296875
1 0.31015625 0.34609375 0.0390625 0.0265625
1 0.46171875 0.32265625 0.0421875 0.028125
1 0.690625 0.2828125 0.0421875 0.0296875
1 0.68125 0.26875 0.0390625 0.0265625
1 0.425 0.328125 0.0375 0.0296875
1 0.50390625 0.27265625 0.034375 0.01875
1 0.57890625 0.30546875 0.0453125 0.0203125
1 0.57265625 0.2875 0.0375 0.025
1 0.715625 0.26015625 0.040625 0.025
1 0.71484375 0.2359375 0.034375 0.0203125
1 0.34765625 0.3421875 0.040625 0.028125
1 0.68046875 0.2328125 0.0390625 0.025
1 0.38984375 0.315625 0.0375 0.025
1 0.66015625 0.29140625 0.0328125 0.025
1 0.44453125 0.28046875 0.03125 0.0203125
1 0.53671875 0.26875 0.034375 0.0171875
1 0.534375 0.2546875 0.0328125 0.0234375
1 0.59296875 0.259375 0.0296875 0.015625
1 0.61015625 0.3015625 0.034375 0.0265625
1 0.4734375 0.2734375 0.03125 0.0203125
1 0.43125 0.309375 0.0390625 0.0203125
1 0.41796875 0.28046875 0.03125 0.01875
1 0.38359375 0.340625 0.04375 0.0296875
1 0.2734375 0.35390625 0.0375 0.025
1 0.6046875 0.28125 0.034375 0.025
1 0.384375 0.28984375 0.0328125 0.0203125
1 0.56796875 0.2625 0.0328125 0.01875
1 0.56328125 0.24921875 0.03125 0.0203125
1 0.8875 0.4984375 0.10625 0.10625
1 0.80703125 0.26640625 0.0453125 0.0359375
1 0.7734375 0.29375 0.053125 0.0484375
1 0.63671875 0.27578125 0.034375 0.025
0 0.61796875 0.453125 0.078125 0.084375
1 0.75234375 0.2578125 0.0375 0.028125
0 0.22265625 0.39609375 0.0515625 0.0484375
1 0.36015625 0.325 0.0359375 0.028125
1 0.3546875 0.303125 0.0359375 0.0234375
1 0.7515625 0.23515625 0.040625 0.03125
1 0.54140625 0.3421875 0.0484375 0.0421875
1 0.45 0.34453125 0.0453125 0.0296875
1 0.5890625 0.33125 0.0390625 0.0328125
0 0.815625 0.2421875 0.0359375 0.0390625
1 0.73671875 0.2203125 0.0375 0.0265625
1 0.49921875 0.35078125 0.0484375 0.0390625
1 0.65234375 0.24296875 0.028125 0.0234375
1 0.63984375 0.3171875 0.046875 0.0359375
1 0.90703125 0.26640625 0.0453125 0.0625
1 0.58984375 0.2421875 0.0328125 0.0203125
1 0.9203125 0.3203125 0.071875 0.0515625
1 0.46484375 0.30234375 0.0390625 0.0234375
1 0.50859375 0.259375 0.0328125 0.0203125
1 0.47890625 0.26328125 0.028125 0.0234375
1 0.45 0.26484375 0.0328125 0.021875
1 0.3234375 0.32890625 0.0296875 0.025