0 0.38046875 0.5578125 0.0921875 0.0921875
1 0.4640625 0.5578125 0.090625 0.090625
0 0.72109375 0.5578125 0.0890625 0.09375
0 0.55 0.559375 0.0859375 0.0875
0 0.6359375 0.55859375 0.0859375 0.0890625
1 0.80234375 0.55625 0.09375 0.0984375
0 0.15234375 0.778125 0.1234375 0.2
0 0.39765625 0.80703125 0.1375 0.19375
0 0.96328125 0.5421875 0.0734375 0.109375
0 0.21953125 0.56171875 0.0828125 0.078125
0 0.27109375 0.79375 0.134375 0.209375
0 0.29765625 0.56015625 0.0859375 0.0859375
0 0.6640625 0.815625 0.134375 0.2078125
0 0.53515625 0.80625 0.1328125 0.2140625
0 0.76875 0.47109375 0.0734375 0.0875
1 0.55 0.4765625 0.0859375 0.08125
0 0.1390625 0.56171875 0.0890625 0.071875
0 0.728125 0.378125 0.0609375 0.078125
1 0.35078125 0.9515625 0.1859375 0.096875
0 0.1953125 0.9390625 0.16875 0.121875
0 0.8375 0.37890625 0.065625 0.0765625
1 0.83828125 0.475 0.08125 0.078125
1 0.78203125 0.3828125 0.059375 0.0671875
0 0.615625 0.38203125 0.05625 0.0734375
0 0.409375 0.46171875 0.084375 0.1015625
1 0.671875 0.3859375 0.0625 0.0671875
0 0.2953125 0.3921875 0.053125 0.0625
1 0.79609375 0.81328125 0.15 0.21875
0 0.0671875 0.940625 0.109375 0.11875
1 0.23828125 0.40390625 0.0578125 0.053125
1 0.346875 0.39921875 0.059375 0.05
0 0.06484375 0.559375 0.0765625 0.071875
0 0.56171875 0.38828125 0.0515625 0.0640625
0 0.47890625 0.46484375 0.071875 0.0984375
0 0.50625 0.390625 0.0546875 0.0578125
0 0.89453125 0.33046875 0.065625 0.0625
1 0.6953125 0.471875 0.0890625 0.0796875
0 0.921875 0.7890625 0.1203125 0.1828125
0 0.4 0.38359375 0.0515625 0.0625
1 0.453125 0.38984375 0.05625 0.04375
0 0.1921875 0.4 0.0515625 0.0515625
0 0.9125 0.459375 0.0828125 0.0953125
1 0.565625 0.2984375 0.0390625 0.0234375
1 0.334375 0.32109375 0.0375 0.021875
1 0.5359375 0.275 0.0328125 0.015625
1 0.52890625 0.3 0.0390625 0.0234375
1 0.60078125 0.29921875 0.0359375 0.0234375
1 0.71015625 0.296875 0.0359375 0.021875
1 0.48671875 0.31796875 0.0390625 0.025
1 0.45 0.31953125 0.034375 0.025
1 0.88984375 0.38203125 0.0625 0.05625
1 0.37109375 0.32265625 0.0390625 0.021875
1 0.7453125 0.2609375 0.0328125 0.0203125
1 0.78046875 0.26875 0.0328125 0.0171875
1 0.41796875 0.30234375 0.034375 0.0203125
0 0.61953125 0.471875 0.0640625 0.0765625
1 0.478125 0.26171875 0.0296875 0.0203125
1 0.2984375 0.3234375 0.0359375 0.0203125
1 0.63671875 0.31796875 0.0328125 0.025
1 0.5984375 0.275 0.03125 0.0125
1 0.5671875 0.2765625 0.0328125 0.0125
1 0.50546875 0.27265625 0.03125 0.0171875
1 0.63359375 0.29609375 0.0328125 0.0234375
0 0.23828125 0.35859375 0.04375 0.040625
1 0.68828125 0.31640625 0.03125 0.0234375
1 0.41484375 0.27578125 0.03125 0.0171875
1 0.40703125 0.32578125 0.040625 0.025
1 0.4484375 0.27109375 0.03125 0.015625
1 0.7828125 0.2953125 0.0328125 0.0234375
0 0.5140625 0.9546875 0.14375 0.090625
1 0.665625 0.29921875 0.0328125 0.0203125
1 0.38359375 0.2828125 0.0328125 0.01875
1 0.6234375 0.2640625 0.03125 0.0171875
1 0.83359375 0.309375 0.0359375 0.0296875
1 0.8140625 0.28359375 0.0390625 0.0390625
1 0.5625 0.34921875 0.04375 0.0375
1 0.72578125 0.32421875 0.0375 0.0421875
1 0.709375 0.26328125 0.0359375 0.0234375
1 0.384375 0.30234375 0.0359375 0.0203125
1 0.56875 0.259375 0.03125 0.0171875
1 0.7984375 0.32890625 0.0453125 0.046875
1 0.51953125 0.35 0.0453125 0.0328125
1 0.8453125 0.34140625 0.046875 0.046875
1 0.66328125 0.3375 0.0421875 0.03125
1 0.61015625 0.3453125 0.034375 0.0296875
1 0.9359375 0.3203125 0.040625 0.059375
0 0.8484375 0.28671875 0.03125 0.0328125
1 0.88046875 0.55859375 0.1046875 0.109375