0 0.1578125 0.76796875 0.0953125 0.0953125
0 0.24609375 0.75625 0.090625 0.09375
0 0.28828125 0.95546875 0.1421875 0.0890625
0 0.4109375 0.73046875 0.090625 0.0921875
1 0.41875 0.94140625 0.165625 0.1171875
0 0.328125 0.74375 0.09375 0.0953125
1 0.4890625 0.71484375 0.0921875 0.0921875
0 0.54140625 0.921875 0.1359375 0.15625
0 0.0703125 0.7765625 0.0921875 0.0921875
0 0.571875 0.69140625 0.096875 0.10625
0 0.65859375 0.89140625 0.159375 0.203125
0 0.325 0.56953125 0.065625 0.078125
0 0.7125 0.659375 0.0890625 0.1
0 0.16015625 0.96171875 0.1359375 0.0765625
1 0.7796875 0.65546875 0.078125 0.0796875
0 0.8359375 0.63203125 0.0921875 0.0875
0 0.1609375 0.60234375 0.0578125 0.059375
1 0.3796875 0.5703125 0.0640625 0.06875
0 0.428125 0.553125 0.06875 0.078125
0 0.215625 0.58671875 0.059375 0.0671875
1 0.271875 0.584375 0.0625 0.0640625
0 0.10546875 0.60703125 0.0609375 0.059375
0 0.3625 0.6515625 0.065625 0.078125
1 0.0484375 0.615625 0.065625 0.0546875
1 0.4828125 0.5578125 0.0640625 0.059375
0 0.07890625 0.69140625 0.0828125 0.084375
0 0.50625 0.628125 0.0828125 0.0859375
1 0.42578125 0.64609375 0.0890625 0.0796875
1 0.0984375 0.4890625 0.028125 0.01875
1 0.0984375 0.47421875 0.03125 0.021875
1 0.0703125 0.47578125 0.0296875 0.0234375
1 0.2984375 0.665625 0.0859375 0.0765625
1 0.38828125 0.49609375 0.0421875 0.034375
1 0.1578125 0.49765625 0.0375 0.0390625
0 0.22890625 0.6765625 0.075 0.0828125
1 0.07890625 0.53671875 0.04375 0.028125
1 0.19296875 0.49453125 0.0390625 0.0421875
1 0.30234375 0.48984375 0.0359375 0.0265625
1 0.128125 0.4703125 0.03125 0.021875
1 0.034375 0.49296875 0.0296875 0.0171875
1 0.040625 0.478125 0.0296875 0.021875
1 0.04453125 0.52109375 0.0375 0.021875
1 0.11953125 0.53046875 0.0421875 0.0296875
1 0.15625 0.69296875 0.0828125 0.0703125
1 0.309375 0.46171875 0.0328125 0.0203125
1 0.15859375 0.4671875 0.03125 0.0234375
1 0.36953125 0.45546875 0.0328125 0.01875
1 0.1234375 0.50078125 0.0390625 0.034375
1 0.01328125 0.521875 0.0265625 0.025
0 0.01640625 0.61796875 0.0234375 0.071875
0 0.06328125 0.96015625 0.0703125 0.0796875
1 0.228125 0.49140625 0.0390625 0.0390625
0 0.4859375 0.5 0.0578125 0.059375
1 0.01171875 0.4796875 0.0234375 0.021875
0 0.62734375 0.5265625 0.065625 0.0640625
0 0.9203125 0.93828125 0.159375 0.0734375
1 0.17890625 0.553125 0.0375 0.0453125
1 0.0109375 0.49921875 0.021875 0.0203125
0 0.94296875 0.83515625 0.1140625 0.1703125
1 0.43203125 0.49609375 0.0453125 0.0390625
1 0.52265625 0.4953125 0.0390625 0.0578125
0 0.9734375 0.57734375 0.053125 0.1046875
0 0.0171875 0.559375 0.03125 0.05
1 0.03984375 0.53984375 0.03125 0.025
1 0.0859375 0.515625 0.034375 0.015625
1 0.06640625 0.49296875 0.028125 0.0140625
1 0.1921875 0.47890625 0.0328125 0.0140625
1 0.215625 0.4640625 0.03125 0.0140625
1 0.18828125 0.465625 0.0265625 0.0171875
1 0.159375 0.528125 0.0453125 0.0203125
1 0.19765625 0.52109375 0.040625 0.01875
1 0.2359375 0.51875 0.04375 0.021875
1 0.3125 0.51171875 0.040625 0.0234375
1 0.3421875 0.4609375 0.034375 0.0171875
1 0.40546875 0.4546875 0.0390625 0.0140625
1 0.52890625 0.54453125 0.0640625 0.028125
1 0.58671875 0.54609375 0.0640625 0.040625
1 0.57265625 0.5921875 0.0671875 0.0625
0 0.7734375 0.87734375 0.08125 0.1390625
0 0.878125 0.82890625 0.0953125 0.1203125
0 0.703125 0.55859375 0.0546875 0.084375
0 0.76328125 0.56484375 0.053125 0.0875