0 0.54921875 0.81328125 0.0859375 0.08828125
1 0.80390625 0.81328125 0.090625 0.09375
1 0.46171875 0.81171875 0.08671875 0.0890625
0 0.3765625 0.81328125 0.09140625 0.084375
0 0.63515625 0.815625 0.08359375 0.0859375
0 0.72109375 0.81328125 0.0890625 0.09140625
0 0.9625 0.80390625 0.07109375 0.09921875
0 0.21875 0.80625 0.0890625 0.0734375
1 0.83984375 0.73515625 0.08359375 0.0796875
1 0.5546875 0.73359375 0.08203125 0.084375
1 0.78828125 0.64453125 0.0640625 0.06796875
0 0.415625 0.71875 0.078125 0.1015625
1 0.67890625 0.64609375 0.06171875 0.07421875
0 0.84296875 0.63515625 0.06796875 0.078125
0 0.30078125 0.64609375 0.0578125 0.06328125
0 0.62265625 0.64296875 0.05703125 0.07109375
1 0.6984375 0.73203125 0.08359375 0.08515625
0 0.56640625 0.64375 0.05390625 0.06484375
0 0.6265625 0.73359375 0.07421875 0.084375
0 0.734375 0.6390625 0.06171875 0.078125
0 0.51015625 0.64921875 0.05546875 0.0546875
1 0.3515625 0.6515625 0.05703125 0.046875
1 0.24453125 0.64921875 0.06171875 0.05625
0 0.19375 0.64140625 0.0578125 0.05546875
1 0.45859375 0.64921875 0.059375 0.046875
1 0.89453125 0.640625 0.0609375 0.05859375
0 0.921875 0.72265625 0.09140625 0.09375
1 0.60625 0.52890625 0.03125 0.01953125
0 0.06328125 0.79296875 0.07890625 0.06796875
0 0.9015625 0.59453125 0.0671875 0.05859375
1 0.7171875 0.55625 0.0390625 0.0234375
1 0.51640625 0.528125 0.03359375 0.01875
0 0.4328125 0.60859375 0.04140625 0.034375
0 0.24453125 0.60390625 0.04765625 0.0359375
1 0.609375 0.55859375 0.03671875 0.02109375
1 0.57109375 0.57421875 0.03984375 0.0234375
1 0.53203125 0.57421875 0.0421875 0.0234375
1 0.45703125 0.52578125 0.03203125 0.01640625
1 0.34375 0.56875 0.0359375 0.0203125
1 0.42734375 0.55546875 0.03515625 0.01875
1 0.39140625 0.553125 0.0375 0.021875
1 0.45703125 0.57421875 0.0390625 0.02109375
1 0.7265625 0.52890625 0.0328125 0.015625
0 0.403125 0.64140625 0.0625 0.059375
1 0.5765625 0.53359375 0.03515625 0.01953125
1 0.84609375 0.57109375 0.04609375 0.03125
1 0.7875 0.528125 0.03515625 0.01640625
1 0.696875 0.528125 0.0296875 0.01640625
1 0.3078125 0.56796875 0.03359375 0.01953125
1 0.34453125 0.6109375 0.05078125 0.0234375
1 0.67578125 0.54921875 0.03203125 0.0265625
1 0.82109375 0.540625 0.04140625 0.03203125
1 0.41015625 0.57890625 0.03671875 0.025
1 0.7640625 0.57109375 0.04140625 0.028125
1 0.4984375 0.559375 0.04140625 0.01875
1 0.640625 0.54375 0.03671875 0.021875
1 0.39453125 0.52890625 0.03203125 0.0140625
1 0.42734375 0.51796875 0.03125 0.015625
1 0.571875 0.60546875 0.04765625 0.028125
1 0.27421875 0.5609375 0.03671875 0.0234375
1 0.8046875 0.59453125 0.04921875 0.03828125
1 0.6921875 0.57421875 0.0375 0.02109375
1 0.2921875 0.61171875 0.05390625 0.02578125
1 0.64921875 0.57421875 0.04296875 0.02109375
1 0.47578125 0.61015625 0.04765625 0.0296875
1 0.6703125 0.52265625 0.02890625 0.02109375
0 0.85625 0.5484375 0.03671875 0.03125
1 0.61484375 0.603125 0.04296875 0.028125
0 0.01640625 0.73671875 0.03203125 0.07578125
0 0.07578125 0.70390625 0.07578125 0.06015625
0 0.19375 0.5984375 0.04375 0.03125
1 0.63515625 0.51953125 0.03359375 0.0203125
1 0.21015625 0.59140625 0.034375 0.03359375
1 0.32265625 0.54453125 0.0375 0.025
1 0.1078125 0.67421875 0.0515625 0.0453125
1 0.24375 0.57734375 0.03515625 0.025
0 0.91484375 0.9734375 0.1234375 0.0515625
1 0.52734375 0.61015625 0.046875 0.03125
1 0.9828125 0.63828125 0.03359375 0.053125
0 0.14296875 0.7765625 0.05703125 0.0703125
0 0.3046875 0.78046875 0.0625 0.0921875
1 0.8890625 0.81484375 0.08984375 0.0640625