0 0.18125 0.79609375 0.1046875 0.1046875
0 0.26796875 0.77890625 0.1 0.1015625
0 0.43203125 0.7375 0.0984375 0.1
0 0.35 0.75703125 0.1 0.1015625
1 0.45625 0.93984375 0.175 0.1203125
0 0.3296875 0.96171875 0.15 0.0765625
1 0.5078125 0.715625 0.0984375 0.0984375
0 0.096875 0.81171875 0.1 0.1
0 0.5765625 0.91640625 0.15 0.1671875
0 0.69375 0.87578125 0.1765625 0.215625
0 0.58828125 0.684375 0.1046875 0.1125
0 0.33046875 0.58359375 0.06875 0.0828125
0 0.17109375 0.63203125 0.0625 0.0625
0 0.72578125 0.6390625 0.0953125 0.10625
0 0.434375 0.559375 0.075 0.0875
1 0.79375 0.6296875 0.0828125 0.08125
0 0.2015625 0.97421875 0.15 0.0515625
0 0.846875 0.60390625 0.1 0.096875
1 0.2796875 0.60234375 0.0671875 0.071875
1 0.44765625 0.653125 0.1 0.0859375
1 0.39140625 0.578125 0.059375 0.075
0 0.22421875 0.61015625 0.065625 0.0765625
0 0.1171875 0.64296875 0.0640625 0.0640625
1 0.059375 0.65703125 0.06875 0.0625
0 0.378125 0.6640625 0.075 0.084375
1 0.4859375 0.55703125 0.065625 0.0625
0 0.5171875 0.63046875 0.0796875 0.0921875
1 0.19375 0.521875 0.0421875 0.0453125
0 0.09765625 0.72890625 0.0890625 0.0875
1 0.16171875 0.55625 0.0375 0.0234375
1 0.15859375 0.52734375 0.040625 0.04375
1 0.38828125 0.50546875 0.0421875 0.0375
1 0.315625 0.5234375 0.0390625 0.025
1 0.30234375 0.50546875 0.0375 0.0296875
1 0.31328125 0.68046875 0.0921875 0.0859375
1 0.084375 0.57265625 0.0453125 0.03125
1 0.12578125 0.5328125 0.0421875 0.0421875
1 0.2265625 0.5140625 0.0421875 0.04375
1 0.0484375 0.56015625 0.0390625 0.025
1 0.07109375 0.61015625 0.0546875 0.05
1 0.30703125 0.478125 0.034375 0.0234375
1 0.36953125 0.490625 0.0390625 0.01875
1 0.365625 0.46640625 0.0328125 0.0203125
1 0.0671875 0.52890625 0.0265625 0.0171875
1 0.0703125 0.51328125 0.0296875 0.025
1 0.1234375 0.56328125 0.04375 0.0328125
0 0.62890625 0.51484375 0.065625 0.0671875
0 0.4875 0.50234375 0.05625 0.0609375
0 0.2453125 0.69765625 0.08125 0.090625
1 0.175 0.721875 0.0859375 0.0765625
1 0.0984375 0.5265625 0.0296875 0.01875
1 0.09765625 0.509375 0.03125 0.025
0 0.5703125 0.58125 0.0828125 0.0734375
1 0.03984375 0.51796875 0.0296875 0.025
0 0.93046875 0.89921875 0.1390625 0.0921875
1 0.0171875 0.56328125 0.0296875 0.0296875
1 0.521875 0.49296875 0.040625 0.0578125
0 0.35078125 0.52421875 0.046875 0.0515625
1 0.4359375 0.503125 0.0453125 0.04375
1 0.184375 0.5828125 0.0390625 0.0484375
1 0.575 0.5296875 0.0578125 0.046875
0 0.10546875 0.98046875 0.0765625 0.0390625
0 0.95234375 0.7953125 0.0953125 0.178125
1 0.01171875 0.52265625 0.0234375 0.0234375
0 0.79375 0.8453125 0.1171875 0.1875
0 0.9015625 0.8 0.1234375 0.140625
1 0.2 0.55 0.04375 0.0265625
1 0.240625 0.54609375 0.0484375 0.028125
1 0.27890625 0.53671875 0.0453125 0.03125
1 0.0875 0.553125 0.0390625 0.01875
1 0.12890625 0.51953125 0.0328125 0.0171875
1 0.12890625 0.5046875 0.03125 0.0171875
1 0.159375 0.5 0.0296875 0.0234375
1 0.1875 0.49453125 0.0265625 0.0140625
1 0.2140625 0.4875 0.028125 0.015625
1 0.334375 0.4984375 0.0375 0.0171875
1 0.3375 0.475 0.034375 0.0171875
1 0.3265625 0.465625 0.03125 0.0140625
1 0.3546875 0.45703125 0.0296875 0.0140625
1 0.39765625 0.4609375 0.0375 0.01875
1 0.38203125 0.45078125 0.0296875 0.0203125
0 0.70234375 0.54140625 0.071875 0.06875
0 0.75859375 0.53671875 0.0546875 0.071875