0 0.209375 0.8234375 0.1078125 0.1078125
0 0.29453125 0.796875 0.1046875 0.10625
0 0.37265625 0.96484375 0.1546875 0.0703125
0 0.45234375 0.7421875 0.103125 0.1046875
1 0.496875 0.9390625 0.18125 0.121875
0 0.3734375 0.7703125 0.10625 0.1078125
1 0.5265625 0.71328125 0.1046875 0.1046875
0 0.6140625 0.90859375 0.1578125 0.175
0 0.125 0.846875 0.1046875 0.1046875
0 0.60390625 0.67578125 0.1109375 0.11875
0 0.72421875 0.8578125 0.1890625 0.2234375
0 0.3390625 0.5984375 0.0765625 0.0859375
0 0.73671875 0.61953125 0.103125 0.1109375
0 0.24765625 0.98203125 0.1484375 0.0359375
1 0.80234375 0.60390625 0.0890625 0.090625
0 0.85390625 0.571875 0.1046875 0.1
0 0.18359375 0.659375 0.0671875 0.0671875
1 0.39375 0.58984375 0.0734375 0.078125
0 0.4390625 0.5640625 0.0796875 0.0859375
0 0.23515625 0.634375 0.06875 0.075
1 0.28984375 0.62265625 0.071875 0.071875
0 0.13046875 0.6734375 0.06875 0.06875
0 0.390625 0.67265625 0.0765625 0.0859375
1 0.075 0.6921875 0.0734375 0.0640625
1 0.49296875 0.559375 0.071875 0.0671875
0 0.11875 0.76171875 0.09375 0.0953125
0 0.52890625 0.625 0.0953125 0.096875
1 0.45234375 0.65703125 0.0984375 0.0921875
1 0.10234375 0.55859375 0.0296875 0.021875
1 0.1 0.54375 0.034375 0.0265625
1 0.07265625 0.55078125 0.0328125 0.028125
1 0.33046875 0.69765625 0.0953125 0.0890625
1 0.38984375 0.515625 0.046875 0.040625
1 0.1625 0.55703125 0.04375 0.04375
0 0.26328125 0.72109375 0.0859375 0.0921875
1 0.09140625 0.609375 0.046875 0.034375
1 0.19609375 0.5484375 0.0453125 0.046875
1 0.30390625 0.52421875 0.0390625 0.03125
1 0.12890625 0.53515625 0.034375 0.0265625
1 0.03984375 0.5734375 0.03125 0.021875
1 0.04375 0.55859375 0.0328125 0.0265625
1 0.05546875 0.59921875 0.040625 0.0265625
1 0.13046875 0.59609375 0.0453125 0.0359375
1 0.1953125 0.75 0.0921875 0.08125
1 0.30546875 0.4953125 0.0359375 0.0265625
1 0.1578125 0.52734375 0.034375 0.028125
1 0.36328125 0.478125 0.034375 0.0234375
1 0.12890625 0.565625 0.04375 0.040625
1 0.025 0.60625 0.03125 0.0296875
0 0.04453125 0.7 0.034375 0.0734375
1 0.23125 0.5390625 0.04375 0.04375
0 0.4859375 0.50234375 0.065625 0.0671875
1 0.0140625 0.565625 0.028125 0.025
0 0.6296875 0.50390625 0.0734375 0.071875
0 0.95390625 0.85703125 0.0921875 0.1046875
1 0.19296875 0.6078125 0.04375 0.05
1 0.01796875 0.58515625 0.0265625 0.0234375
0 0.9625 0.75 0.075 0.1875
1 0.4328125 0.5078125 0.05 0.0453125
1 0.52109375 0.49140625 0.0484375 0.0625
0 0.971875 0.4921875 0.05625 0.1125
0 0.034375 0.6421875 0.0375 0.053125
1 0.05390625 0.61953125 0.0359375 0.0296875
1 0.0953125 0.5875 0.034375 0.0203125
1 0.071875 0.56796875 0.0296875 0.01875
1 0.19375 0.5328125 0.0328125 0.0203125
1 0.2140625 0.5140625 0.0328125 0.01875
1 0.18671875 0.5203125 0.028125 0.0203125
1 0.16953125 0.5875 0.046875 0.028125
1 0.20625 0.5734375 0.0421875 0.025
1 0.24296875 0.5640625 0.046875 0.028125
1 0.31796875 0.54375 0.0421875 0.0296875
1 0.3375 0.4890625 0.0359375 0.0234375
1 0.39921875 0.471875 0.040625 0.0203125
1 0.5359375 0.53828125 0.0671875 0.0390625
1 0.59375 0.53046875 0.0671875 0.05
1 0.5875 0.578125 0.075 0.071875
0 0.834375 0.82421875 0.103125 0.146875
0 0.92890625 0.75859375 0.1125 0.13125
0 0.71015625 0.52265625 0.0671875 0.090625
0 0.7703125 0.51796875 0.065625 0.09375