0 0.3765625 0.8421875 0.11796875 0.315625
0 0.475 0.8453125 0.11484375 0.30859375
0 0.59296875 0.8421875 0.11328125 0.31484375
1 0.79921875 0.2828125 0.0984375 0.23046875
1 0.89375 0.290625 0.10859375 0.23046875
0 0.26328125 0.83359375 0.103125 0.3328125
0 0.16484375 0.8359375 0.1078125 0.328125
0 0.05859375 0.834375 0.11640625 0.33046875
0 0.71875 0.27890625 0.09140625 0.22890625
0 0.378125 0.2765625 0.08125 0.20390625
0 0.54453125 0.27578125 0.084375 0.2171875
0 0.4640625 0.27109375 0.084375 0.2046875
0 0.63046875 0.26796875 0.0875 0.23515625
0 0.22109375 0.27578125 0.08515625 0.16953125
1 0.14375 0.27421875 0.08828125 0.19375
1 0.07578125 0.25234375 0.08984375 0.23671875
0 0.97109375 0.3140625 0.0578125 0.19296875
1 0.703125 0.840625 0.1265625 0.31796875
0 0.30390625 0.2703125 0.08671875 0.2078125
1 0.0359375 0.240625 0.071875 0.24453125
0 0.93046875 0.84921875 0.128125 0.3015625
0 0.821875 0.84140625 0.12578125 0.30390625