0 0.2984375 0.57421875 0.0859375 0.14375
0 0.55 0.2640625 0.06875 0.1171875
0 0.484375 0.24609375 0.0671875 0.1171875
0 0.23359375 0.17734375 0.06875 0.11875
0 0.17734375 0.85625 0.09375 0.1484375
1 0.1359375 0.528125 0.084375 0.140625
0 0.5140625 0.25390625 0.0703125 0.115625
1 0.18203125 0.540625 0.0828125 0.1421875
0 0.2046875 0.0640625 0.0640625 0.1015625
0 0.5265625 0.51171875 0.0734375 0.1265625
0 0.52578125 0.93984375 0.0859375 0.1203125
1 0.0640625 0.50703125 0.084375 0.140625
0 0.41640625 0.6140625 0.0796875 0.140625
0 0.371875 0.47265625 0.075 0.1265625
0 0.62109375 0.28828125 0.06875 0.115625
1 0.5859375 0.28046875 0.0671875 0.115625
0 0.21640625 0.5515625 0.0828125 0.1421875
0 0.22109375 0.428125 0.078125 0.128125
1 0.484375 0.50546875 0.0703125 0.1234375
0 0.47734375 0.934375 0.0828125 0.13125
0 0.03046875 0.503125 0.0609375 0.14375
0 0.3359375 0.46171875 0.0765625 0.1265625
0 0.3765625 0.60546875 0.0828125 0.14375
0 0.17734375 0.41796875 0.0765625 0.125
1 0.33515625 0.58515625 0.08125 0.1390625
0 0.43984375 0.13046875 0.0625 0.103125
0 0.7296875 0.3125 0.071875 0.11875
0 0.6953125 0.30546875 0.06875 0.11875
0 0.47421875 0.13984375 0.0625 0.1046875
1 0.646875 0.1890625 0.0625 0.103125
1 0.1015625 0.51875 0.0828125 0.1421875
0 0.43671875 0.9296875 0.0828125 0.140625
0 0.4515625 0.62734375 0.0796875 0.14375
0 0.16796875 0.05546875 0.0640625 0.1
0 0.25625 0.4375 0.078125 0.1328125
0 0.26953125 0.1890625 0.071875 0.11875
0 0.16640625 0.16015625 0.071875 0.1171875
0 0.534375 0.64375 0.0796875 0.140625
0 0.65390625 0.2953125 0.06875 0.1171875
0 0.4453125 0.23984375 0.06875 0.115625
0 0.3703125 0.11015625 0.0625 0.1015625
0 0.5671875 0.94296875 0.084375 0.1140625
0 0.125 0.8421875 0.0890625 0.1484375
0 0.26796875 0.08125 0.0609375 0.1
0 0.80390625 0.32890625 0.071875 0.11875
0 0.41171875 0.2265625 0.06875 0.115625
0 0.41171875 0.4859375 0.0734375 0.1265625
0 0.8171875 0.71484375 0.084375 0.1484375
0 0.7609375 0.325 0.071875 0.11875
0 0.4515625 0.49140625 0.0765625 0.128125
0 0.30078125 0.45 0.0765625 0.1328125
0 0.56328125 0.52578125 0.0734375 0.125
0 0.73359375 0.6921875 0.084375 0.146875
0 0.509375 0.15 0.0609375 0.1046875
0 0.1046875 0.3984375 0.075 0.121875
0 0.1390625 0.40703125 0.078125 0.125
0 0.54375 0.1578125 0.0640625 0.10625
1 0.12734375 0.14609375 0.071875 0.11875
0 0.68125 0.1984375 0.059375 0.103125
0 0.1 0.1375 0.0671875 0.11875
0 0.6390625 0.5453125 0.075 0.1296875
0 0.33828125 0.2015625 0.06875 0.1171875
0 0.49375 0.63828125 0.0796875 0.14375
0 0.61328125 0.18203125 0.0640625 0.1046875
1 0.71640625 0.20546875 0.0625 0.10625
0 0.56796875 0.65546875 0.078125 0.140625
0 0.7734375 0.7078125 0.0796875 0.14375
0 0.03203125 0.38125 0.0625 0.1234375
0 0.57578125 0.17109375 0.0609375 0.103125
0 0.79453125 0.58046875 0.075 0.128125
1 0.2375 0.0734375 0.059375 0.0984375
0 0.30234375 0.0953125 0.065625 0.1046875
0 0.83828125 0.5859375 0.0765625 0.13125
1 0.1984375 0.16640625 0.0703125 0.1171875
0 0.06171875 0.3828125 0.075 0.125
0 0.71640625 0.5609375 0.0765625 0.1265625
1 0.33671875 0.1015625 0.059375 0.1015625
0 0.74921875 0.21171875 0.0640625 0.1078125
0 0.5984375 0.5328125 0.0703125 0.1234375
0 0.7609375 0.56796875 0.071875 0.1265625
0 0.834375 0.3421875 0.071875 0.1171875
0 0.26015625 0.88046875 0.084375 0.146875
0 0.303125 0.1953125 0.0703125 0.1203125
0 0.85390625 0.72578125 0.0890625 0.1484375
0 0.61171875 0.6609375 0.08125 0.1375
0 0.6953125 0.68671875 0.0796875 0.1421875
0 0.78359375 0.2203125 0.065625 0.1125
0 0.396875 0.91796875 0.0828125 0.1421875
0 0.821875 0.2265625 0.0625 0.1125
0 0.87578125 0.60078125 0.0734375 0.128125
0 0.85859375 0.22890625 0.0625 0.1109375
1 0.134375 0.0453125 0.059375 0.090625
0 0.70703125 0.96171875 0.0921875 0.0765625
0 0.6140625 0.9453125 0.084375 0.109375
0 0.11484375 0.0421875 0.0390625 0.084375
1 0.01171875 0.49140625 0.0234375 0.1359375
0 0.3515625 0.909375 0.08125 0.140625
1 0.25625 0.565625 0.0796875 0.14375
1 0.21796875 0.86953125 0.0859375 0.1453125
0 0.9078125 0.36015625 0.0703125 0.1171875
0 0.65234375 0.953125 0.0921875 0.09375
0 0.91953125 0.24375 0.0671875 0.103125
0 0.3734375 0.21484375 0.06875 0.1171875
0 0.4078125 0.12109375 0.0625 0.103125
0 0.309375 0.89453125 0.090625 0.1453125
0 0.79453125 0.98359375 0.0796875 0.0328125
1 0.0453125 0.8203125 0.075 0.1390625
1 0.0171875 0.80390625 0.034375 0.1328125
0 0.084375 0.83125 0.0734375 0.1484375