1 0.20234375 0.3203125 0.06171875 0.18046875
1 0.93984375 0.90703125 0.06015625 0.18515625
0 0.76796875 0.3203125 0.06171875 0.18515625
0 0.0921875 0.9046875 0.0609375 0.1859375
0 0.259375 0.32109375 0.06328125 0.17890625
0 0.54140625 0.9046875 0.05859375 0.184375
0 0.315625 0.90234375 0.05859375 0.1875
1 0.2046875 0.709375 0.0609375 0.1796875
0 0.0328125 0.9046875 0.065625 0.1859375
0 0.2578125 0.70703125 0.0609375 0.178125
0 0.940625 0.7078125 0.0609375 0.1828125
0 0.42578125 0.325 0.06015625 0.184375
0 0.54296875 0.70546875 0.05546875 0.17890625
0 0.1453125 0.32265625 0.06171875 0.18125
0 0.709375 0.321875 0.06328125 0.1875
0 0.4296875 0.90234375 0.0609375 0.18046875
0 0.371875 0.9015625 0.0609375 0.184375
0 0.8828125 0.7078125 0.06171875 0.1828125
0 0.0875 0.3234375 0.06171875 0.18359375
0 0.31796875 0.321875 0.0578125 0.18046875
0 0.76953125 0.90390625 0.0578125 0.18828125
0 0.2046875 0.90703125 0.059375 0.18203125
0 0.71171875 0.70703125 0.0625 0.18203125
0 0.371875 0.321875 0.05546875 0.178125
0 0.65390625 0.903125 0.06015625 0.18203125
0 0.03125 0.70546875 0.06171875 0.1859375
0 0.8296875 0.9046875 0.0640625 0.184375
0 0.3703125 0.70625 0.05625 0.178125
0 0.65625 0.70546875 0.0578125 0.18125
0 0.825 0.70703125 0.06171875 0.1828125
0 0.3140625 0.70703125 0.05859375 0.178125
0 0.259375 0.90390625 0.05859375 0.18515625
0 0.71171875 0.90390625 0.0640625 0.184375
0 0.71015625 0.121875 0.06171875 0.18671875
0 0.428125 0.70625 0.059375 0.178125
0 0.88359375 0.3203125 0.059375 0.184375
0 0.5984375 0.9046875 0.05859375 0.1828125
0 0.1453125 0.7078125 0.06171875 0.18046875
0 0.8828125 0.121875 0.06015625 0.1875
0 0.48515625 0.70625 0.0578125 0.18046875
0 0.31328125 0.12578125 0.05859375 0.18125
0 0.25546875 0.1234375 0.0609375 0.1828125
0 0.0875 0.1265625 0.0609375 0.18203125
0 0.48359375 0.1265625 0.05625 0.17421875
0 0.6546875 0.121875 0.0546875 0.178125
0 0.93984375 0.31953125 0.0578125 0.1859375
0 0.76875 0.1203125 0.05625 0.18515625
0 0.4859375 0.9046875 0.059375 0.18203125
0 0.82578125 0.31953125 0.0609375 0.18671875
0 0.4875 0.32734375 0.0609375 0.1875
0 0.3703125 0.12578125 0.05625 0.18046875
0 0.540625 0.1265625 0.05625 0.1796875
0 0.82421875 0.12265625 0.05703125 0.18359375
0 0.59765625 0.1234375 0.05546875 0.178125
0 0.0296875 0.12578125 0.05859375 0.18359375
0 0.14296875 0.12734375 0.0578125 0.18125
0 0.19765625 0.12578125 0.05625 0.1859375
0 0.60078125 0.7046875 0.05859375 0.17578125
0 0.4265625 0.12578125 0.0546875 0.178125
0 0.8859375 0.9078125 0.053125 0.1828125
0 0.14765625 0.90546875 0.06015625 0.18515625
0 0.93828125 0.1234375 0.05546875 0.18671875
0 0.9828125 0.31875 0.03203125 0.19375
0 0.98359375 0.9046875 0.03046875 0.18515625
0 0.98203125 0.121875 0.0328125 0.18828125
0 0.03046875 0.32265625 0.0609375 0.18515625
0 0.984375 0.7078125 0.028125 0.18828125
0 0.646875 0.3234375 0.06171875 0.18515625
0 0.0859375 0.7140625 0.0515625 0.18984375
0 0.76796875 0.71171875 0.04609375 0.18515625