1 0.16953125 0.3921875 0.1 0.1890625
1 0.98515625 0.796875 0.0296875 0.19375
0 0.7203125 0.26484375 0.1015625 0.19375
0 0.19296875 0.94375 0.1015625 0.1125
0 0.225 0.3796875 0.1015625 0.1890625
0 0.63125 0.88515625 0.0984375 0.1921875
0 0.4109375 0.91796875 0.1 0.1640625
1 0.259375 0.7703125 0.1 0.1890625
0 0.1359375 0.95078125 0.10625 0.0984375
0 0.3109375 0.75625 0.1 0.1875
0 0.9625 0.60234375 0.075 0.1921875
0 0.38828125 0.34609375 0.1 0.19375
0 0.58828125 0.690625 0.09375 0.1875
0 0.11484375 0.40703125 0.1015625 0.190625
0 0.6640625 0.2796875 0.103125 0.196875
0 0.521875 0.90625 0.1 0.1875
0 0.46484375 0.91171875 0.1015625 0.1765625
0 0.91953125 0.61640625 0.1015625 0.1921875
0 0.05859375 0.42109375 0.1015625 0.1921875
0 0.2828125 0.3671875 0.096875 0.1890625
0 0.853125 0.8328125 0.0984375 0.196875
0 0.30390625 0.93359375 0.0984375 0.1328125
0 0.753125 0.65390625 0.1015625 0.1921875
0 0.33515625 0.35546875 0.09375 0.1859375
0 0.740625 0.8578125 0.1 0.190625
0 0.08984375 0.80546875 0.1015625 0.1953125
0 0.9125 0.8203125 0.103125 0.19375
0 0.4203125 0.73046875 0.0953125 0.1859375
0 0.6984375 0.66484375 0.096875 0.1890625
0 0.86328125 0.62890625 0.1015625 0.1921875
0 0.365625 0.74375 0.096875 0.1875
0 0.35546875 0.925 0.0984375 0.15
0 0.796875 0.84609375 0.103125 0.19375
0 0.61953125 0.090625 0.1015625 0.18125
0 0.4765625 0.7171875 0.0984375 0.1875
0 0.83359375 0.23828125 0.1 0.19375
0 0.68671875 0.871875 0.0984375 0.190625
0 0.20078125 0.78203125 0.1 0.1890625
0 0.78828125 0.071875 0.1015625 0.14375
0 0.53203125 0.7046875 0.096875 0.1890625
0 0.23359375 0.17734375 0.0984375 0.1890625
0 0.17734375 0.18828125 0.1 0.1921875
0 0.03203125 0.228125 0.0640625 0.190625
0 0.4 0.13984375 0.09375 0.1828125
0 0.565625 0.096875 0.09375 0.1859375
0 0.88828125 0.225 0.0984375 0.19375
0 0.6765625 0.0828125 0.096875 0.165625
0 0.57734375 0.89765625 0.0984375 0.190625
0 0.7765625 0.25078125 0.1015625 0.1953125
0 0.44921875 0.334375 0.1015625 0.196875
0 0.28984375 0.16484375 0.0953125 0.1890625
0 0.45546875 0.12734375 0.0953125 0.1875
0 0.73125 0.07734375 0.096875 0.1546875
0 0.51015625 0.1109375 0.09375 0.1859375
0 0.06796875 0.2171875 0.096875 0.1890625
0 0.12109375 0.203125 0.096875 0.19375
0 0.64453125 0.6765625 0.096875 0.184375
0 0.34453125 0.1515625 0.09375 0.1859375
0 0.9609375 0.809375 0.078125 0.190625
0 0.246875 0.93828125 0.1 0.1234375
0 0.84140625 0.065625 0.0953125 0.13125
0 0.9296875 0.21484375 0.075 0.1953125
0 0.884375 0.059375 0.075 0.11875
0 0.0265625 0.4328125 0.053125 0.19375
0 0.99140625 0.59296875 0.0171875 0.1890625
0 0.603125 0.2953125 0.1015625 0.19375
0 0.14453125 0.8015625 0.0921875 0.196875
0 0.80859375 0.64609375 0.0859375 0.190625