0 0.32421875 0.62421875 0.053125 0.13515625
0 0.4875 0.259375 0.0421875 0.109375
0 0.41875 0.25859375 0.03984375 0.1109375
0 0.159375 0.25703125 0.0421875 0.1109375
0 0.28046875 0.92734375 0.059375 0.13828125
1 0.15546875 0.62109375 0.05234375 0.13203125
0 0.45 0.25859375 0.04296875 0.10859375
1 0.203125 0.621875 0.05 0.13359375
0 0.1015625 0.15546875 0.040625 0.09453125
0 0.52890625 0.5046875 0.04453125 0.11875
0 0.64296875 0.9296875 0.05234375 0.1359375
1 0.08046875 0.61953125 0.05234375 0.13125
0 0.4484375 0.63203125 0.046875 0.13359375
0 0.36953125 0.50703125 0.04609375 0.11875
0 0.5625 0.2640625 0.0421875 0.10859375
1 0.5265625 0.265625 0.040625 0.10859375
0 0.23984375 0.6234375 0.05078125 0.1328125
0 0.21171875 0.503125 0.04921875 0.11953125
1 0.48671875 0.509375 0.0421875 0.1171875
0 0.5921875 0.93046875 0.04921875 0.134375
0 0.03359375 0.628125 0.05625 0.134375
0 0.33125 0.50546875 0.046875 0.11796875
0 0.4078125 0.63359375 0.04921875 0.1359375
0 0.1671875 0.50390625 0.0484375 0.11640625
1 0.3625 0.625 0.0484375 0.13046875
0 0.34609375 0.15859375 0.03828125 0.096875
0 0.6734375 0.259375 0.04453125 0.1109375
0 0.63828125 0.26171875 0.04140625 0.11171875
0 0.38203125 0.15859375 0.0390625 0.0984375
1 0.56171875 0.16171875 0.03828125 0.096875
1 0.1203125 0.62109375 0.05 0.13359375
0 0.55 0.93203125 0.05078125 0.13203125
0 0.4859375 0.6359375 0.046875 0.1359375
0 0.0640625 0.15625 0.04140625 0.09296875
0 0.2484375 0.50234375 0.04765625 0.125
0 0.196875 0.259375 0.04375 0.11171875
0 0.08984375 0.2578125 0.0453125 0.109375
0 0.5703125 0.6296875 0.04765625 0.13203125
0 0.5953125 0.2625 0.0421875 0.11015625
0 0.3796875 0.26328125 0.04140625 0.109375
0 0.27421875 0.15703125 0.0390625 0.0953125
0 0.684375 0.928125 0.04921875 0.13984375
0 0.2265625 0.92734375 0.05546875 0.13828125
0 0.1671875 0.15546875 0.03828125 0.09375
0 0.74921875 0.25625 0.04375 0.11171875
0 0.34375 0.25859375 0.04140625 0.109375
0 0.4109375 0.509375 0.04375 0.11953125
0 0.86171875 0.62578125 0.05 0.13984375
0 0.70703125 0.26328125 0.04453125 0.1109375
0 0.45078125 0.5046875 0.04609375 0.12109375
0 0.29453125 0.503125 0.0453125 0.125
0 0.56796875 0.50859375 0.04453125 0.11796875
0 0.775 0.625 0.05078125 0.13828125
0 0.41875 0.159375 0.03671875 0.0984375
0 0.0921875 0.50390625 0.04765625 0.1140625
0 0.12734375 0.50390625 0.04921875 0.115625
0 0.45390625 0.1578125 0.03984375 0.09921875
1 0.0484375 0.2546875 0.0453125 0.1109375
0 0.596875 0.16171875 0.0359375 0.096875
0 0.01953125 0.253125 0.0390625 0.11171875
0 0.64609375 0.5078125 0.04453125 0.12265625
0 0.26640625 0.25390625 0.04140625 0.1109375
0 0.5296875 0.63515625 0.0453125 0.1359375
0 0.52734375 0.16328125 0.03984375 0.09765625
1 0.6328125 0.159375 0.0375 0.1
0 0.60625 0.6328125 0.0453125 0.1328125
0 0.81796875 0.6296875 0.046875 0.1359375
0 0.0171875 0.50625 0.03359375 0.11875
0 0.48828125 0.1625 0.03671875 0.09765625
0 0.80546875 0.5015625 0.04453125 0.12109375
1 0.1359375 0.15625 0.0375 0.0921875
0 0.2046875 0.16015625 0.0421875 0.096875
0 0.84921875 0.4953125 0.04609375 0.12421875
1 0.12265625 0.25546875 0.04375 0.109375
0 0.04609375 0.5 0.046875 0.1171875
0 0.725 0.503125 0.046875 0.11875
1 0.2390625 0.1578125 0.0359375 0.0953125
0 0.66640625 0.15703125 0.03984375 0.10078125
0 0.60390625 0.50625 0.04140625 0.1171875
0 0.76953125 0.4984375 0.04296875 0.11953125
0 0.78203125 0.2609375 0.04453125 0.109375
0 0.3671875 0.9296875 0.05078125 0.1390625
0 0.23125 0.25625 0.0421875 0.1125
0 0.9 0.6265625 0.0546875 0.1390625
0 0.64921875 0.6265625 0.04921875 0.12890625
0 0.73671875 0.6296875 0.046875 0.13515625
0 0.7015625 0.15625 0.0390625 0.10546875
0 0.50859375 0.93046875 0.05 0.134375
0 0.73984375 0.15234375 0.0359375 0.10625
0 0.8890625 0.5 0.04453125 0.1203125
0 0.7765625 0.1453125 0.0359375 0.10546875
1 0.02890625 0.15234375 0.0375 0.090625
0 0.8296875 0.92734375 0.0578125 0.1375
0 0.73125 0.9234375 0.04765625 0.146875
0 0.00859375 0.15390625 0.01640625 0.090625
1 0.0109375 0.62265625 0.021875 0.134375
0 0.4625 0.93359375 0.04921875 0.1328125
1 0.28125 0.6265625 0.046875 0.1359375
1 0.3234375 0.9296875 0.053125 0.1359375
0 0.8578125 0.259375 0.04375 0.11015625
0 0.77265625 0.92734375 0.05703125 0.14375
0 0.8390625 0.14375 0.04375 0.09453125
0 0.30390625 0.25703125 0.0421875 0.109375
0 0.3125 0.1578125 0.03828125 0.09609375
0 0.41796875 0.93046875 0.05703125 0.13515625
0 0.9234375 0.93828125 0.04921875 0.1234375
1 0.14375 0.92734375 0.0421875 0.13203125
1 0.09765625 0.9234375 0.034375 0.12890625
0 0.184375 0.92734375 0.03671875 0.14453125