0 0.34609375 0.65 0.0734375 0.1421875
0 0.45 0.2640625 0.059375 0.1140625
0 0.38203125 0.27421875 0.05625 0.115625
0 0.12578125 0.31328125 0.059375 0.115625
0 0.34921875 0.94140625 0.0796875 0.1171875
1 0.17890625 0.6734375 0.071875 0.1390625
0 0.4125 0.26953125 0.059375 0.1140625
1 0.22578125 0.6671875 0.0703125 0.1390625
0 0.05234375 0.221875 0.0546875 0.1
0 0.52890625 0.5 0.0625 0.125
0 0.70859375 0.90234375 0.0734375 0.1421875
1 0.1046875 0.68359375 0.071875 0.1375
0 0.46953125 0.63828125 0.0671875 0.1390625
0 0.371875 0.52734375 0.0640625 0.125
0 0.525 0.25703125 0.059375 0.1140625
1 0.48984375 0.2640625 0.0578125 0.1140625
0 0.2625 0.6625 0.0703125 0.1390625
0 0.215625 0.5484375 0.0671875 0.125
1 0.48828125 0.51171875 0.059375 0.121875
0 0.65859375 0.9109375 0.0703125 0.140625
0 0.059375 0.69921875 0.0765625 0.1421875
0 0.334375 0.53203125 0.0640625 0.1234375
0 0.4296875 0.64609375 0.0703125 0.1421875
0 0.171875 0.55625 0.065625 0.121875
1 0.38359375 0.6453125 0.06875 0.1359375
0 0.29453125 0.18671875 0.053125 0.1015625
0 0.63359375 0.23515625 0.0609375 0.1171875
0 0.59921875 0.24296875 0.0578125 0.1171875
0 0.3296875 0.18125 0.0546875 0.103125
1 0.5078125 0.15625 0.053125 0.1015625
1 0.14375 0.67890625 0.0703125 0.1390625
0 0.6171875 0.91875 0.0703125 0.1390625
0 0.50703125 0.63671875 0.0671875 0.1421875
0 0.02109375 0.22890625 0.0421875 0.0984375
0 0.2515625 0.54140625 0.0671875 0.13125
0 0.16328125 0.309375 0.0609375 0.1171875
0 0.05703125 0.325 0.0625 0.115625
0 0.58984375 0.6171875 0.0671875 0.1375
0 0.55703125 0.25078125 0.059375 0.115625
0 0.34375 0.28515625 0.0578125 0.1140625
0 0.2234375 0.196875 0.053125 0.1
0 0.74921875 0.89375 0.0703125 0.1453125
0 0.29609375 0.94609375 0.0765625 0.1078125
0 0.1171875 0.21171875 0.053125 0.0984375
0 0.7078125 0.2203125 0.0609375 0.1171875
0 0.3078125 0.2859375 0.0578125 0.1140625
0 0.41328125 0.5234375 0.0625 0.125
0 0.8765625 0.56796875 0.071875 0.1453125
0 0.6671875 0.23359375 0.0609375 0.1171875
0 0.45234375 0.5125 0.0640625 0.1265625
0 0.29765625 0.53515625 0.0640625 0.13125
0 0.56875 0.49765625 0.0625 0.1234375
0 0.79140625 0.58046875 0.071875 0.14375
0 0.36640625 0.1765625 0.0515625 0.103125
0 0.09765625 0.56796875 0.065625 0.1203125
0 0.1328125 0.5625 0.0671875 0.121875
0 0.40078125 0.16953125 0.0546875 0.1046875
1 0.0234375 0.32734375 0.046875 0.1171875
0 0.54296875 0.15078125 0.05 0.1015625
0 0.00703125 0.33046875 0.0140625 0.1171875
0 0.6453125 0.48515625 0.0625 0.128125
0 0.23046875 0.29375 0.0578125 0.115625
0 0.55078125 0.62890625 0.065625 0.140625
0 0.47421875 0.16328125 0.0546875 0.103125
1 0.578125 0.14296875 0.053125 0.1046875
0 0.62578125 0.61484375 0.065625 0.1375
0 0.834375 0.578125 0.0671875 0.1421875
0 0.025 0.58125 0.05 0.121875
0 0.4359375 0.16875 0.0515625 0.1015625
0 0.8015625 0.45390625 0.0625 0.1265625
1 0.08671875 0.2171875 0.0515625 0.096875
0 0.15546875 0.21015625 0.05625 0.1015625
0 0.84453125 0.440625 0.065625 0.1296875
1 0.0890625 0.3171875 0.0609375 0.115625
0 0.0515625 0.57109375 0.0640625 0.1234375
0 0.72265625 0.46796875 0.065625 0.125
1 0.1890625 0.203125 0.05 0.1
0 0.6109375 0.13515625 0.0546875 0.10625
0 0.60390625 0.48984375 0.059375 0.121875
0 0.765625 0.45625 0.0609375 0.125
0 0.74140625 0.21953125 0.0609375 0.115625
0 0.4359375 0.9359375 0.071875 0.128125
0 0.19609375 0.3015625 0.059375 0.1171875
0 0.91484375 0.5625 0.075 0.1453125
0 0.6671875 0.6015625 0.06875 0.134375
0 0.75390625 0.59140625 0.0671875 0.140625
0 0.6453125 0.12890625 0.0546875 0.1109375
0 0.57578125 0.9234375 0.0703125 0.140625
0 0.6828125 0.11875 0.0515625 0.1109375
0 0.884375 0.4390625 0.0625 0.1265625
0 0.71796875 0.10625 0.0515625 0.109375
0 0.8921875 0.8703125 0.078125 0.1453125
0 0.79453125 0.88203125 0.0703125 0.153125
1 0.0359375 0.69765625 0.0421875 0.1359375
0 0.5296875 0.93203125 0.06875 0.1359375
1 0.30390625 0.659375 0.0671875 0.1421875
1 0.39296875 0.940625 0.0734375 0.11875
0 0.815625 0.20625 0.0609375 0.115625
0 0.8359375 0.8796875 0.078125 0.1515625
0 0.77890625 0.0953125 0.0578125 0.1
0 0.26796875 0.290625 0.059375 0.1140625
0 0.2609375 0.19140625 0.053125 0.1015625
0 0.4859375 0.93359375 0.078125 0.1328125
0 0.9765625 0.86640625 0.046875 0.1296875
1 0.2140625 0.9546875 0.0625 0.090625
1 0.16796875 0.95703125 0.0546875 0.0859375
0 0.2546875 0.9484375 0.059375 0.103125