1 0.2546875 0.25390625 0.103125 0.190625
1 0.828125 0.95234375 0.103125 0.0953125
0 0.803125 0.390625 0.1046875 0.1953125
0 0.02890625 0.79296875 0.0578125 0.1953125
0 0.31015625 0.26796875 0.1046875 0.1890625
0 0.4421875 0.90234375 0.1015625 0.19375
0 0.2234375 0.84609375 0.1015625 0.196875
1 0.1625 0.63203125 0.103125 0.1890625
0 0.21484375 0.6421875 0.1015625 0.1875
0 0.87734375 0.80859375 0.103125 0.1921875
0 0.4703125 0.3125 0.103125 0.19375
0 0.4921875 0.709375 0.096875 0.1875
0 0.1984375 0.2421875 0.103125 0.190625
0 0.74609375 0.378125 0.10625 0.196875
0 0.334375 0.8734375 0.103125 0.190625
0 0.27890625 0.85859375 0.103125 0.19375
0 0.82109375 0.79453125 0.1046875 0.1921875
0 0.1421875 0.22890625 0.1046875 0.19375
0 0.36640625 0.2828125 0.1 0.1890625
0 0.66328125 0.92890625 0.1015625 0.1421875
0 0.11484375 0.8234375 0.1015625 0.190625
0 0.65546875 0.75234375 0.1046875 0.1921875
0 0.41875 0.29609375 0.096875 0.1859375
0 0.5515625 0.91640625 0.103125 0.1671875
0 0.0234375 0.58515625 0.046875 0.1953125
0 0.721875 0.9375 0.10625 0.125
0 0.32421875 0.66875 0.0984375 0.1859375
0 0.6015625 0.7375 0.1 0.190625
0 0.765625 0.7796875 0.1046875 0.1921875
0 0.26953125 0.65625 0.1 0.1875
0 0.16875 0.83359375 0.1015625 0.19375
0 0.6078125 0.92265625 0.10625 0.1546875
0 0.7953125 0.18359375 0.1046875 0.196875
0 0.38046875 0.6828125 0.1 0.1875
0 0.915625 0.41875 0.1015625 0.19375
0 0.49765625 0.91015625 0.1015625 0.1796875
0 0.10546875 0.615625 0.103125 0.190625
0 0.95546875 0.225 0.0890625 0.196875
0 0.4359375 0.696875 0.1 0.1890625
0 0.409375 0.09296875 0.1 0.1859375
0 0.353125 0.0859375 0.103125 0.171875
0 0.1890625 0.06640625 0.103125 0.1328125
0 0.57421875 0.13359375 0.096875 0.1828125
0 0.74140625 0.1703125 0.096875 0.1859375
0 0.959375 0.43125 0.08125 0.19375
0 0.85234375 0.196875 0.1 0.19375
0 0.38828125 0.8890625 0.1015625 0.190625
0 0.859375 0.40390625 0.1046875 0.1953125
0 0.5296875 0.3296875 0.1046875 0.196875
0 0.46484375 0.10546875 0.0984375 0.1890625
0 0.6296875 0.14765625 0.0984375 0.1875
0 0.90625 0.2125 0.1 0.1921875
0 0.6859375 0.15859375 0.096875 0.1859375
0 0.13359375 0.059375 0.1015625 0.11875
0 0.24375 0.0734375 0.1 0.146875
0 0.296875 0.08046875 0.1 0.1609375
0 0.5484375 0.72265625 0.1 0.184375
0 0.51953125 0.11875 0.096875 0.1859375
0 0.77578125 0.946875 0.0953125 0.10625
0 0.06015625 0.8078125 0.103125 0.19375
0 0.98359375 0.23984375 0.0328125 0.1953125
0 0.98671875 0.43984375 0.0265625 0.1953125
0 0.8703125 0.9578125 0.075 0.084375
0 0.0875 0.2140625 0.1046875 0.19375
0 0.91953125 0.81875 0.0734375 0.1890625
0 0.68515625 0.3640625 0.1046875 0.1953125
0 0.046875 0.6078125 0.09375 0.196875
0 0.70859375 0.7703125 0.0890625 0.190625