0 0.353125 0.8328125 0.1390625 0.3234375
0 0.45078125 0.8421875 0.1359375 0.315625
0 0.56875 0.84296875 0.134375 0.3140625
1 0.81328125 0.30390625 0.1140625 0.2375
1 0.90703125 0.31875 0.125 0.2375
0 0.240625 0.81640625 0.1265625 0.3390625
0 0.1421875 0.81171875 0.1296875 0.334375
0 0.053125 0.803125 0.10625 0.3375
0 0.73359375 0.29453125 0.1078125 0.234375
0 0.39375 0.26875 0.0953125 0.209375
0 0.56015625 0.2796875 0.1 0.221875
0 0.48046875 0.26953125 0.0984375 0.209375
0 0.64609375 0.27734375 0.103125 0.240625
0 0.2375 0.25703125 0.096875 0.175
1 0.16015625 0.25 0.1015625 0.2
1 0.09375 0.2234375 0.10625 0.2421875
0 0.9734375 0.346875 0.053125 0.196875
1 0.67890625 0.8453125 0.1484375 0.309375
0 0.3203125 0.25703125 0.1015625 0.2140625
1 0.05546875 0.20859375 0.0890625 0.2484375
0 0.90390625 0.86171875 0.1484375 0.2765625
0 0.796875 0.853125 0.146875 0.29375