0 0.33046875 0.821875 0.1609375 0.3296875
0 0.42734375 0.83828125 0.15625 0.321875
0 0.54375 0.84375 0.15625 0.3125
1 0.8265625 0.3265625 0.1296875 0.2421875
1 0.91875 0.34765625 0.1390625 0.24375
0 0.21953125 0.79765625 0.1484375 0.34375
0 0.12109375 0.7859375 0.153125 0.340625
0 0.0484375 0.76875 0.096875 0.34375
0 0.74765625 0.31171875 0.121875 0.2390625
0 0.41015625 0.26171875 0.109375 0.2125
0 0.575 0.284375 0.1140625 0.2265625
0 0.49609375 0.26796875 0.1125 0.2140625
0 0.66171875 0.28828125 0.11875 0.2453125
0 0.2546875 0.2390625 0.1078125 0.1796875
1 0.17890625 0.2265625 0.1140625 0.2046875
1 0.1140625 0.19609375 0.121875 0.246875
0 0.975 0.38046875 0.05 0.1984375
1 0.65390625 0.84921875 0.1703125 0.3015625
0 0.3375 0.2453125 0.1140625 0.2171875
1 0.0765625 0.17890625 0.1046875 0.2515625
0 0.8765625 0.8734375 0.16875 0.253125
0 0.77109375 0.86171875 0.1671875 0.2765625