0 0.23828125 0.8671875 0.09375 0.17734375
1 0.2140625 0.70078125 0.08828125 0.1625
0 0.52890625 0.628125 0.08671875 0.16015625
0 0.36953125 0.66484375 0.08515625 0.16171875
0 0.88828125 0.55 0.09140625 0.1640625
0 0.31953125 0.6796875 0.084375 0.16171875
0 0.3 0.8546875 0.090625 0.175
0 0.26875 0.35234375 0.078125 0.14375
0 0.8 0.23984375 0.0875 0.14609375
0 0.32109375 0.34453125 0.08125 0.14921875
1 0.51328125 0.80234375 0.090625 0.17421875
0 0.39765625 0.82578125 0.0890625 0.1828125
1 0.51484375 0.3015625 0.0859375 0.1484375
1 0.26328125 0.6921875 0.0859375 0.1609375
0 0.63125 0.6125 0.08203125 0.15546875
0 0.93046875 0.70546875 0.1 0.17890625
1 0.4703125 0.640625 0.0859375 0.16015625
0 0.9 0.22109375 0.08828125 0.1484375
0 0.7 0.2546875 0.08984375 0.15390625
0 0.77890625 0.74765625 0.096875 0.1796875
1 0.56328125 0.7921875 0.09140625 0.17890625
1 0.6140625 0.77734375 0.09453125 0.178125
0 0.365625 0.33515625 0.0828125 0.15546875
1 0.8390625 0.55859375 0.084375 0.16328125
1 0.88203125 0.72421875 0.1 0.17890625
1 0.78203125 0.5671875 0.08125 0.16015625
1 0.1703125 0.3703125 0.0765625 0.14765625
1 0.6796875 0.596875 0.0875 0.1625
1 0.4625 0.3125 0.08515625 0.1546875
1 0.2234375 0.35859375 0.07734375 0.1484375
1 0.75703125 0.25234375 0.0921875 0.1515625
1 0.45546875 0.81796875 0.09140625 0.178125
1 0.42265625 0.65078125 0.08046875 0.1578125
0 0.66953125 0.76796875 0.090625 0.17734375
1 0.73671875 0.57890625 0.08359375 0.1609375
1 0.35078125 0.83671875 0.090625 0.1796875
1 0.725 0.7546875 0.09375 0.171875
1 0.85625 0.23359375 0.08828125 0.1453125
0 0.82578125 0.728125 0.0953125 0.17421875
1 0.9359375 0.53671875 0.0875 0.1609375
1 0.57421875 0.6203125 0.0828125 0.15625
0 0.60625 0.271875 0.0828125 0.13671875
0 0.55859375 0.2875 0.08203125 0.13046875
1 0.12265625 0.38203125 0.07734375 0.153125
0 0.0671875 0.38984375 0.08515625 0.1625
1 0.659375 0.2703125 0.08984375 0.14921875
1 0.41796875 0.328125 0.08203125 0.1546875
0 0.9703125 0.52734375 0.059375 0.171875
1 0.96875 0.6953125 0.0625 0.178125
1 0.9328125 0.21015625 0.06171875 0.1453125