0 0.47265625 0.3859375 0.1609375 0.2265625
0 0.5828125 0.37890625 0.1640625 0.215625
0 0.6890625 0.40234375 0.1734375 0.225
0 0.365625 0.36171875 0.1609375 0.2265625
0 0.2578125 0.34140625 0.159375 0.2296875
0 0.1828125 0.10390625 0.1234375 0.128125
0 0.24609375 0.11328125 0.109375 0.1203125
0 0.153125 0.31953125 0.1578125 0.20625
0 0.3921875 0.13359375 0.109375 0.1203125
1 0.79296875 0.41796875 0.18125 0.221875
0 0.43125 0.60390625 0.18125 0.2890625
0 0.9046875 0.4234375 0.1828125 0.2265625
0 0.1390625 0.5609375 0.23125 0.3390625
0 0.31796875 0.12421875 0.1046875 0.121875
0 0.53125 0.15546875 0.096875 0.103125
1 0.575 0.62265625 0.2015625 0.2984375
0 0.459375 0.1453125 0.0984375 0.1140625
0 0.06796875 0.30859375 0.1296875 0.2046875
0 0.54140625 0.08515625 0.0859375 0.084375
0 0.603125 0.16328125 0.0859375 0.1
0 0.67578125 0.16328125 0.0875 0.1078125
0 0.8234375 0.18125 0.0984375 0.1109375
0 0.078125 0.5296875 0.15625 0.35625
0 0.10703125 0.10703125 0.11875 0.1171875
0 0.284375 0.575 0.2015625 0.296875
0 0.89140625 0.19375 0.103125 0.11875
1 0.709375 0.64296875 0.2109375 0.3140625
0 0.86875 0.64453125 0.2203125 0.321875
0 0.94921875 0.20078125 0.078125 0.1296875
0 0.42421875 0.06875 0.0765625 0.084375
0 0.6046875 0.08984375 0.090625 0.0921875
0 0.30703125 0.0453125 0.0796875 0.0765625
0 0.85390625 0.1046875 0.103125 0.1
0 0.7515625 0.17734375 0.09375 0.1046875
0 0.92578125 0.1078125 0.1046875 0.1046875
0 0.66953125 0.0953125 0.0875 0.09375
0 0.36328125 0.046875 0.0734375 0.0796875
0 0.25078125 0.0421875 0.0859375 0.0640625
0 0.7359375 0.1 0.0828125 0.0890625
0 0.48671875 0.0796875 0.0765625 0.0796875
1 0.78515625 0.10703125 0.084375 0.0890625
0 0.96796875 0.415625 0.0640625 0.209375
0 0.9609375 0.1109375 0.04375 0.0984375
0 0.0671875 0.0953125 0.059375 0.1171875
0 0.1296875 0.0421875 0.096875 0.0515625
0 0.18515625 0.03828125 0.084375 0.05
0 0.07578125 0.071875 0.0546875 0.1015625