0 0.41171875 0.3046875 0.078125 0.1421875
0 0.36171875 0.3109375 0.078125 0.1421875
1 0.23125 0.32421875 0.0796875 0.140625
0 0.2421875 0.78203125 0.0984375 0.1703125
1 0.23359375 0.634375 0.0859375 0.153125
1 0.28046875 0.6203125 0.08125 0.1515625
0 0.95703125 0.53984375 0.0859375 0.1578125
0 0.86953125 0.5546875 0.0859375 0.15
0 0.590625 0.2796875 0.075 0.1296875
0 0.8171875 0.2640625 0.078125 0.140625
0 0.3328125 0.615625 0.08125 0.1484375
1 0.54921875 0.74375 0.0828125 0.165625
1 0.815625 0.56171875 0.0828125 0.153125
0 0.31875 0.31953125 0.0765625 0.1375
1 0.546875 0.28984375 0.078125 0.1390625
1 0.696875 0.73046875 0.0859375 0.165625
1 0.503125 0.29765625 0.0796875 0.140625
1 0.4953125 0.75625 0.084375 0.1640625
0 0.7296875 0.27265625 0.0796875 0.1421875
0 0.896875 0.70859375 0.09375 0.1703125
1 0.596875 0.74296875 0.0859375 0.1671875
0 0.3796875 0.60703125 0.0796875 0.1453125
1 0.45390625 0.3046875 0.078125 0.140625
1 0.77109375 0.565625 0.0796875 0.1484375
1 0.8421875 0.715625 0.090625 0.171875
1 0.68359375 0.27421875 0.0765625 0.1359375
1 0.27734375 0.3234375 0.0796875 0.1390625
1 0.34609375 0.76796875 0.0890625 0.1703125
1 0.428125 0.60546875 0.0765625 0.1484375
1 0.47734375 0.603125 0.08125 0.15
0 0.90859375 0.2515625 0.0796875 0.140625
1 0.18515625 0.3296875 0.08125 0.1453125
0 0.39375 0.76796875 0.0890625 0.1734375
0 0.29296875 0.775 0.0953125 0.16875
0 0.528125 0.59375 0.078125 0.1453125
1 0.86328125 0.26171875 0.0765625 0.1390625
0 0.63828125 0.2828125 0.075 0.13125
0 0.64296875 0.73671875 0.084375 0.1640625
1 0.975 0.6953125 0.05 0.175
0 0.61953125 0.58203125 0.078125 0.140625
1 0.44765625 0.75703125 0.084375 0.165625
1 0.71953125 0.5703125 0.08125 0.15
1 0.91171875 0.54921875 0.0828125 0.153125
0 0.13046875 0.33203125 0.084375 0.15
0 0.79609375 0.71796875 0.0890625 0.16875
0 0.7453125 0.72578125 0.0875 0.1671875
1 0.57265625 0.590625 0.0765625 0.14375
1 0.94296875 0.70390625 0.09375 0.1734375
1 0.771875 0.26875 0.0765625 0.1390625
1 0.67421875 0.57421875 0.0796875 0.146875
1 0.94453125 0.24765625 0.059375 0.134375
1 0.98203125 0.53671875 0.0359375 0.1578125