1 0.21171875 0.7828125 0.18125 0.2359375
0 0.5625 0.8546875 0.178125 0.240625
0 0.59375 0.27421875 0.1640625 0.21875
0 0.5953125 0.659375 0.1640625 0.2171875
1 0.7640625 0.696875 0.1703125 0.228125
0 0.64921875 0.6734375 0.16875 0.221875
1 0.71171875 0.68671875 0.16875 0.225
1 0.5078125 0.8453125 0.1828125 0.246875
0 0.73984375 0.86328125 0.171875 0.2015625
1 0.44140625 0.828125 0.1796875 0.2375
0 0.67734375 0.86796875 0.1765625 0.228125
1 0.54296875 0.65078125 0.165625 0.2203125
1 0.3328125 0.8109375 0.18125 0.2390625
1 0.8578125 0.32109375 0.159375 0.2140625
1 0.6234375 0.86484375 0.18125 0.24375
1 0.2734375 0.21171875 0.15625 0.2
0 0.103125 0.76171875 0.1515625 0.2203125
1 0.7484375 0.29609375 0.153125 0.203125
1 0.3875 0.81640625 0.18125 0.240625
1 0.43828125 0.240625 0.153125 0.1953125
1 0.48125 0.64453125 0.16875 0.2234375
1 0.48671875 0.2515625 0.1578125 0.2046875
0 0.2265625 0.1984375 0.159375 0.20625
0 0.0578125 0.55234375 0.115625 0.2234375
1 0.25625 0.596875 0.1703125 0.225
0 0.64296875 0.278125 0.15625 0.203125
1 0.8046875 0.30390625 0.1515625 0.2015625
0 0.9078125 0.32890625 0.1625 0.21875
1 0.5359375 0.26015625 0.1578125 0.2078125
0 0.69921875 0.28828125 0.1515625 0.2
0 0.2734375 0.80078125 0.171875 0.23125
1 0.16484375 0.19921875 0.159375 0.2046875
0 0.42734375 0.6265625 0.1625 0.2171875
1 0.2015625 0.58671875 0.16875 0.2265625
0 0.315625 0.6109375 0.15625 0.2140625
0 0.3828125 0.22890625 0.1453125 0.1859375
0 0.33359375 0.21953125 0.1453125 0.1890625
1 0.08828125 0.565625 0.1671875 0.2265625
1 0.1421875 0.5796875 0.1640625 0.21875
0 0.15390625 0.77109375 0.1765625 0.2296875
1 0.36953125 0.61796875 0.165625 0.21875
0 0.1171875 0.18828125 0.146875 0.1953125
1 0.065625 0.184375 0.13125 0.190625
1 0.071875 0.73984375 0.1 0.2015625
1 0.028125 0.540625 0.05625 0.196875