1 0.4296875 0.25703125 0.1421875 0.2
1 0.5359375 0.2296875 0.13515625 0.19609375
1 0.7546875 0.18828125 0.13125 0.1953125
1 0.31875 0.28671875 0.14296875 0.2
1 0.95390625 0.134375 0.0921875 0.1890625
0 0.20390625 0.309375 0.1328125 0.21171875
0 0.6328125 0.20625 0.1265625 0.2125
0 0.8625 0.15234375 0.11875 0.19609375
1 0.26953125 0.10703125 0.11640625 0.19765625
1 0.9375 0.77265625 0.11875 0.23515625
1 0.653125 0.61328125 0.12265625 0.2234375
1 0.0875 0.33203125 0.1453125 0.20859375
0 0.3703125 0.08984375 0.11484375 0.17734375
1 0.48046875 0.08125 0.1265625 0.15859375
0 0.34140625 0.89609375 0.13984375 0.20625
1 0.83359375 0.7984375 0.1375 0.23515625
1 0.2171875 0.915625 0.1375 0.16875
1 0.40859375 0.678125 0.1125 0.21953125
1 0.1578125 0.13203125 0.11171875 0.18828125
1 0.7640625 0.58984375 0.11796875 0.225
0 0.4625 0.87890625 0.1390625 0.2390625
1 0.70546875 0.8265625 0.1390625 0.24140625
1 0.05 0.7609375 0.09921875 0.2265625
1 0.053125 0.15 0.10625 0.19375
0 0.08984375 0.921875 0.13671875 0.1484375
0 0.5875 0.853125 0.12421875 0.25703125
1 0.29140625 0.703125 0.1125 0.221875
0 0.8765625 0.56171875 0.11875 0.21484375
1 0.16875 0.740625 0.109375 0.2125
1 0.5359375 0.64140625 0.11796875 0.21796875
1 0.58125 0.0640625 0.109375 0.128125
1 0.02265625 0.35234375 0.04453125 0.20546875
1 0.9671875 0.54296875 0.065625 0.225
0 0.01640625 0.93203125 0.03203125 0.12734375