0 0.259375 0.840625 0.0953125 0.0828125
0 0.47265625 0.68515625 0.096875 0.08125
0 0.77734375 0.43203125 0.0875 0.071875
0 0.5484375 0.7015625 0.0921875 0.0828125
0 0.18828125 0.81328125 0.090625 0.08125
0 0.43203125 0.78515625 0.09375 0.078125
0 0.49375 0.61015625 0.084375 0.0734375
0 0.26640625 0.63828125 0.09375 0.08125
0 0.4921875 0.89453125 0.096875 0.0859375
0 0.41796875 0.8390625 0.1 0.090625
0 0.6703125 0.85078125 0.1046875 0.0890625
0 0.70234375 0.734375 0.103125 0.090625
0 0.66484375 0.31875 0.084375 0.071875
1 0.51484375 0.825 0.09375 0.0875
0 0.2015625 0.7765625 0.0859375 0.075
0 0.275 0.80078125 0.0921875 0.0796875
0 0.64609375 0.37421875 0.0828125 0.071875
0 0.753125 0.88125 0.1015625 0.0890625
0 0.52265625 0.5453125 0.0921875 0.078125
0 0.21875 0.74296875 0.0890625 0.075
0 0.6578125 0.89296875 0.1015625 0.090625
0 0.42734375 0.40078125 0.084375 0.0703125
0 0.08828125 0.71015625 0.0859375 0.075
0 0.48046875 0.9390625 0.0953125 0.0890625
1 0.33125 0.65859375 0.090625 0.075
0 0.7953125 0.37734375 0.0859375 0.0640625
1 0.7171875 0.665625 0.0984375 0.0859375
0 0.0734375 0.746875 0.0875 0.075
1 0.93203125 0.7890625 0.0734375 0.0828125
0 0.86328125 0.3859375 0.0765625 0.0640625
0 0.51015625 0.57734375 0.0921875 0.0796875
1 0.17265625 0.8546875 0.0875 0.0734375
0 0.484375 0.6453125 0.0859375 0.075
0 0.14921875 0.9265625 0.0953125 0.06875
0 0.1609375 0.8859375 0.096875 0.0828125
0 0.73203125 0.62109375 0.096875 0.084375
0 0.765625 0.4859375 0.0890625 0.0734375
1 0.94765625 0.68046875 0.0703125 0.0734375
1 0.05703125 0.7890625 0.0890625 0.084375
0 0.5421875 0.48671875 0.0875 0.0734375
1 0.39609375 0.49765625 0.0953125 0.0765625
0 0.39609375 0.909375 0.10625 0.0890625
0 0.5609375 0.665625 0.0953125 0.0734375
0 0.38515625 0.3359375 0.0765625 0.0671875
0 0.575 0.36484375 0.084375 0.0734375
0 0.35390625 0.4203125 0.0828125 0.06875
1 0.78359375 0.75703125 0.0890625 0.075
0 0.65703125 0.35 0.0828125 0.0703125
1 0.5015625 0.865625 0.09375 0.0828125
0 0.24609375 0.88046875 0.0953125 0.084375
0 0.38359375 0.953125 0.10625 0.0828125
0 0.646875 0.93125 0.1015625 0.0828125
1 0.3265625 0.4859375 0.0921875 0.0765625
0 0.34140625 0.44921875 0.084375 0.071875
0 0.37265625 0.55546875 0.090625 0.0734375
0 0.6015625 0.528125 0.0921875 0.08125
0 0.63828125 0.40859375 0.084375 0.078125
0 0.93984375 0.73984375 0.071875 0.0765625
0 0.415625 0.4328125 0.0828125 0.0734375
0 0.8125 0.2890625 0.0828125 0.0671875
1 0.28828125 0.76484375 0.096875 0.08125
0 0.74140625 0.584375 0.0921875 0.078125
0 0.75078125 0.54921875 0.0921875 0.078125
0 0.5875 0.56484375 0.090625 0.08125
1 0.58671875 0.60234375 0.090625 0.0765625
1 0.9546875 0.64375 0.0671875 0.06875
0 0.034375 0.67890625 0.0625 0.06875
0 0.56875 0.396875 0.084375 0.071875
0 0.584375 0.33359375 0.0890625 0.075
1 0.74765625 0.92265625 0.1078125 0.09375
1 0.96484375 0.5765625 0.065625 0.0671875
0 0.875 0.33125 0.075 0.0625
1 0.52890625 0.51484375 0.0859375 0.06875
1 0.6296875 0.44375 0.0875 0.0796875
1 0.27890625 0.60546875 0.084375 0.06875
1 0.30078125 0.54453125 0.0875 0.075
1 0.4078125 0.465625 0.0890625 0.0765625
1 0.2328125 0.92265625 0.0953125 0.0875
1 0.790625 0.71796875 0.0890625 0.071875
0 0.85546875 0.41640625 0.0796875 0.065625
1 0.9609375 0.6109375 0.0640625 0.06875
1 0.55078125 0.45703125 0.084375 0.06875
1 0.34765625 0.62421875 0.0921875 0.075
1 0.43984375 0.37890625 0.08125 0.065625
0 0.73046875 0.96171875 0.0984375 0.0765625
0 0.88671875 0.271875 0.0734375 0.05625
1 0.86953125 0.36015625 0.0796875 0.0640625
0 0.8515625 0.44609375 0.08125 0.065625
0 0.76015625 0.5171875 0.0953125 0.075
1 0.55703125 0.43203125 0.0875 0.0734375
1 0.359375 0.5921875 0.09375 0.075
1 0.28828125 0.578125 0.0875 0.0765625
1 0.3828125 0.5265625 0.0921875 0.0734375
1 0.3625 0.39140625 0.0859375 0.06875
1 0.80078125 0.6828125 0.0890625 0.075
1 0.46796875 0.96875 0.0953125 0.0625
1 0.91015625 0.91796875 0.0828125 0.09375
1 0.0484375 0.82578125 0.075 0.0796875
1 0.4046875 0.87421875 0.1015625 0.084375
0 0.88125 0.29921875 0.0765625 0.0609375
1 0.825 0.5796875 0.1015625 0.0875
1 0.96875 0.5421875 0.0625 0.06875
1 0.57421875 0.6359375 0.096875 0.0765625
1 0.8171875 0.61328125 0.09375 0.08125
1 0.8390625 0.51484375 0.1 0.08125
0 0.63515625 0.9640625 0.1015625 0.071875
1 0.80390625 0.3265625 0.0859375 0.0640625
1 0.809375 0.64921875 0.0890625 0.0765625
1 0.7703125 0.46484375 0.0859375 0.0578125
0 0.45859375 0.31640625 0.075 0.0609375
0 0.37265625 0.36640625 0.08125 0.065625
1 0.590625 0.3125 0.0890625 0.075
1 0.97265625 0.51171875 0.0546875 0.0640625
0 0.8421875 0.48046875 0.0828125 0.0671875
1 0.62109375 0.47109375 0.090625 0.08125
1 0.6109375 0.50234375 0.0921875 0.0796875
1 0.78671875 0.4046875 0.084375 0.059375
1 0.31484375 0.5140625 0.090625 0.0765625
0 0.39921875 0.309375 0.06875 0.0609375
1 0.83046875 0.54609375 0.1046875 0.084375
1 0.8 0.34765625 0.0875 0.0609375
1 0.9765625 0.4828125 0.046875 0.059375
0 0.45078125 0.346875 0.0765625 0.0640625
1 0.94453125 0.709375 0.06875 0.0640625
1 0.2234375 0.94375 0.09375 0.05625
1 0.9046875 0.953125 0.0796875 0.071875
0 0.02734375 0.7140625 0.0484375 0.0640625
1 0.709375 0.696875 0.0953125 0.075
1 0.9796875 0.453125 0.040625 0.053125
1 0.03984375 0.86953125 0.05625 0.08125
0 0.3765625 0.9703125 0.103125 0.046875
1 0.98203125 0.42421875 0.0359375 0.0453125
0 0.984375 0.346875 0.03125 0.05
0 0.034375 0.88671875 0.0421875 0.0734375