0 0.46875 0.43984375 0.128125 0.1640625
1 0.35390625 0.3921875 0.1109375 0.1296875
0 0.26875 0.35 0.0984375 0.1234375
1 0.58671875 0.509375 0.1265625 0.1609375
1 0.71171875 0.453125 0.1640625 0.0953125
1 0.70078125 0.28828125 0.0953125 0.125
0 0.09296875 0.25546875 0.096875 0.0921875
1 0.15 0.2859375 0.075 0.0828125
1 0.6140625 0.253125 0.0890625 0.11875
0 0.809375 0.31640625 0.121875 0.128125
1 0.16875 0.91796875 0.2421875 0.153125
1 0.203125 0.325 0.0765625 0.1125
1 0.92109375 0.64921875 0.15625 0.175
1 0.58125 0.39375 0.1421875 0.0828125
0 0.128125 0.73828125 0.24375 0.1984375
0 0.7375 0.59375 0.1484375 0.2
1 0.90546875 0.35859375 0.0859375 0.1203125
0 0.88046875 0.503125 0.184375 0.128125
1 0.3328125 0.16328125 0.05625 0.0640625
0 0.53125 0.1984375 0.0765625 0.0984375
1 0.465625 0.08125 0.05 0.059375
1 0.3765625 0.30625 0.13125 0.0609375
1 0.46796875 0.3359375 0.1359375 0.071875
0 0.6859375 0.11875 0.0578125 0.0875
1 0.51640625 0.08984375 0.0546875 0.0640625
0 0.83125 0.15859375 0.071875 0.0890625
1 0.7609375 0.15546875 0.065625 0.08125
1 0.56796875 0.1015625 0.05625 0.071875
1 0.76796875 0.2375 0.0890625 0.071875
1 0.42265625 0.0703125 0.0453125 0.0609375
1 0.45703125 0.19453125 0.0671875 0.0828125
1 0.39296875 0.17734375 0.0609375 0.0703125
1 0.23828125 0.13359375 0.046875 0.05625
1 0.284375 0.14765625 0.05 0.059375
1 0.62265625 0.11328125 0.053125 0.075
1 0.23828125 0.24921875 0.1125 0.0515625
1 0.2875 0.27421875 0.103125 0.0453125
1 0.90859375 0.20546875 0.0703125 0.090625
1 0.1890625 0.22421875 0.09375 0.0453125
1 0.3765625 0.06484375 0.04375 0.05625
1 0.45 0.146875 0.0703125 0.04375
1 0.68359375 0.20859375 0.09375 0.0625
1 0.95390625 0.328125 0.065625 0.0734375
1 0.19609375 0.1296875 0.0421875 0.0515625
1 0.60234375 0.18125 0.08125 0.0515625
1 0.33828125 0.11875 0.0625 0.0375
0 0.89765625 0.12265625 0.0671875 0.075
1 0.39375 0.12890625 0.06875 0.0375
1 0.88359375 0.28046875 0.08125 0.059375
0 0.271875 0.0953125 0.0921875 0.046875
1 0.76484375 0.1109375 0.06875 0.0578125
1 0.3 0.11171875 0.0765625 0.0375
1 0.7203125 0.06953125 0.053125 0.046875
0 0.53203125 0.01796875 0.0390625 0.034375