1 0.7609375 0.74140625 0.1921875 0.278125
1 0.73828125 0.29921875 0.125 0.1484375
0 0.8703125 0.51328125 0.1703125 0.215625
1 0.87421875 0.72734375 0.215625 0.2953125
1 0.7828125 0.52421875 0.15625 0.2046875
1 0.46953125 0.7875 0.18125 0.278125
1 0.3765625 0.8 0.178125 0.271875
0 0.66171875 0.75859375 0.178125 0.2859375
0 0.93046875 0.71796875 0.1390625 0.3109375
0 0.56484375 0.76953125 0.171875 0.2765625
1 0.93828125 0.4953125 0.1234375 0.2
1 0.69296875 0.53984375 0.134375 0.1875
1 0.60546875 0.5578125 0.1359375 0.1859375
0 0.521875 0.5734375 0.1296875 0.175
1 0.44375 0.58046875 0.1265625 0.1734375
0 0.8046875 0.2890625 0.1234375 0.1546875
1 0.2796875 0.815625 0.190625 0.26875
1 0.36640625 0.59296875 0.1296875 0.178125
0 0.35546875 0.37421875 0.1015625 0.1203125
0 0.66328125 0.3140625 0.1171875 0.1453125
0 0.6046875 0.32734375 0.0984375 0.1234375
1 0.4828125 0.34765625 0.096875 0.1140625
1 0.86796875 0.27734375 0.1265625 0.159375
1 0.41953125 0.3640625 0.0875 0.0984375
1 0.54140625 0.3484375 0.1015625 0.1296875
1 0.9203125 0.2734375 0.1109375 0.1703125