1 0.26015625 0.678125 0.2734375 0.2265625
0 0.85390625 0.63046875 0.1890625 0.165625
1 0.17734375 0.384375 0.2078125 0.1578125
0 0.34609375 0.03515625 0.1421875 0.0703125
0 0.2234375 0.2921875 0.1890625 0.1484375
1 0.38046875 0.3375 0.215625 0.1546875
0 0.69296875 0.45078125 0.1953125 0.1515625
0 0.853125 0.49765625 0.1765625 0.153125
0 0.09140625 0.6234375 0.1828125 0.2125
0 0.21640625 0.8484375 0.3078125 0.25
0 0.67421875 0.57734375 0.20625 0.175
1 0.3265625 0.0828125 0.153125 0.1078125
0 0.84921875 0.31484375 0.15625 0.1140625
0 0.0546875 0.7890625 0.109375 0.21875
0 0.8515625 0.39296875 0.159375 0.125
1 0.121875 0.4953125 0.221875 0.178125
0 0.8421875 0.22265625 0.153125 0.10625
0 0.7078125 0.28046875 0.1671875 0.128125
0 0.3203125 0.5484375 0.2578125 0.2
1 0.415625 0.25546875 0.196875 0.134375
0 0.44140625 0.18671875 0.1796875 0.1140625
1 0.35234375 0.4265625 0.23125 0.1515625
0 0.7125 0.18515625 0.1484375 0.1
0 0.26171875 0.20859375 0.16875 0.1125
0 0.665625 0.77578125 0.25 0.28125
0 0.8453125 0.15703125 0.1328125 0.0890625
1 0.29921875 0.1421875 0.1453125 0.10625
0 0.85703125 0.81484375 0.20625 0.2703125
0 0.85078125 0.11171875 0.1234375 0.08125
0 0.465625 0.11640625 0.1578125 0.0890625
0 0.49453125 0.028125 0.1484375 0.05625
0 0.7296875 0.07109375 0.1375 0.08125
0 0.7234375 0.1234375 0.1375 0.084375
1 0.48046875 0.0578125 0.153125 0.0828125