0 0.48671875 0.3828125 0.165625 0.2296875
0 0.596875 0.38984375 0.1671875 0.21875
0 0.69921875 0.4265625 0.1765625 0.228125
0 0.38359375 0.34609375 0.165625 0.2296875
0 0.27890625 0.31328125 0.1625 0.23125
0 0.23359375 0.06796875 0.125 0.1296875
0 0.29453125 0.08515625 0.1109375 0.121875
0 0.178125 0.27890625 0.1609375 0.2078125
0 0.4375 0.12265625 0.1109375 0.121875
1 0.80078125 0.4546875 0.184375 0.225
0 0.41875 0.59453125 0.1859375 0.2921875
0 0.90859375 0.4734375 0.1828125 0.228125
0 0.134375 0.51640625 0.2375 0.34375
0 0.365625 0.1046875 0.1078125 0.1234375
0 0.57265625 0.16171875 0.0984375 0.1046875
1 0.559375 0.63125 0.20625 0.3015625
0 0.503125 0.14296875 0.1 0.115625
0 0.09453125 0.25703125 0.1328125 0.20625
0 0.5921875 0.09375 0.0875 0.0859375
0 0.64296875 0.178125 0.0875 0.1015625
0 0.715625 0.18671875 0.0890625 0.109375
0 0.86015625 0.22265625 0.1 0.1125
0 0.0796875 0.47734375 0.159375 0.3578125
0 0.1578125 0.06171875 0.1203125 0.11875
0 0.2765625 0.54765625 0.2078125 0.3
0 0.92578125 0.24375 0.1046875 0.1203125
1 0.690625 0.66796875 0.215625 0.3171875
0 0.8484375 0.68828125 0.2265625 0.325
0 0.9703125 0.2578125 0.059375 0.13125
0 0.47734375 0.06328125 0.078125 0.0859375
0 0.65390625 0.10546875 0.0921875 0.09375
0 0.3640625 0.03125 0.08125 0.0625
0 0.89921875 0.15078125 0.1046875 0.1015625
0 0.7890625 0.21015625 0.0953125 0.10625
0 0.95859375 0.1625 0.0828125 0.10625
0 0.71796875 0.11875 0.0890625 0.0953125
0 0.41875 0.03671875 0.075 0.0734375
0 0.3078125 0.0234375 0.0875 0.046875
0 0.7828125 0.13125 0.084375 0.090625
0 0.53828125 0.08125 0.078125 0.08125
1 0.83125 0.14453125 0.0859375 0.0890625
0 0.9703125 0.47421875 0.059375 0.2109375
0 0.990625 0.16953125 0.01875 0.0984375
0 0.11953125 0.05234375 0.0609375 0.1046875
0 0.1875 0.01328125 0.096875 0.0265625
0 0.24296875 0.01484375 0.0859375 0.0296875
0 0.1296875 0.03671875 0.05625 0.0734375