0 0.309375 0.87109375 0.08671875 0.07109375
0 0.4984375 0.6875 0.0875 0.0703125
0 0.76484375 0.39375 0.08046875 0.06171875
0 0.57578125 0.69296875 0.08359375 0.07109375
0 0.23515625 0.85390625 0.08125 0.07109375
0 0.47265625 0.7921875 0.0859375 0.0671875
0 0.509375 0.61015625 0.0765625 0.0640625
0 0.28828125 0.66953125 0.08515625 0.0703125
0 0.546875 0.8921875 0.08671875 0.07421875
0 0.465625 0.846875 0.090625 0.078125
0 0.7171875 0.8234375 0.09453125 0.0765625
0 0.7328125 0.70390625 0.09296875 0.07890625
0 0.63828125 0.29765625 0.07578125 0.0625
1 0.56015625 0.81953125 0.084375 0.0765625
0 0.24296875 0.815625 0.078125 0.0640625
0 0.31875 0.82890625 0.08359375 0.06875
0 0.62734375 0.35546875 0.07421875 0.0625
0 0.80390625 0.8421875 0.0921875 0.0765625
0 0.52890625 0.54140625 0.0828125 0.06796875
0 0.25546875 0.7796875 0.08125 0.06484375
0 0.7109375 0.8671875 0.0921875 0.078125
0 0.4140625 0.41171875 0.07734375 0.06015625
0 0.121875 0.765625 0.078125 0.06484375
0 0.54140625 0.9375 0.08515625 0.07734375
1 0.3546875 0.68046875 0.0828125 0.0640625
0 0.775 0.3375 0.07890625 0.053125
1 0.73828125 0.63359375 0.08984375 0.0734375
0 0.11171875 0.80390625 0.07890625 0.06484375
1 0.96796875 0.72578125 0.0640625 0.075
0 0.84375 0.33671875 0.0703125 0.0546875
0 0.52109375 0.575 0.0828125 0.06953125
1 0.225 0.896875 0.0796875 0.0625
0 0.5046875 0.64609375 0.078125 0.06484375
0 0.21171875 0.97109375 0.0875 0.0578125
0 0.21796875 0.9296875 0.0875 0.07109375
0 0.746875 0.5875 0.08828125 0.0734375
0 0.7609375 0.44921875 0.08125 0.06328125
1 0.96875 0.61640625 0.06171875 0.065625
1 0.1015625 0.84765625 0.07890625 0.07421875
0 0.53984375 0.48125 0.07890625 0.06328125
1 0.396875 0.5125 0.0875 0.065625
0 0.45390625 0.91953125 0.096875 0.07578125
0 0.58359375 0.65546875 0.08671875 0.0625
0 0.36328125 0.35390625 0.06953125 0.0578125
0 0.55546875 0.35546875 0.07578125 0.0640625
0 0.34453125 0.44140625 0.07578125 0.059375
1 0.81640625 0.71484375 0.08046875 0.0640625
0 0.634375 0.3296875 0.075 0.06015625
1 0.55234375 0.86171875 0.084375 0.071875
0 0.3015625 0.91171875 0.08671875 0.07265625
0 0.44765625 0.96484375 0.09765625 0.0703125
0 0.70546875 0.90625 0.09296875 0.07109375
1 0.3265625 0.51015625 0.08359375 0.06484375
0 0.3359375 0.471875 0.0765625 0.06171875
0 0.38125 0.57265625 0.0828125 0.06328125
0 0.6046875 0.5140625 0.08359375 0.06953125
0 0.62421875 0.38984375 0.07578125 0.06875
0 0.96875 0.6765625 0.0625 0.06875
0 0.40703125 0.4453125 0.07421875 0.06328125
0 0.78046875 0.24765625 0.075 0.05703125
1 0.32734375 0.79140625 0.08828125 0.06953125
0 0.75078125 0.55 0.084375 0.06640625
0 0.75546875 0.5140625 0.084375 0.06640625
0 0.59609375 0.55234375 0.08125 0.0703125
1 0.6 0.5890625 0.08203125 0.06640625
1 0.9703125 0.57890625 0.05859375 0.0609375
0 0.0640625 0.7421875 0.05390625 0.0625
0 0.55390625 0.38828125 0.07578125 0.06171875
0 0.56015625 0.3234375 0.08046875 0.0640625
1 0.80390625 0.884375 0.096875 0.08125
1 0.97109375 0.5109375 0.0578125 0.059375
0 0.84765625 0.28046875 0.06875 0.05390625
1 0.53046875 0.5109375 0.078125 0.05859375
1 0.6203125 0.4265625 0.07890625 0.06875
1 0.29609375 0.63515625 0.0765625 0.059375
1 0.30859375 0.571875 0.0796875 0.06484375
1 0.40390625 0.47890625 0.08125 0.065625
1 0.29453125 0.95546875 0.08515625 0.0765625
1 0.81796875 0.67578125 0.08125 0.06171875
0 0.840625 0.36796875 0.07265625 0.05625
1 0.971875 0.54609375 0.05546875 0.0609375
1 0.54453125 0.45 0.07734375 0.0578125
1 0.36640625 0.64453125 0.08359375 0.06328125
1 0.4234375 0.38828125 0.0734375 0.05625
0 0.7921875 0.92578125 0.08984375 0.065625
0 0.8515625 0.2203125 0.0671875 0.046875
1 0.846875 0.31015625 0.0734375 0.0546875
0 0.840625 0.39765625 0.07421875 0.05625
0 0.76015625 0.48046875 0.08671875 0.06328125
1 0.546875 0.425 0.07890625 0.06328125
1 0.3734375 0.6109375 0.08515625 0.0640625
1 0.3015625 0.60703125 0.07890625 0.065625
1 0.3875 0.54296875 0.084375 0.06171875
1 0.3484375 0.41171875 0.07890625 0.05859375
1 0.8234375 0.6390625 0.08046875 0.06484375
1 0.53359375 0.971875 0.0890625 0.05625
1 0.9640625 0.85703125 0.07109375 0.084375
1 0.0984375 0.88515625 0.065625 0.071875
1 0.4578125 0.88359375 0.0921875 0.07265625
0 0.85 0.2484375 0.06953125 0.05234375
1 0.8328125 0.53359375 0.09140625 0.07578125
1 0.971875 0.47734375 0.05625 0.0609375
1 0.5921875 0.62421875 0.08828125 0.065625
1 0.8296875 0.56796875 0.08515625 0.0703125
1 0.8375 0.4671875 0.09140625 0.06953125
0 0.69921875 0.9421875 0.09453125 0.0609375
1 0.7765625 0.2859375 0.0796875 0.05390625
1 0.82734375 0.6046875 0.08046875 0.065625
1 0.7625 0.42734375 0.0796875 0.04765625
0 0.43359375 0.32421875 0.06796875 0.05234375
0 0.35546875 0.38515625 0.0734375 0.05625
1 0.56328125 0.3015625 0.08125 0.0640625
1 0.9734375 0.44609375 0.053125 0.0578125
0 0.8359375 0.4328125 0.075 0.05703125
1 0.615625 0.4546875 0.08203125 0.0703125
1 0.61015625 0.48671875 0.08359375 0.06796875
1 0.7703125 0.365625 0.07890625 0.04921875
1 0.31875 0.53984375 0.08203125 0.065625
0 0.3734375 0.325 0.06171875 0.05234375
1 0.83359375 0.5 0.0953125 0.071875
1 0.77578125 0.30703125 0.08203125 0.05
1 0.97421875 0.415625 0.0484375 0.053125
0 0.4296875 0.35546875 0.06875 0.05546875
1 0.96953125 0.6453125 0.0609375 0.05625
1 0.28828125 0.978125 0.0890625 0.04375
1 0.9640625 0.8921875 0.071875 0.0625
0 0.06171875 0.778125 0.040625 0.05859375
1 0.734375 0.665625 0.0875 0.06328125
1 0.97265625 0.3859375 0.0421875 0.0484375
1 0.09609375 0.9296875 0.04609375 0.075
0 0.44296875 0.9828125 0.09921875 0.03359375
1 0.96953125 0.35859375 0.03359375 0.040625
0 0.95859375 0.28125 0.02578125 0.04609375
0 0.09296875 0.94765625 0.03203125 0.0703125