0 0.2421875 0.828125 0.0984375 0.0859375
0 0.4625 0.68359375 0.1 0.0859375
0 0.78046875 0.44609375 0.090625 0.0765625
0 0.5375 0.70390625 0.0953125 0.0859375
0 0.17265625 0.796875 0.09375 0.0859375
0 0.4171875 0.78125 0.096875 0.0828125
0 0.48828125 0.61015625 0.0875 0.078125
0 0.26015625 0.62578125 0.096875 0.0859375
0 0.47109375 0.89375 0.1 0.0890625
0 0.4 0.83359375 0.103125 0.09375
0 0.6515625 0.85859375 0.1078125 0.09375
0 0.68984375 0.74453125 0.10625 0.0953125
0 0.67421875 0.328125 0.0859375 0.0765625
1 0.4984375 0.825 0.096875 0.090625
0 0.1875 0.7609375 0.0890625 0.078125
0 0.259375 0.78828125 0.0953125 0.0828125
0 0.65234375 0.3828125 0.084375 0.075
0 0.7328125 0.89375 0.1046875 0.0921875
0 0.5203125 0.54609375 0.09375 0.0828125
0 0.20625 0.728125 0.0921875 0.0796875
0 0.63671875 0.90078125 0.1046875 0.09375
0 0.4328125 0.396875 0.0875 0.0734375
0 0.078125 0.68828125 0.0890625 0.078125
0 0.45703125 0.9375 0.0984375 0.0921875
1 0.32265625 0.64921875 0.09375 0.078125
0 0.80078125 0.39296875 0.0875 0.0671875
1 0.70859375 0.6765625 0.1015625 0.0890625
0 0.0609375 0.72421875 0.0890625 0.078125
1 0.91640625 0.8109375 0.0765625 0.0859375
0 0.86875 0.40546875 0.0796875 0.0671875
0 0.50625 0.57734375 0.0953125 0.084375
1 0.1546875 0.8375 0.090625 0.0765625
0 0.4765625 0.64453125 0.0890625 0.078125
0 0.12734375 0.9078125 0.096875 0.0734375
0 0.14140625 0.86796875 0.1 0.0859375
0 0.72578125 0.6328125 0.1 0.0890625
0 0.765625 0.5 0.0921875 0.078125
1 0.93828125 0.70390625 0.0734375 0.0765625
1 0.04375 0.765625 0.0875 0.0875
0 0.54296875 0.4890625 0.0890625 0.0765625
1 0.39609375 0.49296875 0.0984375 0.08125
0 0.375 0.903125 0.109375 0.0921875
0 0.55234375 0.66875 0.096875 0.078125
0 0.39375 0.33046875 0.0796875 0.0703125
0 0.58203125 0.36875 0.0859375 0.078125
0 0.35859375 0.4125 0.0859375 0.0734375
1 0.76953125 0.77109375 0.090625 0.078125
0 0.6640625 0.35859375 0.084375 0.0734375
1 0.48203125 0.86484375 0.096875 0.0859375
0 0.2265625 0.86640625 0.0984375 0.0875
0 0.36015625 0.94609375 0.109375 0.0875
0 0.62421875 0.93828125 0.1046875 0.0875
1 0.328125 0.4765625 0.09375 0.0796875
0 0.34453125 0.44140625 0.0875 0.075
0 0.36953125 0.5484375 0.09375 0.078125
0 0.6 0.53359375 0.0953125 0.084375
0 0.64296875 0.415625 0.0875 0.08125
0 0.9265625 0.7625 0.075 0.0796875
0 0.41953125 0.42890625 0.084375 0.0765625
0 0.8234375 0.30546875 0.084375 0.0703125
1 0.275 0.753125 0.1 0.084375
0 0.73671875 0.596875 0.0953125 0.08125
0 0.7484375 0.5625 0.0953125 0.08125
0 0.584375 0.56953125 0.09375 0.084375
1 0.58125 0.60625 0.09375 0.08125
1 0.946875 0.6671875 0.06875 0.0703125
0 0.02890625 0.6546875 0.0578125 0.071875
0 0.57421875 0.40078125 0.0859375 0.075
0 0.59296875 0.33828125 0.090625 0.078125
1 0.725 0.93515625 0.1109375 0.0984375
1 0.96015625 0.60078125 0.06875 0.06875
0 0.8828125 0.35078125 0.078125 0.065625
1 0.528125 0.51640625 0.0875 0.071875
1 0.63203125 0.45078125 0.090625 0.0828125
1 0.27421875 0.59375 0.0859375 0.0734375
1 0.2984375 0.534375 0.090625 0.078125
1 0.409375 0.4609375 0.0921875 0.0796875
1 0.21171875 0.9078125 0.0984375 0.090625
1 0.77890625 0.73359375 0.0921875 0.0765625
0 0.859375 0.43515625 0.0828125 0.06875
1 0.9546875 0.63515625 0.065625 0.0703125
1 0.553125 0.459375 0.0875 0.071875
1 0.34140625 0.61640625 0.09375 0.078125
1 0.44609375 0.37578125 0.0828125 0.06875
0 0.7046875 0.96640625 0.1 0.0671875
0 0.8984375 0.2921875 0.075 0.059375
1 0.8765625 0.3796875 0.0828125 0.0671875
0 0.85390625 0.46484375 0.0828125 0.06875
0 0.759375 0.53046875 0.096875 0.078125
1 0.56015625 0.43515625 0.0890625 0.0765625
1 0.3546875 0.584375 0.0953125 0.0796875
1 0.28515625 0.5671875 0.090625 0.0796875
1 0.38125 0.52109375 0.0953125 0.0765625
1 0.36796875 0.384375 0.0890625 0.071875
1 0.790625 0.6984375 0.090625 0.0796875
1 0.44296875 0.96640625 0.0984375 0.0671875
1 0.8875 0.9390625 0.0859375 0.096875
1 0.03515625 0.80078125 0.0703125 0.0828125
1 0.38515625 0.86875 0.1046875 0.0890625
0 0.89140625 0.31953125 0.078125 0.0640625
1 0.8203125 0.59609375 0.1046875 0.0921875
1 0.96640625 0.56796875 0.0671875 0.0703125
1 0.56640625 0.63984375 0.0984375 0.08125
1 0.8109375 0.6296875 0.096875 0.0859375
1 0.8375 0.53203125 0.103125 0.0859375
0 0.61015625 0.96640625 0.1046875 0.0671875
1 0.8125 0.34296875 0.0890625 0.06875
1 0.8015625 0.66484375 0.0921875 0.0796875
1 0.771875 0.47890625 0.0875 0.0625
0 0.46796875 0.31484375 0.0765625 0.0640625
0 0.3796875 0.359375 0.0828125 0.06875
1 0.6 0.3171875 0.0921875 0.078125
1 0.971875 0.53671875 0.05625 0.0671875
0 0.84296875 0.4984375 0.084375 0.0703125
1 0.621875 0.47734375 0.09375 0.084375
1 0.6109375 0.5078125 0.0953125 0.0828125
1 0.790625 0.41953125 0.0875 0.0640625
1 0.31484375 0.5046875 0.09375 0.0796875
0 0.409375 0.30390625 0.0703125 0.0625
1 0.82734375 0.56328125 0.1078125 0.0890625
1 0.8078125 0.36328125 0.090625 0.0640625
1 0.97578125 0.50703125 0.0484375 0.0609375
0 0.45859375 0.34453125 0.078125 0.0671875
1 0.9328125 0.73203125 0.0703125 0.0671875
1 0.20078125 0.92890625 0.0953125 0.059375
1 0.88046875 0.96796875 0.0828125 0.0640625
0 0.02109375 0.6890625 0.0421875 0.065625
1 0.6984375 0.70703125 0.0984375 0.078125
1 0.98046875 0.478125 0.0390625 0.05625
1 0.02578125 0.84453125 0.0515625 0.0828125
0 0.3515625 0.96328125 0.103125 0.0515625
1 0.98359375 0.45 0.0328125 0.046875
0 0.9875 0.371875 0.025 0.05
0 0.01875 0.8609375 0.0375 0.075