1 0.31875 0.7375 0.296875 0.2578125
0 0.8765625 0.528125 0.20625 0.1875
1 0.1578125 0.47734375 0.2234375 0.1828125
0 0.22265625 0.0875 0.15 0.1046875
0 0.1765625 0.3765625 0.2046875 0.1703125
1 0.340625 0.3765625 0.23125 0.18125
0 0.671875 0.39921875 0.2109375 0.175
0 0.8390625 0.4 0.19375 0.1734375
0 0.134375 0.734375 0.221875 0.234375
0 0.32265625 0.88515625 0.3328125 0.2296875
0 0.68828125 0.5265625 0.225 0.1984375
1 0.21796875 0.146875 0.1625 0.1265625
0 0.784375 0.22578125 0.1671875 0.1328125
0 0.13828125 0.89453125 0.1640625 0.2109375
0 0.8078125 0.3 0.1734375 0.14375
1 0.13515625 0.6 0.240625 0.203125
0 0.75234375 0.1390625 0.1640625 0.125
0 0.6390625 0.23125 0.1796875 0.1484375
0 0.340625 0.59609375 0.278125 0.23125
1 0.35078125 0.28828125 0.209375 0.1578125
0 0.35703125 0.21484375 0.190625 0.1359375
1 0.3375 0.46953125 0.2453125 0.1796875
0 0.6171875 0.1390625 0.1578125 0.11875
0 0.190625 0.28515625 0.1796875 0.1328125
0 0.73515625 0.71953125 0.2828125 0.3078125
0 0.7375 0.075 0.140625 0.1046875
1 0.20859375 0.2109375 0.1546875 0.1234375
0 0.9046875 0.703125 0.190625 0.290625
0 0.7296875 0.0390625 0.13125 0.078125
0 0.3609375 0.140625 0.165625 0.1078125
0 0.3640625 0.04453125 0.153125 0.08125
0 0.6015625 0.03671875 0.14375 0.0734375
0 0.6109375 0.0765625 0.1453125 0.1015625
1 0.359375 0.08046875 0.159375 0.103125
1 0.0265625 0.10546875 0.053125 0.0421875