0 0.796875 0.88828125 0.30625 0.2234375
0 0.04921875 0.8546875 0.0984375 0.15
0 0.07265625 0.73984375 0.1453125 0.1953125
0 0.24375 0.87421875 0.278125 0.209375
0 0.18359375 0.2765625 0.2046875 0.1359375
0 0.1125 0.4859375 0.225 0.165625
1 0.77421875 0.96796875 0.2953125 0.0640625
0 0.80078125 0.59140625 0.26875 0.159375
0 0.140625 0.37890625 0.21875 0.15
0 0.3921875 0.28984375 0.2046875 0.128125
0 0.80546875 0.47890625 0.2421875 0.134375
0 0.79375 0.721875 0.2890625 0.184375
0 0.8109375 0.3796875 0.2328125 0.1375
0 0.09296875 0.6 0.1859375 0.171875
0 0.36640625 0.37109375 0.2171875 0.121875
0 0.34296875 0.48671875 0.2296875 0.175
1 0.30703125 0.6078125 0.2515625 0.1625
0 0.27890625 0.72890625 0.2546875 0.165625
1 0.81640625 0.284375 0.2203125 0.1140625
0 0.83359375 0.071875 0.190625 0.071875
0 0.828125 0.1234375 0.1984375 0.1140625
0 0.82734375 0.20625 0.209375 0.1140625
0 0.2015625 0.13671875 0.1875 0.146875
0 0.41015625 0.1578125 0.2078125 0.125