0 0.8859375 0.734375 0.228125 0.240625
0 0.196875 0.97265625 0.184375 0.0546875
0 0.178125 0.9015625 0.215625 0.196875
0 0.41796875 0.9171875 0.2859375 0.165625
0 0.1203125 0.425 0.2078125 0.146875
0 0.13671875 0.64609375 0.2375 0.178125
1 0.903125 0.8484375 0.19375 0.153125
0 0.81171875 0.4609375 0.271875 0.175
0 0.12265625 0.53515625 0.225 0.1625
0 0.315625 0.3515625 0.209375 0.1390625
0 0.7703125 0.35703125 0.246875 0.1484375
0 0.85546875 0.58203125 0.2890625 0.2015625
0 0.73515625 0.26328125 0.2359375 0.15
0 0.15390625 0.7640625 0.228125 0.1828125
0 0.32578125 0.43671875 0.2203125 0.134375
0 0.35078125 0.5515625 0.2359375 0.1875
1 0.36796875 0.67734375 0.25625 0.1765625
0 0.39140625 0.79921875 0.259375 0.18125
1 0.7015625 0.17421875 0.221875 0.1265625
0 0.64609375 0.0421875 0.2015625 0.084375
0 0.6796875 0.0984375 0.2109375 0.1265625
0 0.08828125 0.2890625 0.1765625 0.15625
0 0.27890625 0.22421875 0.2109375 0.1375