0 0.4796875 0.4359375 0.1546875 0.1828125
1 0.375 0.36796875 0.13125 0.1453125
0 0.2984375 0.31171875 0.11875 0.1375
1 0.58359375 0.52421875 0.1515625 0.1796875
1 0.71640625 0.490625 0.1765625 0.121875
1 0.734375 0.3265625 0.1140625 0.1375
0 0.1421875 0.18828125 0.1109375 0.1078125
1 0.1921875 0.228125 0.0875 0.09375
1 0.6546875 0.27734375 0.1078125 0.13125
0 0.83671875 0.37265625 0.1421875 0.146875
1 0.11640625 0.85390625 0.2328125 0.1921875
1 0.2375 0.2765625 0.09375 0.1234375
1 0.88828125 0.7203125 0.1828125 0.1984375
1 0.5984375 0.409375 0.153125 0.10625
0 0.1140625 0.66953125 0.228125 0.2359375
0 0.7171875 0.63359375 0.1796875 0.221875
1 0.92421875 0.43125 0.10625 0.1328125
0 0.87421875 0.56953125 0.203125 0.1578125
1 0.39453125 0.13984375 0.065625 0.071875
0 0.5828125 0.2078125 0.090625 0.109375
1 0.5390625 0.08203125 0.059375 0.0671875
1 0.4125 0.28828125 0.1390625 0.0828125
1 0.496875 0.3328125 0.1453125 0.09375
0 0.74921875 0.15703125 0.071875 0.0953125
1 0.5875 0.09921875 0.0640625 0.071875
0 0.88515625 0.221875 0.0859375 0.1
1 0.81640625 0.20546875 0.0796875 0.090625
1 0.6359375 0.11953125 0.0671875 0.0796875
1 0.809375 0.28828125 0.1 0.0859375
1 0.4984375 0.06328125 0.0546875 0.0671875
1 0.5109375 0.19140625 0.08125 0.0921875
1 0.45078125 0.16328125 0.071875 0.078125
1 0.30625 0.09375 0.05625 0.0625
1 0.3484375 0.115625 0.059375 0.0671875
1 0.6875 0.13984375 0.065625 0.0828125
1 0.28515625 0.2078125 0.11875 0.0703125
1 0.3296875 0.240625 0.109375 0.0625
1 0.953125 0.28125 0.084375 0.1
1 0.24140625 0.17421875 0.1 0.0609375
1 0.45390625 0.05 0.053125 0.0625
1 0.51171875 0.14375 0.0765625 0.0546875
1 0.73125 0.24453125 0.1015625 0.078125
1 0.96875 0.40859375 0.0625 0.0828125
1 0.26484375 0.0828125 0.05 0.0578125
1 0.65625 0.20390625 0.0890625 0.065625
1 0.40703125 0.096875 0.06875 0.046875
0 0.95703125 0.196875 0.0796875 0.0859375
1 0.46015625 0.115625 0.075 0.0484375
1 0.915625 0.35 0.0890625 0.071875
0 0.3453125 0.06171875 0.0984375 0.0609375
1 0.828125 0.1625 0.0765625 0.06875
1 0.3703125 0.0828125 0.0828125 0.05
1 0.79140625 0.1140625 0.0609375 0.0546875
0 0.61484375 0.03046875 0.0453125 0.040625