0 0.18984375 0.82734375 0.1171875 0.1890625
1 0.1890625 0.659375 0.109375 0.1734375
0 0.5109375 0.63125 0.1078125 0.1703125
0 0.34765625 0.6453125 0.10625 0.171875
0 0.87734375 0.60390625 0.1140625 0.175
0 0.29609375 0.653125 0.10625 0.171875
0 0.25234375 0.8234375 0.1140625 0.1859375
0 0.29140625 0.321875 0.096875 0.153125
0 0.83359375 0.284375 0.10625 0.15625
0 0.34453125 0.32109375 0.1015625 0.159375
1 0.47109375 0.8015625 0.1140625 0.184375
0 0.353125 0.80859375 0.1140625 0.19375
1 0.5421875 0.30546875 0.10625 0.159375
1 0.2390625 0.65703125 0.1078125 0.171875
0 0.6140625 0.6296875 0.103125 0.165625
0 0.89765625 0.76328125 0.1234375 0.190625
1 0.45078125 0.63515625 0.1078125 0.1703125
0 0.93515625 0.2796875 0.1078125 0.159375
0 0.73203125 0.28515625 0.1109375 0.165625
0 0.74140625 0.784375 0.1203125 0.1921875
1 0.521875 0.7984375 0.115625 0.190625
1 0.57421875 0.790625 0.11875 0.1890625
0 0.38984375 0.31796875 0.103125 0.165625
1 0.82734375 0.60546875 0.10625 0.1734375
1 0.846875 0.775 0.1234375 0.190625
1 0.7703125 0.60546875 0.103125 0.1703125
1 0.19140625 0.32578125 0.096875 0.15625
1 0.66484375 0.62109375 0.109375 0.1734375
1 0.4890625 0.309375 0.10625 0.165625
1 0.24609375 0.32109375 0.096875 0.1578125
1 0.7890625 0.290625 0.1125 0.1625
1 0.41171875 0.80859375 0.115625 0.1890625
1 0.40234375 0.63828125 0.1015625 0.1671875
0 0.63046875 0.7890625 0.1140625 0.1875
1 0.7234375 0.6109375 0.1046875 0.1703125
1 0.30546875 0.8125 0.1140625 0.190625
1 0.6875 0.78359375 0.1171875 0.1828125
1 0.88984375 0.2859375 0.1078125 0.15625
0 0.790625 0.77109375 0.11875 0.1859375
1 0.9265625 0.596875 0.109375 0.171875
1 0.55703125 0.6296875 0.103125 0.165625
0 0.63671875 0.2890625 0.1015625 0.146875
0 0.5875 0.29765625 0.1 0.140625
1 0.14296875 0.33046875 0.0984375 0.1625
0 0.08671875 0.33046875 0.10625 0.1734375
1 0.68984375 0.29453125 0.109375 0.1609375
1 0.44296875 0.31875 0.103125 0.1640625
0 0.96015625 0.5921875 0.0796875 0.178125
1 0.93671875 0.75859375 0.0859375 0.184375
1 0.9640625 0.2734375 0.071875 0.153125