0 0.92890625 0.2515625 0.1078125 0.1609375
0 0.74453125 0.26484375 0.109375 0.1625
0 0.25859375 0.91640625 0.1828125 0.15859375
0 0.08359375 0.13671875 0.08125 0.12265625
0 0.80859375 0.26640625 0.1109375 0.159375
0 0.87109375 0.25625 0.1046875 0.15625
0 0.146875 0.1453125 0.078125 0.115625
0 0.53515625 0.30234375 0.10078125 0.14375
0 0.29609375 0.053125 0.0703125 0.0828125
0 0.21328125 0.13671875 0.078125 0.12265625
0 0.91015625 0.84296875 0.1765625 0.2765625
0 0.80078125 0.859375 0.21171875 0.259375
0 0.3625 0.4875 0.13515625 0.18359375
0 0.0265625 0.15 0.053125 0.11875
0 0.603125 0.2921875 0.09921875 0.14921875
0 0.684375 0.8828125 0.20859375 0.22578125
0 0.37421875 0.30859375 0.09296875 0.14921875
0 0.21953125 0.3125 0.09453125 0.15703125
0 0.18046875 0.0609375 0.07109375 0.08046875
0 0.6375 0.1234375 0.0734375 0.103125
0 0.1296875 0.31328125 0.096875 0.16640625
0 0.675 0.278125 0.0953125 0.15
0 0.303125 0.3109375 0.08984375 0.15
0 0.04296875 0.32265625 0.0859375 0.1578125
0 0.52265625 0.1328125 0.07421875 0.10546875
0 0.45390625 0.3046875 0.09296875 0.146875
0 0.45234375 0.05078125 0.0640625 0.0875
0 0.40390625 0.0546875 0.06484375 0.0859375
0 0.65859375 0.0453125 0.08359375 0.0875
0 0.5765625 0.13515625 0.07421875 0.11015625
0 0.46015625 0.134375 0.0703125 0.1078125
0 0.34140625 0.1359375 0.0796875 0.12109375
0 0.40859375 0.90078125 0.1765625 0.1921875
0 0.23359375 0.05625 0.06640625 0.08125
0 0.26875 0.50078125 0.1453125 0.20078125
0 0.50390625 0.0515625 0.0671875 0.08828125
0 0.46015625 0.48125 0.13828125 0.18359375
1 0.803125 0.4390625 0.13359375 0.178125
0 0.74609375 0.1203125 0.07265625 0.10234375
0 0.69453125 0.12109375 0.07421875 0.10625
0 0.0625 0.525 0.125 0.20390625
0 0.7171875 0.4375 0.134375 0.18984375
0 0.1171875 0.93515625 0.171875 0.1296875
0 0.28203125 0.1375 0.07578125 0.115625
0 0.875 0.42109375 0.153125 0.196875
0 0.5546875 0.884375 0.18203125 0.22578125
0 0.5578125 0.0484375 0.06953125 0.0890625
0 0.40625 0.13359375 0.07421875 0.11484375
0 0.35 0.0546875 0.06875 0.08515625
0 0.17265625 0.51484375 0.1390625 0.2015625
0 0.60546875 0.04609375 0.071875 0.0890625
0 0.76015625 0.040625 0.0765625 0.08125
0 0.640625 0.4546875 0.121875 0.1859375
0 0.70859375 0.0453125 0.07265625 0.0875
0 0.55546875 0.4671875 0.12734375 0.1765625
0 0.8453125 0.10703125 0.06875 0.11015625
0 0.7953125 0.115625 0.0671875 0.10703125
0 0.94453125 0.40703125 0.1109375 0.1984375
0 0.95625 0.8015625 0.0875 0.30078125
0 0.9609375 0.246875 0.05078125 0.1546875
0 0.51953125 0.0046875 0.06640625 0.009375
0 0.69375 0.0046875 0.0703125 0.00859375