0 0.79453125 0.33984375 0.11328125 0.12734375
0 0.89140625 0.33046875 0.109375 0.128125
0 0.52734375 0.37734375 0.115625 0.1234375
0 0.23671875 0.69140625 0.12578125 0.1578125
0 0.34453125 0.40859375 0.11328125 0.12109375
0 0.25234375 0.42109375 0.1140625 0.11875
0 0.16015625 0.43046875 0.12421875 0.11953125
0 0.43515625 0.39140625 0.11171875 0.1171875
0 0.609375 0.37109375 0.11484375 0.13046875
0 0.121875 0.18125 0.10703125 0.1171875
0 0.70078125 0.3515625 0.11796875 0.11875
0 0.51796875 0.13046875 0.08984375 0.10546875
0 0.5875 0.12109375 0.0953125 0.109375
0 0.66640625 0.10625 0.09296875 0.11171875
0 0.5640625 0.8109375 0.14921875 0.1609375
0 0.20390625 0.16171875 0.1046875 0.11796875
0 0.2265625 0.8515625 0.1515625 0.16953125
0 0.8296875 0.09140625 0.10625 0.11953125
0 0.340625 0.83203125 0.14765625 0.16640625
0 0.33671875 0.68125 0.1234375 0.1421875
0 0.7484375 0.1015625 0.103125 0.115625
0 0.78671875 0.7796875 0.140625 0.1625
0 0.653125 0.63984375 0.1296875 0.16875
0 0.28359375 0.1671875 0.09453125 0.11171875
0 0.43671875 0.13984375 0.09765625 0.11015625
0 0.44765625 0.81640625 0.146875 0.1625
0 0.671875 0.7921875 0.14140625 0.15859375
1 0.76484375 0.63203125 0.1234375 0.15390625
0 0.4421875 0.66171875 0.12890625 0.15859375
0 0.353125 0.153125 0.1 0.11484375
1 0.07890625 0.44375 0.12109375 0.12265625
0 0.1171875 0.859375 0.1375 0.16953125
0 0.953125 0.59296875 0.09375 0.15390625
0 0.89765625 0.76015625 0.1359375 0.16796875
0 0.8609375 0.60078125 0.1140625 0.15078125
0 0.04375 0.19296875 0.0875 0.11484375
0 0.9 0.0734375 0.0953125 0.11484375
1 0.5484375 0.64609375 0.13125 0.16171875
1 0.134375 0.70078125 0.14921875 0.1578125
0 0.02421875 0.44765625 0.04765625 0.12265625
0 0.05625 0.70546875 0.08359375 0.1515625
0 0.9703125 0.74765625 0.059375 0.1703125
0 0.959375 0.31640625 0.06171875 0.13515625