0 0.46796875 0.440625 0.12578125 0.16171875
1 0.35234375 0.39453125 0.109375 0.12734375
0 0.26640625 0.35390625 0.096875 0.121875
1 0.58671875 0.5078125 0.1234375 0.15859375
1 0.7109375 0.44921875 0.1625 0.09296875
1 0.696875 0.28515625 0.09296875 0.12265625
0 0.0890625 0.2625 0.0953125 0.090625
1 0.14609375 0.2921875 0.0734375 0.08125
1 0.609375 0.2515625 0.0875 0.1171875
0 0.80625 0.3109375 0.11953125 0.1265625
1 0.17578125 0.9234375 0.23984375 0.14921875
1 0.2 0.33046875 0.07421875 0.1109375
1 0.9234375 0.6421875 0.153125 0.171875
1 0.5796875 0.3921875 0.140625 0.08046875
0 0.13203125 0.74453125 0.240625 0.19375
0 0.7390625 0.58984375 0.14453125 0.19765625
1 0.903125 0.3515625 0.084375 0.11953125
0 0.88046875 0.496875 0.18203125 0.125
1 0.32734375 0.16640625 0.0546875 0.0625
0 0.52578125 0.19765625 0.07421875 0.096875
1 0.45859375 0.08203125 0.0484375 0.05859375
1 0.3734375 0.30859375 0.1296875 0.059375
1 0.46484375 0.33671875 0.13515625 0.06953125
0 0.67890625 0.115625 0.05703125 0.08671875
1 0.509375 0.08984375 0.053125 0.06328125
0 0.825 0.153125 0.0703125 0.0875
1 0.7546875 0.15078125 0.06484375 0.08046875
1 0.5609375 0.10078125 0.0546875 0.07109375
1 0.76328125 0.2328125 0.08828125 0.07109375
1 0.41484375 0.071875 0.04453125 0.06015625
1 0.4515625 0.1953125 0.06640625 0.08125
1 0.3875 0.17890625 0.059375 0.06875
1 0.23203125 0.13828125 0.04609375 0.05546875
1 0.278125 0.1515625 0.0484375 0.05859375
1 0.615625 0.1109375 0.05234375 0.0734375
1 0.23359375 0.25390625 0.1109375 0.05
1 0.28359375 0.278125 0.103125 0.04375
1 0.903125 0.1984375 0.06875 0.0890625
1 0.184375 0.2296875 0.09296875 0.04375
1 0.36875 0.0671875 0.04296875 0.05546875
1 0.44375 0.14765625 0.06953125 0.0421875
1 0.678125 0.20546875 0.0921875 0.0609375
1 0.95078125 0.3203125 0.0640625 0.07265625
1 0.18984375 0.13515625 0.040625 0.0515625
1 0.596875 0.1796875 0.08046875 0.05078125
1 0.33203125 0.121875 0.0625 0.0359375
0 0.890625 0.115625 0.06640625 0.07421875
1 0.3875 0.13046875 0.06875 0.03671875
1 0.8796875 0.2734375 0.0796875 0.0578125
0 0.26484375 0.09921875 0.0921875 0.04453125
1 0.7578125 0.10625 0.0671875 0.05625
1 0.29296875 0.115625 0.0765625 0.03671875
1 0.7125 0.065625 0.05234375 0.04609375
0 0.5234375 0.0171875 0.0390625 0.034375