0 0.47890625 0.384375 0.15 0.21953125
0 0.5890625 0.38359375 0.153125 0.20859375
0 0.69375 0.4125 0.1625 0.2171875
0 0.3734375 0.3546875 0.15 0.21953125
0 0.26640625 0.32890625 0.14765625 0.221875
0 0.20390625 0.0875 0.1171875 0.121875
0 0.26640625 0.10078125 0.10390625 0.11484375
0 0.16328125 0.3015625 0.146875 0.1984375
0 0.41171875 0.128125 0.103125 0.11484375
1 0.796875 0.43359375 0.16953125 0.2140625
0 0.42578125 0.6 0.1671875 0.28125
0 0.9078125 0.44453125 0.171875 0.2171875
0 0.13671875 0.5421875 0.21484375 0.32890625
0 0.33828125 0.11484375 0.09921875 0.1171875
0 0.54921875 0.1578125 0.09140625 0.0984375
1 0.56875 0.6265625 0.18671875 0.28984375
0 0.478125 0.14375 0.09296875 0.109375
0 0.07890625 0.2859375 0.11953125 0.1984375
0 0.56328125 0.08828125 0.08203125 0.08046875
0 0.6203125 0.16875 0.08125 0.09609375
0 0.69296875 0.17265625 0.0828125 0.103125
0 0.83984375 0.1984375 0.09296875 0.10625
0 0.07421875 0.50703125 0.14609375 0.3484375
0 0.128125 0.08671875 0.11328125 0.1109375
0 0.28046875 0.56328125 0.1875 0.2875
0 0.90703125 0.21484375 0.09765625 0.11328125
1 0.7015625 0.65390625 0.19453125 0.3046875
0 0.8609375 0.66328125 0.2046875 0.31171875
0 0.9640625 0.225 0.071875 0.12578125
0 0.446875 0.065625 0.07265625 0.08125
0 0.62578125 0.09609375 0.0859375 0.0875
0 0.33125 0.0359375 0.0765625 0.071875
0 0.87421875 0.1234375 0.0984375 0.0953125
0 0.76796875 0.190625 0.0890625 0.10078125
0 0.94609375 0.13046875 0.09921875 0.1
0 0.690625 0.1046875 0.0828125 0.08984375
0 0.3875 0.040625 0.06953125 0.0765625
0 0.275 0.0296875 0.08359375 0.059375
0 0.75625 0.1125 0.07890625 0.08515625
0 0.50859375 0.0796875 0.07265625 0.0765625
1 0.80546875 0.12265625 0.08046875 0.084375
0 0.97265625 0.44140625 0.05390625 0.20703125
0 0.98046875 0.1359375 0.03828125 0.09609375
0 0.0890625 0.0734375 0.053125 0.1140625
0 0.15390625 0.0234375 0.09453125 0.046875
0 0.209375 0.02265625 0.0828125 0.0453125
0 0.0984375 0.05 0.05 0.0984375