1 0.2734375 0.69453125 0.259375 0.20859375
0 0.8625 0.60546875 0.178125 0.15390625
1 0.1703125 0.40703125 0.19765625 0.14453125
0 0.3140625 0.0390625 0.1375 0.078125
0 0.209375 0.31171875 0.1796875 0.1359375
1 0.36953125 0.34609375 0.20625 0.14140625
0 0.6890625 0.4375 0.1859375 0.1390625
0 0.85234375 0.47265625 0.1671875 0.1421875
0 0.09375 0.653125 0.18359375 0.2
0 0.24140625 0.8671875 0.2921875 0.2296875
0 0.67890625 0.56484375 0.19609375 0.1609375
1 0.29765625 0.09609375 0.14609375 0.09765625
0 0.83515625 0.290625 0.14921875 0.10390625
0 0.06171875 0.82109375 0.1234375 0.2109375
0 0.84296875 0.36875 0.15234375 0.11484375
1 0.12265625 0.521875 0.21171875 0.16328125
0 0.821875 0.19921875 0.146875 0.096875
0 0.6921875 0.26640625 0.15859375 0.11796875
0 0.32421875 0.5609375 0.2453125 0.18359375
1 0.3984375 0.26171875 0.18828125 0.121875
0 0.41953125 0.19140625 0.17265625 0.10234375
1 0.34765625 0.43671875 0.221875 0.1359375
0 0.68984375 0.17109375 0.1421875 0.090625
0 0.2421875 0.22578125 0.16171875 0.1015625
0 0.684375 0.76328125 0.23203125 0.265625
0 0.8203125 0.13359375 0.12734375 0.0796875
1 0.275 0.15703125 0.13828125 0.09609375
0 0.878125 0.7890625 0.1890625 0.25703125
0 0.82265625 0.08828125 0.11796875 0.0734375
0 0.4390625 0.11953125 0.153125 0.078125
0 0.46171875 0.0265625 0.14453125 0.053125
0 0.69921875 0.05625 0.13203125 0.07265625
0 0.696875 0.10859375 0.1328125 0.07578125
1 0.45 0.06015625 0.14765625 0.0734375
1 0.115625 0.015625 0.0546875 0.03125