1 0.15546875 0.7109375 0.13671875 0.2109375
0 0.48125 0.859375 0.13359375 0.215625
0 0.6421875 0.30078125 0.1234375 0.1953125
0 0.55703125 0.6765625 0.12421875 0.19375
1 0.71328125 0.7515625 0.128125 0.20390625
0 0.60625 0.70234375 0.12734375 0.19765625
1 0.6640625 0.7296875 0.12734375 0.20078125
1 0.4296875 0.83828125 0.13671875 0.22109375
0 0.65234375 0.9078125 0.1359375 0.175
1 0.36953125 0.80625 0.13515625 0.21328125
0 0.58984375 0.8984375 0.13359375 0.203125
1 0.5078125 0.65625 0.12421875 0.196875
1 0.2671875 0.765625 0.1359375 0.2140625
1 0.8890625 0.40625 0.11953125 0.19140625
1 0.53828125 0.88359375 0.1359375 0.21953125
1 0.34453125 0.16796875 0.11953125 0.178125
0 0.0546875 0.665625 0.109375 0.20078125
1 0.78828125 0.35703125 0.11484375 0.18203125
1 0.31953125 0.7828125 0.1359375 0.21484375
1 0.4984375 0.23359375 0.1171875 0.1734375
1 0.44921875 0.63671875 0.1265625 0.20078125
1 0.54296875 0.2546875 0.11953125 0.1828125
0 0.3015625 0.14453125 0.121875 0.18359375
0 0.046875 0.44921875 0.09375 0.20703125
1 0.240625 0.53984375 0.12890625 0.2015625
0 0.6890625 0.315625 0.11796875 0.18203125
1 0.84140625 0.37734375 0.11484375 0.1796875
0 0.9359375 0.425 0.12109375 0.196875
1 0.5890625 0.27421875 0.11875 0.1859375
0 0.7421875 0.33828125 0.11484375 0.178125
0 0.21171875 0.7421875 0.128125 0.2078125
1 0.24140625 0.13125 0.12109375 0.1828125
0 0.40078125 0.60703125 0.12109375 0.19453125
1 0.18984375 0.5171875 0.12578125 0.203125
0 0.2953125 0.56640625 0.115625 0.19375
0 0.446875 0.209375 0.1109375 0.16484375
0 0.40078125 0.1890625 0.1109375 0.16796875
1 0.084375 0.47109375 0.12421875 0.203125
1 0.13359375 0.496875 0.1234375 0.19609375
0 0.1015625 0.6859375 0.13359375 0.20546875
1 0.34609375 0.58515625 0.12421875 0.19609375
0 0.196875 0.11015625 0.11015625 0.17578125
1 0.14375 0.09453125 0.1046875 0.171875
1 0.02890625 0.6375 0.0578125 0.19375
1 0.01953125 0.43125 0.0390625 0.19375