0 0.86015625 0.83125 0.27890625 0.178125
0 0.0796875 0.93515625 0.159375 0.1234375
0 0.090625 0.815625 0.18125 0.165625
0 0.3125 0.91328125 0.25234375 0.16796875
0 0.15 0.33515625 0.1890625 0.10390625
0 0.1125 0.55390625 0.2125 0.13046875
1 0.8578125 0.9484375 0.284375 0.0875
0 0.81171875 0.5375 0.2515625 0.1171875
0 0.125 0.44296875 0.20234375 0.11640625
0 0.35703125 0.31171875 0.19140625 0.09609375
0 0.796875 0.4265625 0.2296875 0.09609375
0 0.828125 0.6671875 0.26796875 0.140625
0 0.78515625 0.32734375 0.21875 0.10078125
0 0.1 0.67265625 0.2 0.1390625
0 0.34609375 0.39609375 0.20546875 0.0875
0 0.34296875 0.5140625 0.20859375 0.14140625
1 0.32890625 0.63984375 0.2328125 0.12421875
0 0.321875 0.7640625 0.2359375 0.12734375
1 0.77421875 0.2328125 0.209375 0.07890625
0 0.75390625 0.0203125 0.18671875 0.03984375
0 0.7578125 0.071875 0.18671875 0.0828125
0 0.77109375 0.15390625 0.19765625 0.08046875
0 0.14296875 0.19375 0.16953125 0.11953125
0 0.35234375 0.17890625 0.19453125 0.09296875