1 0.48203125 0.24765625 0.18125 0.225
1 0.59140625 0.24296875 0.1734375 0.2203125
1 0.8140625 0.24765625 0.16875 0.21875
1 0.3671875 0.25390625 0.18125 0.225
1 0.97734375 0.23671875 0.0453125 0.2046875
0 0.25 0.25234375 0.1734375 0.234375
0 0.690625 0.240625 0.16875 0.234375
0 0.92421875 0.23515625 0.1515625 0.2171875
1 0.35546875 0.08828125 0.1546875 0.1765625
1 0.87109375 0.8578125 0.165625 0.2546875
1 0.6265625 0.64296875 0.1671875 0.24375
1 0.13125 0.25 0.1859375 0.234375
0 0.45859375 0.08515625 0.1484375 0.1703125
1 0.5671875 0.08828125 0.15625 0.1765625
0 0.2625 0.8546875 0.1796875 0.23125
1 0.7640625 0.8609375 0.1828125 0.259375
1 0.13671875 0.84765625 0.1703125 0.19375
1 0.3734375 0.65546875 0.15625 0.2375
1 0.24140625 0.0859375 0.1484375 0.171875
1 0.73984375 0.64296875 0.1625 0.2453125
0 0.384375 0.8625 0.1859375 0.2625
1 0.6328125 0.8625 0.1859375 0.265625
1 0.03828125 0.66171875 0.0765625 0.2421875
1 0.1359375 0.08515625 0.14375 0.1703125
0 0.04609375 0.82734375 0.0921875 0.1734375
0 0.5125 0.8625 0.175 0.275
1 0.25390625 0.65546875 0.15625 0.240625
0 0.85546875 0.63828125 0.1609375 0.234375
1 0.12578125 0.66640625 0.1515625 0.23125
1 0.50546875 0.64609375 0.1609375 0.2375
1 0.6703125 0.090625 0.134375 0.1484375
1 0.0640625 0.25625 0.0859375 0.2109375
1 0.94609375 0.6390625 0.1078125 0.234375