1 0.446875 0.25234375 0.15625 0.209375
1 0.5546875 0.2328125 0.1484375 0.2046875
1 0.77578125 0.20703125 0.1453125 0.2046875
1 0.334375 0.27421875 0.15625 0.209375
1 0.9625 0.16640625 0.075 0.1953125
0 0.21796875 0.2890625 0.146875 0.2203125
0 0.653125 0.21640625 0.140625 0.2203125
0 0.8859375 0.178125 0.1328125 0.203125
1 0.29765625 0.096875 0.1296875 0.19375
1 0.9171875 0.80234375 0.134375 0.2421875
1 0.64453125 0.6234375 0.1375 0.23125
1 0.1 0.30390625 0.159375 0.21875
0 0.39921875 0.08671875 0.1265625 0.1734375
1 0.509375 0.08203125 0.1375 0.1640625
0 0.3140625 0.884375 0.153125 0.215625
1 0.81171875 0.82109375 0.153125 0.24375
1 0.1890625 0.89453125 0.1484375 0.178125
1 0.39609375 0.67109375 0.128125 0.2265625
1 0.184375 0.109375 0.125 0.1953125
1 0.75703125 0.6078125 0.1328125 0.2328125
0 0.4359375 0.875 0.1546875 0.2484375
1 0.68203125 0.83984375 0.15625 0.25
1 0.04453125 0.72890625 0.0890625 0.2328125
1 0.07890625 0.11953125 0.11875 0.2
0 0.0671875 0.89140625 0.134375 0.1578125
0 0.5625 0.85859375 0.1421875 0.265625
1 0.278125 0.68828125 0.128125 0.2296875
0 0.87109375 0.5875 0.1328125 0.221875
1 0.153125 0.7171875 0.1234375 0.2203125
1 0.52578125 0.64375 0.1328125 0.225
1 0.61171875 0.07109375 0.11875 0.1359375
1 0.034375 0.31953125 0.059375 0.2078125
1 0.9609375 0.57578125 0.078125 0.2296875