0 0.2515625 0.87578125 0.1 0.18125
1 0.22109375 0.7109375 0.09375 0.165625
0 0.53359375 0.62734375 0.0921875 0.1625
0 0.375 0.66953125 0.090625 0.1640625
0 0.88984375 0.53671875 0.096875 0.1671875
0 0.32578125 0.6859375 0.090625 0.1640625
0 0.3125 0.86171875 0.096875 0.178125
0 0.2640625 0.36015625 0.0828125 0.146875
0 0.790625 0.2296875 0.0921875 0.1484375
0 0.315625 0.35078125 0.0859375 0.1515625
1 0.5234375 0.8015625 0.096875 0.1765625
0 0.409375 0.82890625 0.0953125 0.1859375
1 0.5078125 0.30078125 0.090625 0.1515625
1 0.2703125 0.7 0.0921875 0.1640625
0 0.63515625 0.6078125 0.0875 0.1578125
0 0.9375 0.690625 0.10625 0.1828125
1 0.475 0.64140625 0.0921875 0.1625
0 0.88984375 0.20703125 0.09375 0.1515625
0 0.69140625 0.24765625 0.0953125 0.15625
0 0.7875 0.7375 0.103125 0.1828125
1 0.5734375 0.78984375 0.096875 0.18125
1 0.6234375 0.7734375 0.1 0.18125
0 0.36015625 0.33984375 0.0875 0.1578125
1 0.840625 0.546875 0.090625 0.165625
1 0.88984375 0.7109375 0.10625 0.1828125
1 0.784375 0.55703125 0.0875 0.1625
1 0.165625 0.38203125 0.08125 0.15
1 0.6828125 0.590625 0.09375 0.165625
1 0.45625 0.3140625 0.090625 0.1578125
1 0.21875 0.36796875 0.0828125 0.1515625
1 0.7484375 0.24375 0.096875 0.1546875
1 0.46640625 0.81953125 0.096875 0.18125
1 0.428125 0.653125 0.0859375 0.1609375
0 0.67890625 0.76171875 0.096875 0.1796875
1 0.7390625 0.5703125 0.0890625 0.1640625
1 0.3625 0.84140625 0.096875 0.1828125
1 0.73359375 0.746875 0.1 0.175
1 0.846875 0.22109375 0.09375 0.1484375
0 0.83359375 0.71640625 0.1015625 0.178125
1 0.93671875 0.52109375 0.09375 0.1640625
1 0.578125 0.61796875 0.0875 0.159375
0 0.5984375 0.26796875 0.0875 0.1390625
0 0.55078125 0.2859375 0.0859375 0.1328125
1 0.11875 0.3953125 0.0828125 0.15625
0 0.06328125 0.4046875 0.090625 0.165625
1 0.6515625 0.26484375 0.0953125 0.1515625
1 0.41171875 0.33125 0.0875 0.1578125
0 0.96875 0.51015625 0.0625 0.1734375
1 0.9703125 0.67890625 0.059375 0.1796875
1 0.92265625 0.1953125 0.0671875 0.146875