0 0.5328125 0.13984375 0.090625 0.2796875
1 0.61875 0.81953125 0.10703125 0.3515625
1 0.7015625 0.80859375 0.11015625 0.35078125
0 0.6578125 0.13203125 0.0890625 0.26328125
0 0.590625 0.13671875 0.0875 0.2734375
0 0.7171875 0.121875 0.084375 0.24375
0 0.78046875 0.12265625 0.08515625 0.24453125
0 0.4078125 0.153125 0.09765625 0.2984375
0 0.46875 0.14765625 0.0953125 0.2953125
0 0.28984375 0.1609375 0.10546875 0.29375
0 0.9078125 0.11875 0.090625 0.2375
1 0.34296875 0.15859375 0.10546875 0.29921875
1 0.84921875 0.1203125 0.0890625 0.240625
0 0.1625 0.17578125 0.10703125 0.31328125
1 0.78046875 0.79140625 0.11953125 0.36796875
0 0.053125 0.18046875 0.10625 0.3015625
0 0.93515625 0.7578125 0.1234375 0.390625
0 0.5375 0.8015625 0.1078125 0.38203125
1 0.10625 0.184375 0.109375 0.31171875
0 0.86015625 0.75625 0.13203125 0.4078125
0 0.38671875 0.7984375 0.1234375 0.3859375
0 0.23515625 0.8109375 0.11328125 0.378125
0 0.065625 0.79296875 0.11875 0.4
0 0.2953125 0.77578125 0.11875 0.43046875
0 0.97578125 0.74921875 0.0484375 0.3671875
0 0.0265625 0.190625 0.053125 0.30625
1 0.94375 0.11640625 0.04921875 0.2328125