1 0.840625 0.78671875 0.2515625 0.2984375
0 0.82421875 0.58671875 0.196875 0.190625
0 0.69375 0.54609375 0.203125 0.2015625
0 0.521875 0.29609375 0.1140625 0.1171875
0 0.16171875 0.1671875 0.134375 0.140625
0 0.303125 0.225 0.125 0.125
0 0.59765625 0.31875 0.1125 0.1234375
1 0.5625 0.69921875 0.2390625 0.26875
1 0.58046875 0.51015625 0.2140625 0.2046875
1 0.6984375 0.74609375 0.265625 0.29375
0 0.47578125 0.45625 0.1921875 0.2015625
0 0.375 0.41875 0.18125 0.2
0 0.67421875 0.34453125 0.121875 0.1265625
1 0.271875 0.6015625 0.234375 0.2625
0 0.91953125 0.615625 0.153125 0.1921875
1 0.45 0.26875 0.1203125 0.1203125
0 0.13671875 0.328125 0.2078125 0.2265625
0 0.4234375 0.640625 0.240625 0.271875
1 0.25625 0.3828125 0.21875 0.2125
0 0.12421875 0.5296875 0.234375 0.284375
0 0.753125 0.36953125 0.121875 0.128125
0 0.37890625 0.24375 0.1171875 0.1234375
1 0.2265625 0.19921875 0.1234375 0.11875
0 0.8328125 0.4 0.146875 0.1546875
1 0.10546875 0.15390625 0.0890625 0.13125
1 0.05078125 0.50390625 0.1015625 0.2609375
0 0.06171875 0.325 0.109375 0.2140625