1 0.69453125 0.79765625 0.134375 0.25390625
1 0.7796875 0.3625 0.09609375 0.12890625
0 0.85625 0.60234375 0.12734375 0.190625
1 0.8078125 0.8109375 0.15546875 0.26484375
1 0.76875 0.5921875 0.11640625 0.18125
1 0.40078125 0.771875 0.1234375 0.25625
1 0.3078125 0.7609375 0.12109375 0.24921875
0 0.59453125 0.78984375 0.11796875 0.26484375
0 0.903125 0.825 0.15234375 0.2828125
0 0.49765625 0.77734375 0.1125 0.25625
1 0.9375 0.60390625 0.10703125 0.17890625
1 0.67734375 0.58515625 0.096875 0.16953125
1 0.58828125 0.58125 0.09921875 0.16640625
0 0.503125 0.5765625 0.0953125 0.15625
1 0.42578125 0.5640625 0.09140625 0.15625
0 0.846875 0.36875 0.09296875 0.13671875
1 0.21015625 0.753125 0.1359375 0.24375
1 0.34765625 0.5578125 0.09375 0.16015625
0 0.38984375 0.34296875 0.07890625 0.1046875
0 0.703125 0.359375 0.0890625 0.12734375
0 0.64296875 0.3578125 0.07421875 0.109375
1 0.5203125 0.34765625 0.075 0.09921875
1 0.9109375 0.37265625 0.0953125 0.13984375
1 0.4546875 0.3484375 0.06875 0.084375
1 0.5765625 0.3625 0.07578125 0.11484375
1 0.9625 0.38203125 0.075 0.15625