0 0.5703125 0.1453125 0.11875 0.2875
1 0.584375 0.825 0.14375 0.35
1 0.6671875 0.8234375 0.146875 0.353125
0 0.6953125 0.15078125 0.115625 0.271875
0 0.628125 0.1484375 0.115625 0.28125
0 0.75546875 0.146875 0.109375 0.2515625
0 0.81875 0.15390625 0.1109375 0.2515625
0 0.44375 0.14921875 0.128125 0.2984375
0 0.5046875 0.1484375 0.125 0.296875
0 0.32578125 0.14609375 0.1359375 0.2921875
0 0.94375 0.16328125 0.1125 0.2453125
1 0.37890625 0.14921875 0.1359375 0.2984375
1 0.88671875 0.15859375 0.1140625 0.2484375
0 0.19765625 0.1515625 0.1390625 0.303125
1 0.74765625 0.81484375 0.1578125 0.3703125
0 0.0890625 0.1453125 0.1375 0.290625
0 0.90546875 0.8 0.1640625 0.4
0 0.50546875 0.80390625 0.146875 0.390625
1 0.140625 0.153125 0.140625 0.30625
0 0.83046875 0.79140625 0.1734375 0.4171875
0 0.35625 0.78515625 0.1625 0.396875
0 0.20390625 0.78125 0.1515625 0.3875
0 0.05859375 0.74609375 0.1171875 0.4109375
0 0.26796875 0.753125 0.1625 0.440625
0 0.946875 0.79765625 0.0859375 0.3703125
0 0.0609375 0.1484375 0.084375 0.296875
1 0.971875 0.16484375 0.05625 0.2359375