1 0.88125 0.7296875 0.2125 0.26796875
0 0.83359375 0.53515625 0.17265625 0.16640625
0 0.6984375 0.51484375 0.178125 0.1765625
0 0.48984375 0.2953125 0.09921875 0.103125
0 0.1140625 0.22421875 0.1171875 0.1234375
0 0.2625 0.259375 0.10859375 0.10859375
0 0.56796875 0.30546875 0.096875 0.11015625
1 0.59296875 0.68671875 0.2046875 0.2390625
1 0.58125 0.49765625 0.1890625 0.17734375
1 0.734375 0.71171875 0.228125 0.2609375
0 0.46953125 0.46015625 0.165625 0.178125
0 0.3640625 0.4390625 0.15546875 0.17734375
0 0.64765625 0.31953125 0.10546875 0.1109375
1 0.290625 0.6359375 0.2 0.234375
0 0.9328125 0.5484375 0.12734375 0.17421875
1 0.41484375 0.2796875 0.1046875 0.10546875
0 0.1140625 0.3875 0.17890625 0.2015625
0 0.44609375 0.65078125 0.20546875 0.2421875
1 0.240625 0.42265625 0.19296875 0.184375
0 0.13359375 0.58828125 0.196875 0.25703125
0 0.7296875 0.33125 0.1046875 0.11328125
0 0.340625 0.265625 0.1015625 0.109375
1 0.1828125 0.24609375 0.109375 0.103125
0 0.81328125 0.34921875 0.1265625 0.1359375
1 0.05625 0.21953125 0.0703125 0.121875
1 0.04453125 0.5765625 0.08828125 0.25
0 0.03984375 0.39609375 0.07890625 0.2046875