0 0.7765625 0.31015625 0.1265625 0.1390625
0 0.871875 0.290625 0.121875 0.1390625
0 0.5140625 0.375 0.128125 0.134375
0 0.2578125 0.71796875 0.1421875 0.1703125
0 0.3359375 0.425 0.125 0.1328125
0 0.2453125 0.44765625 0.1265625 0.1296875
0 0.1546875 0.46640625 0.1359375 0.13125
0 0.42421875 0.3984375 0.1234375 0.128125
0 0.5953125 0.36015625 0.128125 0.1421875
0 0.090625 0.22265625 0.11875 0.128125
0 0.684375 0.33125 0.1296875 0.1296875
0 0.47890625 0.13046875 0.1 0.1140625
0 0.54765625 0.1140625 0.10625 0.11875
0 0.62421875 0.090625 0.1046875 0.1203125
0 0.59609375 0.80234375 0.165625 0.175
0 0.1703125 0.19453125 0.1171875 0.128125
0 0.26484375 0.878125 0.16875 0.184375
0 0.784375 0.06171875 0.11875 0.1234375
0 0.3765625 0.846875 0.1640625 0.18125
0 0.35625 0.69765625 0.1375 0.1546875
0 0.70546875 0.078125 0.1140625 0.125
0 0.8140625 0.7484375 0.15625 0.1765625
0 0.6671875 0.6234375 0.146875 0.18125
0 0.25 0.19140625 0.10625 0.1203125
0 0.39921875 0.1484375 0.109375 0.1203125
0 0.48125 0.8203125 0.1625 0.1765625
0 0.7015625 0.77265625 0.1578125 0.171875
1 0.77734375 0.60390625 0.1390625 0.165625
0 0.459375 0.6671875 0.1453125 0.171875
0 0.31796875 0.1703125 0.1109375 0.125
1 0.075 0.48828125 0.1328125 0.134375
0 0.15703125 0.89765625 0.1546875 0.1828125
0 0.95234375 0.5453125 0.0953125 0.1625
0 0.92265625 0.7171875 0.153125 0.18125
0 0.86953125 0.5625 0.1296875 0.1625
0 0.03125 0.24140625 0.0625 0.1234375
0 0.853125 0.04765625 0.10625 0.0953125
1 0.56328125 0.63984375 0.146875 0.175
1 0.15703125 0.73828125 0.165625 0.171875
0 0.02578125 0.49765625 0.0515625 0.1265625
0 0.08046875 0.75078125 0.0984375 0.159375
0 0.97734375 0.696875 0.0453125 0.175
0 0.9375 0.26953125 0.075 0.140625