0 0.346875 0.74609375 0.0859375 0.0671875
0 0.38203125 0.6453125 0.084375 0.065625
0 0.390625 0.6046875 0.078125 0.065625
0 0.08203125 0.85703125 0.0875 0.0703125
0 0.45546875 0.6578125 0.084375 0.0703125
0 0.121875 0.74296875 0.08125 0.0640625
0 0.3015625 0.909375 0.0984375 0.0765625
0 0.41328125 0.54140625 0.0875 0.0703125
0 0.1046875 0.78046875 0.084375 0.071875
0 0.06953125 0.89609375 0.078125 0.0703125
0 0.6078125 0.6890625 0.0921875 0.078125
0 0.43984375 0.446875 0.0765625 0.0609375
0 0.5796875 0.80625 0.0921875 0.0765625
0 0.39453125 0.89375 0.0890625 0.078125
0 0.13125 0.96171875 0.0890625 0.071875
0 0.31328125 0.86640625 0.0921875 0.078125
0 0.5515625 0.28046875 0.075 0.0625
0 0.5734375 0.846875 0.0921875 0.071875
0 0.1765625 0.61015625 0.084375 0.0703125
0 0.64921875 0.50390625 0.084375 0.065625
0 0.17890625 0.80546875 0.0828125 0.0703125
0 0.49375 0.52109375 0.08125 0.0703125
0 0.659375 0.8265625 0.0890625 0.0734375
0 0.31875 0.40078125 0.0765625 0.0609375
0 0.6453125 0.9109375 0.090625 0.071875
0 0.40703125 0.85 0.0890625 0.075
0 0.53828125 0.9609375 0.1078125 0.078125
0 0.13203125 0.70859375 0.0828125 0.065625
0 0.425 0.50546875 0.084375 0.0671875
0 0.50078125 0.48984375 0.0859375 0.0734375
0 0.65546875 0.475 0.0859375 0.0609375
0 0.3359375 0.79453125 0.0875 0.0734375
0 0.55859375 0.8828125 0.0953125 0.0734375
0 0.6390625 0.53828125 0.08125 0.065625
0 0.4609375 0.36328125 0.0765625 0.0640625
0 0.465625 0.621875 0.0828125 0.0625
0 0.24609375 0.41953125 0.078125 0.0640625
1 0.43125 0.478125 0.075 0.0578125
0 0.4 0.5703125 0.0796875 0.0640625
0 0.165625 0.84375 0.0875 0.06875
1 0.41640625 0.82421875 0.0890625 0.075
1 0.45546875 0.39453125 0.0796875 0.0625
0 0.28984375 0.95546875 0.0984375 0.0890625
0 0.55078125 0.921875 0.103125 0.08125
1 0.2546875 0.58671875 0.0828125 0.0625
1 0.82578125 0.8609375 0.0953125 0.0765625
0 0.6859375 0.33203125 0.0734375 0.05
1 0.42578125 0.77890625 0.084375 0.078125
1 0.87578125 0.48984375 0.08125 0.0546875
0 0.18984375 0.7625 0.0859375 0.0671875
0 0.70078125 0.24609375 0.0734375 0.0578125
1 0.4890625 0.56015625 0.0828125 0.0640625
0 0.25703125 0.39296875 0.0734375 0.0609375
1 0.3109375 0.43359375 0.0828125 0.0671875
1 0.52109375 0.43515625 0.08125 0.0703125
0 0.32734375 0.37109375 0.075 0.059375
1 0.52890625 0.3984375 0.0828125 0.075
0 0.75390625 0.33671875 0.0734375 0.053125
1 0.3828125 0.9421875 0.090625 0.08125
0 0.7484375 0.36875 0.0703125 0.0546875
0 0.3734375 0.971875 0.09375 0.05625
0 0.4703125 0.32890625 0.0734375 0.059375
0 0.77421875 0.2265625 0.0671875 0.05
0 0.47734375 0.29375 0.078125 0.0625
0 0.2828125 0.30703125 0.06875 0.05625
0 0.27734375 0.521875 0.08125 0.059375
1 0.09609375 0.82265625 0.0828125 0.0671875
1 0.6234375 0.61640625 0.09375 0.075
1 0.2296875 0.45546875 0.0796875 0.0671875
1 0.85859375 0.58984375 0.0859375 0.0578125
0 0.665625 0.38984375 0.0828125 0.0625
0 0.7609375 0.2828125 0.071875 0.053125
0 0.659375 0.440625 0.0828125 0.0625
0 0.740625 0.40078125 0.071875 0.0546875
1 0.71328125 0.56171875 0.0796875 0.0671875
0 0.909375 0.9140625 0.09375 0.0703125
1 0.89296875 0.34140625 0.0765625 0.0546875
1 0.24375 0.62421875 0.0859375 0.0640625
1 0.14296875 0.921875 0.0890625 0.075
1 0.8640625 0.55625 0.0828125 0.0578125
1 0.26875 0.559375 0.0828125 0.0625
0 0.27265625 0.33359375 0.075 0.0546875
1 0.68984375 0.66953125 0.0875 0.065625
1 0.20546875 0.72734375 0.08125 0.0671875
0 0.89453125 0.9453125 0.0890625 0.05
1 0.81640625 0.90703125 0.096875 0.0703125
0 0.90390625 0.221875 0.0703125 0.053125
1 0.8796875 0.46015625 0.08125 0.0546875
0 0.35625 0.28359375 0.06875 0.053125
0 0.34453125 0.31484375 0.0734375 0.0546875
1 0.88515625 0.428125 0.0765625 0.053125
0 0.85078125 0.6875 0.0828125 0.0609375
1 0.47578125 0.59453125 0.0890625 0.071875
0 0.63125 0.57421875 0.0890625 0.0734375
1 0.71953125 0.5296875 0.08125 0.06875
1 0.63984375 0.95390625 0.0984375 0.0765625
1 0.85703125 0.62578125 0.0859375 0.059375
1 0.84765625 0.734375 0.0953125 0.071875
1 0.6578125 0.87265625 0.0921875 0.071875
1 0.73125 0.46875 0.0859375 0.0640625
0 0.54453125 0.3125 0.078125 0.059375
1 0.8546875 0.65234375 0.084375 0.059375
0 0.903125 0.24921875 0.0703125 0.053125
1 0.1515625 0.8828125 0.0828125 0.075
1 0.2953125 0.4625 0.084375 0.0703125
1 0.684375 0.7125 0.0828125 0.0609375
0 0.925 0.74765625 0.0859375 0.075
1 0.265625 0.3640625 0.078125 0.0578125
1 0.8703125 0.52265625 0.08125 0.05625
0 0.89453125 0.30234375 0.0734375 0.053125
1 0.2109375 0.5171875 0.0765625 0.0625
1 0.759375 0.31484375 0.0734375 0.053125
0 0.91015625 0.86640625 0.0859375 0.0640625
1 0.6921875 0.28046875 0.078125 0.0515625
1 0.50859375 0.4625 0.0875 0.0703125
1 0.28515625 0.49140625 0.084375 0.0640625
1 0.809375 0.946875 0.09375 0.0640625
0 0.94375 0.55859375 0.0796875 0.059375
0 0.73359375 0.43046875 0.078125 0.0578125
1 0.06640625 0.94140625 0.0640625 0.06875
0 0.95390625 0.42890625 0.078125 0.05625
1 0.696875 0.634375 0.08125 0.0625
0 0.765625 0.253125 0.071875 0.053125
0 0.53984375 0.33828125 0.0796875 0.0640625
1 0.71015625 0.59921875 0.0796875 0.0640625
1 0.33671875 0.3453125 0.071875 0.0515625
0 0.9515625 0.46171875 0.0765625 0.053125
1 0.8875 0.39765625 0.0765625 0.053125
0 0.946875 0.49453125 0.0796875 0.059375
1 0.68828125 0.30625 0.078125 0.0484375
1 0.7265625 0.49609375 0.0859375 0.06875
0 0.95703125 0.3703125 0.071875 0.05625
0 0.9375 0.5921875 0.0828125 0.0578125
0 0.9296875 0.6671875 0.0796875 0.0515625
1 0.321875 0.83203125 0.090625 0.0734375
0 0.95859375 0.284375 0.0515625 0.0515625
1 0.8984375 0.27734375 0.0765625 0.05
0 0.29375 0.28359375 0.0640625 0.0546875
0 0.9546875 0.4015625 0.075 0.0515625
1 0.196875 0.546875 0.0765625 0.065625
0 0.93046875 0.6328125 0.084375 0.05625
1 0.21953125 0.48515625 0.078125 0.0640625
0 0.92890625 0.69765625 0.0828125 0.059375
0 0.06015625 0.96953125 0.0453125 0.0609375
1 0.1171875 0.9828125 0.090625 0.034375
1 0.4484375 0.42265625 0.078125 0.0578125
0 0.95703125 0.33828125 0.0640625 0.0515625
0 0.94453125 0.5234375 0.078125 0.053125
1 0.88984375 0.3671875 0.0765625 0.053125
1 0.27734375 0.978125 0.0953125 0.04375
0 0.95703125 0.25078125 0.05 0.0515625
0 0.9578125 0.31015625 0.059375 0.05625
1 0.659375 0.41953125 0.0796875 0.0453125
1 0.6109375 0.65234375 0.0890625 0.0625
1 0.1921875 0.571875 0.0703125 0.05625
1 0.62734375 0.97578125 0.096875 0.0375
1 0.79921875 0.96484375 0.0890625 0.028125
0 0.52578125 0.9859375 0.1015625 0.028125
1 0.678125 0.3625 0.078125 0.0515625
1 0.4796875 0.27734375 0.078125 0.059375
0 0.0546875 0.9890625 0.028125 0.021875
1 0.3609375 0.98828125 0.090625 0.0234375
0 0.53515625 0.36328125 0.0796875 0.0640625