0 0.446875 0.2921875 0.05546875 0.134375
0 0.396875 0.28984375 0.05625 0.13515625
1 0.265625 0.28046875 0.05703125 0.13203125
0 0.196875 0.7328125 0.071875 0.1609375
1 0.2140625 0.5859375 0.0625 0.14375
1 0.2625 0.58046875 0.0578125 0.14296875
0 0.94453125 0.61953125 0.0640625 0.14921875
0 0.8546875 0.61796875 0.06171875 0.1421875
0 0.62734375 0.2984375 0.05390625 0.12265625
0 0.853125 0.32265625 0.05546875 0.13359375
0 0.31484375 0.58515625 0.0578125 0.140625
1 0.50625 0.7484375 0.05703125 0.1578125
1 0.8 0.615625 0.0578125 0.1453125
0 0.353125 0.290625 0.05546875 0.1296875
1 0.5828125 0.3015625 0.05625 0.13203125
1 0.65390625 0.7609375 0.06015625 0.1578125
1 0.53828125 0.3015625 0.05703125 0.1328125
1 0.45078125 0.7515625 0.05859375 0.15703125
0 0.765625 0.315625 0.0578125 0.13359375
0 0.8546875 0.77421875 0.0671875 0.16171875
1 0.553125 0.75625 0.059375 0.15859375
0 0.36328125 0.584375 0.05625 0.13828125
1 0.48828125 0.3 0.05546875 0.13359375
1 0.75546875 0.61171875 0.05625 0.14140625
1 0.79921875 0.771875 0.06328125 0.16328125
1 0.7203125 0.309375 0.0546875 0.12890625
1 0.31171875 0.2875 0.0578125 0.13046875
1 0.3015625 0.7375 0.06171875 0.16171875
1 0.4109375 0.59140625 0.053125 0.140625
1 0.46015625 0.59765625 0.05703125 0.1421875
0 0.9453125 0.3265625 0.0578125 0.13203125
1 0.21953125 0.27734375 0.05859375 0.1375
0 0.34921875 0.7453125 0.06171875 0.165625
0 0.2484375 0.73515625 0.06875 0.15859375
0 0.51171875 0.596875 0.05546875 0.1375
1 0.89921875 0.328125 0.05390625 0.13125
0 0.67421875 0.31015625 0.05390625 0.1234375
0 0.6 0.7578125 0.0578125 0.15703125
1 0.95625 0.77890625 0.065625 0.165625
0 0.603125 0.6015625 0.05546875 0.13359375
1 0.40390625 0.74375 0.05703125 0.15859375
1 0.70390625 0.60703125 0.0578125 0.1421875
1 0.896875 0.6203125 0.05859375 0.14453125
0 0.165625 0.2703125 0.0609375 0.1421875
0 0.75390625 0.76640625 0.0625 0.1609375
0 0.70234375 0.76484375 0.0609375 0.15859375
1 0.55625 0.6015625 0.053125 0.1359375
1 0.90078125 0.77734375 0.065625 0.1640625
1 0.8078125 0.31953125 0.0546875 0.13125
1 0.65859375 0.603125 0.05703125 0.13984375
1 0.98125 0.32890625 0.03671875 0.13046875
1 0.98046875 0.621875 0.03515625 0.15390625