0 0.48359375 0.2859375 0.078125 0.1421875
0 0.43515625 0.275 0.078125 0.1421875
1 0.30703125 0.24296875 0.0796875 0.140625
0 0.1609375 0.6765625 0.0984375 0.1703125
1 0.203125 0.53515625 0.0859375 0.153125
1 0.25234375 0.53828125 0.08125 0.1515625
0 0.9171875 0.69453125 0.0890625 0.1578125
0 0.82890625 0.678125 0.0859375 0.15
0 0.66015625 0.3234375 0.075 0.1296875
0 0.87890625 0.38671875 0.078125 0.140625
0 0.303125 0.5515625 0.08125 0.1484375
1 0.46328125 0.74609375 0.0828125 0.165625
1 0.775 0.665625 0.0828125 0.153125
0 0.39140625 0.26796875 0.0765625 0.1375
1 0.615625 0.31875 0.078125 0.1390625
1 0.60625 0.78359375 0.0859375 0.165625
1 0.571875 0.3109375 0.0796875 0.140625
1 0.4078125 0.7390625 0.084375 0.1640625
0 0.79375 0.36484375 0.0796875 0.1421875
0 0.8015625 0.83203125 0.09375 0.1703125
1 0.5078125 0.76171875 0.0859375 0.1671875
0 0.35078125 0.559375 0.0796875 0.1453125
1 0.5234375 0.30078125 0.078125 0.140625
1 0.73203125 0.6546875 0.0796875 0.1484375
1 0.74765625 0.81953125 0.090625 0.171875
1 0.75 0.35078125 0.0765625 0.1359375
1 0.3515625 0.2578125 0.0796875 0.1390625
1 0.26328125 0.69921875 0.0890625 0.1703125
1 0.39609375 0.57421875 0.0765625 0.1484375
1 0.44375 0.5890625 0.08125 0.15
0 0.9640625 0.40625 0.071875 0.140625
1 0.2625 0.23203125 0.08125 0.1453125
0 0.30859375 0.715625 0.0890625 0.1734375
0 0.21171875 0.68828125 0.0953125 0.16875
0 0.49453125 0.59765625 0.078125 0.1453125
1 0.92265625 0.4 0.0765625 0.1390625
0 0.7046875 0.34296875 0.075 0.13125
0 0.55390625 0.77109375 0.084375 0.1640625
1 0.90078125 0.85390625 0.09375 0.175
0 0.58359375 0.61796875 0.078125 0.140625
1 0.36328125 0.7234375 0.084375 0.165625
1 0.68203125 0.640625 0.08125 0.15
1 0.8703125 0.6875 0.0828125 0.153125
0 0.2109375 0.215625 0.084375 0.15
0 0.70390625 0.80625 0.0890625 0.16875
0 0.653125 0.79609375 0.0875 0.1671875
1 0.5375 0.61015625 0.0765625 0.14375
1 0.846875 0.84296875 0.09375 0.1734375
1 0.834375 0.37578125 0.0765625 0.1390625
1 0.63828125 0.62890625 0.0796875 0.146875
1 0.98671875 0.4140625 0.0265625 0.134375
1 0.95234375 0.703125 0.0609375 0.1578125