0 0.32578125 0.73203125 0.08125 0.06015625
0 0.36953125 0.634375 0.07890625 0.05859375
0 0.38203125 0.59453125 0.07265625 0.06015625
0 0.05234375 0.81953125 0.0828125 0.06328125
0 0.4421875 0.653125 0.07890625 0.0640625
0 0.10234375 0.709375 0.07578125 0.0578125
0 0.26640625 0.890625 0.0921875 0.06953125
0 0.41015625 0.53359375 0.08203125 0.06328125
0 0.08203125 0.7453125 0.0796875 0.065625
0 0.03671875 0.85703125 0.0734375 0.0640625
0 0.590625 0.69765625 0.0859375 0.07109375
0 0.44453125 0.4421875 0.07265625 0.0546875
0 0.55234375 0.81171875 0.08671875 0.06953125
0 0.3609375 0.8828125 0.0828125 0.071875
0 0.0921875 0.928125 0.084375 0.06484375
0 0.28203125 0.8484375 0.0859375 0.0703125
0 0.5703125 0.2859375 0.0703125 0.05625
0 0.54296875 0.85234375 0.0875 0.0640625
0 0.16796875 0.58125 0.07890625 0.06328125
0 0.6484375 0.5171875 0.0796875 0.05859375
0 0.153125 0.7765625 0.078125 0.06328125
0 0.4921875 0.5203125 0.0765625 0.06328125
0 0.63046875 0.8390625 0.08359375 0.065625
0 0.328125 0.38515625 0.071875 0.05546875
0 0.60859375 0.921875 0.0859375 0.06484375
0 0.3765625 0.840625 0.0828125 0.06796875
0 0.4984375 0.96328125 0.10234375 0.07109375
0 0.115625 0.67578125 0.07734375 0.059375
0 0.425 0.49921875 0.07890625 0.06015625
0 0.5015625 0.48984375 0.0796875 0.0671875
0 0.65703125 0.48828125 0.08203125 0.0546875
0 0.3109375 0.77890625 0.08203125 0.0671875
0 0.525 0.88671875 0.090625 0.06640625
0 0.63515625 0.55 0.0765625 0.05859375
0 0.47265625 0.36015625 0.07109375 0.0578125
0 0.45546875 0.61875 0.078125 0.05625
0 0.25390625 0.39765625 0.0734375 0.05859375
1 0.43359375 0.471875 0.07109375 0.05234375
0 0.39453125 0.56171875 0.07421875 0.0578125
0 0.13671875 0.81328125 0.0828125 0.06171875
1 0.38828125 0.815625 0.08359375 0.06875
1 0.46484375 0.39140625 0.07578125 0.05625
0 0.25078125 0.9359375 0.09140625 0.08125
0 0.5140625 0.925 0.09765625 0.07265625
1 0.2484375 0.56484375 0.07890625 0.05546875
1 0.79296875 0.88828125 0.0890625 0.06875
0 0.7 0.34921875 0.0703125 0.04375
1 0.4015625 0.77109375 0.07890625 0.071875
1 0.875 0.52265625 0.07734375 0.04765625
0 0.16796875 0.734375 0.08046875 0.0609375
0 0.721875 0.26484375 0.06953125 0.05234375
1 0.48359375 0.55859375 0.07734375 0.0578125
0 0.2671875 0.371875 0.06953125 0.05546875
1 0.3171875 0.4171875 0.07734375 0.0609375
1 0.5265625 0.4375 0.07578125 0.06328125
0 0.3390625 0.35625 0.0703125 0.053125
1 0.5375 0.4015625 0.0765625 0.06796875
0 0.7671875 0.359375 0.06953125 0.046875
1 0.34453125 0.93046875 0.08515625 0.0734375
0 0.75859375 0.390625 0.06640625 0.0484375
0 0.33203125 0.9640625 0.08828125 0.0578125
0 0.48515625 0.32734375 0.06875 0.05390625
0 0.796875 0.2515625 0.06328125 0.0453125
0 0.4953125 0.2921875 0.0734375 0.05625
0 0.30078125 0.2890625 0.06484375 0.05078125
0 0.2765625 0.50234375 0.0765625 0.053125
1 0.06953125 0.7859375 0.078125 0.0609375
1 0.6125 0.6265625 0.08828125 0.0671875
1 0.234375 0.43203125 0.075 0.0609375
1 0.84921875 0.62109375 0.08125 0.0515625
0 0.67421875 0.4046875 0.078125 0.05546875
0 0.77890625 0.30625 0.06796875 0.04765625
0 0.6640625 0.4546875 0.07890625 0.05546875
0 0.7484375 0.421875 0.0671875 0.0484375
1 0.70703125 0.5796875 0.07421875 0.0609375
0 0.871875 0.9484375 0.08828125 0.0625
1 0.90546875 0.3765625 0.071875 0.04921875
1 0.23359375 0.6015625 0.08046875 0.0578125
1 0.1078125 0.8890625 0.08359375 0.06875
1 0.8578125 0.5875 0.07890625 0.05078125
1 0.2640625 0.5390625 0.078125 0.05625
0 0.28828125 0.3140625 0.0703125 0.04921875
1 0.67421875 0.68515625 0.08203125 0.059375
1 0.18671875 0.70078125 0.0765625 0.06015625
0 0.85390625 0.978125 0.0859375 0.04296875
1 0.7796875 0.9328125 0.0921875 0.06328125
0 0.9265625 0.2578125 0.06640625 0.046875
1 0.88203125 0.49375 0.0765625 0.0484375
0 0.37578125 0.271875 0.0640625 0.04765625
0 0.3609375 0.30234375 0.06875 0.0484375
1 0.88984375 0.46171875 0.0734375 0.04765625
0 0.8328125 0.7171875 0.078125 0.0546875
1 0.46796875 0.5921875 0.08359375 0.0640625
0 0.62421875 0.58515625 0.08359375 0.065625
1 0.71640625 0.5484375 0.0765625 0.0625
1 0.6 0.9640625 0.09296875 0.06796875
1 0.84453125 0.65625 0.08203125 0.053125
1 0.82578125 0.7640625 0.08984375 0.06484375
1 0.625 0.88515625 0.0875 0.06484375
1 0.7328125 0.4890625 0.08046875 0.0578125
0 0.5609375 0.3171875 0.0734375 0.053125
1 0.83984375 0.6828125 0.0796875 0.05234375
0 0.9234375 0.28515625 0.0671875 0.046875
1 0.11953125 0.85078125 0.07734375 0.06796875
1 0.29921875 0.44453125 0.0796875 0.06328125
1 0.66484375 0.72734375 0.078125 0.0546875
0 0.9015625 0.78359375 0.08046875 0.06796875
1 0.278125 0.34375 0.0734375 0.05234375
1 0.8671875 0.5546875 0.0765625 0.05
0 0.91015625 0.3375 0.06953125 0.046875
1 0.21015625 0.4921875 0.071875 0.05703125
1 0.77421875 0.33828125 0.0703125 0.046875
0 0.8765625 0.90078125 0.08125 0.0578125
1 0.7109375 0.2984375 0.07421875 0.0453125
1 0.51171875 0.46328125 0.0828125 0.06328125
1 0.28671875 0.47265625 0.08046875 0.05703125
1 0.76953125 0.971875 0.0890625 0.05625
0 0.93671875 0.596875 0.075 0.05234375
0 0.7390625 0.45078125 0.07421875 0.05078125
1 0.0296875 0.9015625 0.059375 0.0640625
0 0.95859375 0.46875 0.07421875 0.05
1 0.684375 0.65078125 0.0765625 0.05625
0 0.7859375 0.27734375 0.06875 0.04765625
0 0.55390625 0.3421875 0.07421875 0.0578125
1 0.70078125 0.6171875 0.07421875 0.0578125
1 0.35078125 0.33203125 0.06796875 0.04609375
0 0.953125 0.5015625 0.0734375 0.04765625
1 0.8953125 0.43203125 0.07265625 0.046875
0 0.9453125 0.53359375 0.075 0.053125
1 0.7046875 0.3234375 0.075 0.0421875
1 0.72578125 0.515625 0.08125 0.06171875
0 0.96640625 0.4109375 0.0671875 0.05
0 0.928125 0.6296875 0.07890625 0.05078125
0 0.91328125 0.70390625 0.0765625 0.04453125
1 0.29375 0.815625 0.08515625 0.06640625
0 0.97578125 0.325 0.0484375 0.046875
1 0.91640625 0.31328125 0.0734375 0.04375
0 0.31328125 0.26640625 0.06015625 0.04921875
0 0.96171875 0.44140625 0.071875 0.0453125
1 0.19375 0.5203125 0.071875 0.059375
0 0.9171875 0.66953125 0.0796875 0.05
1 0.221875 0.4609375 0.0734375 0.05859375
0 0.91015625 0.734375 0.078125 0.053125
0 0.0203125 0.9328125 0.040625 0.06328125
1 0.07578125 0.95546875 0.0875 0.04296875
1 0.45546875 0.41875 0.0734375 0.0515625
0 0.96953125 0.37890625 0.0609375 0.046875
0 0.940625 0.56171875 0.075 0.046875
1 0.9 0.4015625 0.0734375 0.046875
1 0.2359375 0.96328125 0.09140625 0.046875
0 0.97734375 0.29140625 0.0453125 0.0484375
0 0.97265625 0.35078125 0.0546875 0.0515625
1 0.665625 0.43359375 0.07734375 0.03828125
1 0.596875 0.66171875 0.084375 0.05546875
1 0.1875 0.54453125 0.06640625 0.05
1 0.58515625 0.98515625 0.09453125 0.02890625
1 0.7578125 0.9890625 0.08828125 0.0203125
0 0.4828125 0.98828125 0.1 0.021875
1 0.6890625 0.37890625 0.07421875 0.0453125
1 0.49921875 0.2765625 0.07421875 0.05234375
0 0.0125 0.95859375 0.025 0.03984375
1 0.31953125 0.97890625 0.0890625 0.0234375
0 0.546875 0.3671875 0.07421875 0.05859375