0 0.11796875 0.25546875 0.20625 0.3109375
0 0.05078125 0.55390625 0.1015625 0.3015625
0 0.21796875 0.28515625 0.2078125 0.303125
0 0.31015625 0.32890625 0.2140625 0.315625
0 0.41875 0.37109375 0.1984375 0.3015625
0 0.1984375 0.63125 0.196875 0.3109375
0 0.29609375 0.66875 0.190625 0.290625
1 0.09453125 0.6 0.1890625 0.315625
1 0.515625 0.3984375 0.209375 0.315625
1 0.38671875 0.69609375 0.1984375 0.2953125
0 0.615625 0.43515625 0.1984375 0.3046875
0 0.4890625 0.74453125 0.2 0.2984375
0 0.58515625 0.78671875 0.209375 0.3078125
1 0.70546875 0.48515625 0.203125 0.3296875
1 0.690625 0.82421875 0.2015625 0.303125
0 0.809375 0.51640625 0.2125 0.3140625
0 0.89765625 0.57578125 0.2046875 0.3265625
0 0.79140625 0.85078125 0.2078125 0.2984375
1 0.9515625 0.59921875 0.096875 0.2984375
0 0.86171875 0.87265625 0.1390625 0.2546875