1 0.6515625 0.821875 0.16875 0.2703125
1 0.79609375 0.403125 0.1125 0.140625
0 0.83828125 0.65078125 0.153125 0.20625
1 0.76171875 0.85078125 0.190625 0.284375
1 0.753125 0.62890625 0.140625 0.1953125
1 0.3640625 0.75546875 0.1578125 0.2703125
1 0.2734375 0.73203125 0.1546875 0.2640625
0 0.553125 0.8 0.153125 0.278125
0 0.853125 0.86328125 0.190625 0.2734375
0 0.459375 0.77421875 0.146875 0.26875
1 0.91875 0.6640625 0.13125 0.1921875
1 0.6640625 0.609375 0.11875 0.18125
1 0.57578125 0.59296875 0.121875 0.178125
0 0.4921875 0.5765625 0.115625 0.16875
1 0.41796875 0.553125 0.1125 0.1671875
0 0.86171875 0.41796875 0.1109375 0.1484375
1 0.178125 0.71015625 0.16875 0.2609375
1 0.34140625 0.5359375 0.115625 0.171875
0 0.4125 0.32890625 0.0921875 0.1140625
0 0.72109375 0.3890625 0.10625 0.1390625
0 0.66171875 0.37890625 0.0890625 0.11875
1 0.54140625 0.35234375 0.0875 0.109375
1 0.925 0.43125 0.1140625 0.1515625
1 0.4765625 0.34375 0.0796875 0.09375
1 0.5953125 0.37421875 0.090625 0.125
1 0.96328125 0.446875 0.0734375 0.165625