1 0.89140625 0.68828125 0.2171875 0.2890625
0 0.83515625 0.5 0.1890625 0.1828125
0 0.69921875 0.49375 0.1953125 0.19375
0 0.46875 0.29765625 0.109375 0.1125
0 0.0875 0.26640625 0.1296875 0.134375
0 0.23828125 0.28515625 0.11875 0.11875
0 0.546875 0.29921875 0.1078125 0.1203125
1 0.61171875 0.67578125 0.228125 0.259375
1 0.58046875 0.4890625 0.20625 0.196875
1 0.75546875 0.6859375 0.2546875 0.2828125
0 0.465625 0.46328125 0.1828125 0.19375
0 0.35859375 0.45390625 0.1734375 0.1921875
0 0.628125 0.30546875 0.1171875 0.121875
1 0.30625 0.65703125 0.2234375 0.2546875
0 0.93125 0.50234375 0.1375 0.1859375
1 0.3921875 0.28984375 0.115625 0.115625
0 0.1046875 0.428125 0.1984375 0.21875
0 0.4625 0.65546875 0.2296875 0.2625
1 0.23359375 0.45 0.2109375 0.203125
0 0.14453125 0.62578125 0.2234375 0.2765625
0 0.7109375 0.3078125 0.115625 0.1234375
0 0.3171875 0.28359375 0.1125 0.11875
1 0.1578125 0.28046875 0.1203125 0.1140625
0 0.79609375 0.3171875 0.140625 0.1484375
1 0.03515625 0.2671875 0.0703125 0.128125
1 0.05546875 0.62265625 0.1109375 0.2578125
0 0.040625 0.44375 0.08125 0.2125