1 0.18359375 0.7515625 0.1609375 0.2265625
0 0.525 0.85859375 0.159375 0.2296875
0 0.6171875 0.28515625 0.146875 0.209375
0 0.578125 0.66796875 0.146875 0.2078125
1 0.7421875 0.7234375 0.1515625 0.21875
0 0.63046875 0.6875 0.15 0.2109375
1 0.690625 0.7078125 0.1515625 0.2140625
1 0.47109375 0.84453125 0.1625 0.2359375
0 0.70078125 0.8859375 0.15625 0.190625
1 0.4078125 0.81953125 0.159375 0.228125
0 0.6375 0.884375 0.1578125 0.2171875
1 0.5265625 0.65390625 0.146875 0.2109375
1 0.3015625 0.7921875 0.1609375 0.2296875
1 0.875 0.359375 0.1421875 0.2046875
1 0.584375 0.87578125 0.1609375 0.234375
1 0.30546875 0.1890625 0.140625 0.190625
0 0.078125 0.71875 0.1328125 0.2125
1 0.76875 0.32265625 0.1359375 0.1953125
1 0.35546875 0.80234375 0.1609375 0.2296875
1 0.465625 0.2359375 0.1375 0.1859375
1 0.46640625 0.6421875 0.15 0.2140625
1 0.5125 0.2515625 0.140625 0.1953125
0 0.259375 0.17109375 0.14375 0.196875
0 0.0515625 0.50390625 0.103125 0.2171875
1 0.24765625 0.57109375 0.153125 0.215625
0 0.66484375 0.29375 0.1390625 0.1953125
1 0.82421875 0.33671875 0.1359375 0.1921875
0 0.9234375 0.37265625 0.14375 0.2109375
1 0.5609375 0.26484375 0.140625 0.1984375
0 0.7203125 0.31015625 0.1359375 0.190625
0 0.24375 0.77578125 0.153125 0.221875
1 0.1984375 0.165625 0.1421875 0.196875
0 0.41484375 0.61796875 0.14375 0.2078125
1 0.19453125 0.5546875 0.15 0.2171875
0 0.3046875 0.590625 0.1390625 0.20625
0 0.41171875 0.21796875 0.1296875 0.1765625
0 0.36328125 0.203125 0.13125 0.1796875
1 0.08359375 0.521875 0.1484375 0.2171875
1 0.1359375 0.54140625 0.146875 0.209375
0 0.12734375 0.7328125 0.1578125 0.2203125
1 0.3578125 0.603125 0.146875 0.209375
0 0.1515625 0.15 0.13125 0.1875
1 0.096875 0.140625 0.125 0.1828125
1 0.04921875 0.69375 0.08125 0.2
1 0.02265625 0.490625 0.0453125 0.196875