0 0.07265625 0.42421875 0.1453125 0.3046875
0 0.08046875 0.73671875 0.140625 0.296875
0 0.15625 0.4125 0.1875 0.2953125
0 0.2578125 0.41640625 0.1921875 0.3078125
0 0.375 0.41328125 0.178125 0.29375
0 0.2734375 0.73828125 0.175 0.3046875
0 0.378125 0.73515625 0.1703125 0.284375
1 0.15859375 0.753125 0.184375 0.309375
1 0.475 0.4 0.1875 0.3078125
1 0.47265625 0.725 0.178125 0.2890625
0 0.58125 0.3953125 0.1765625 0.2984375
0 0.58515625 0.7296875 0.178125 0.2921875
0 0.690625 0.73046875 0.1875 0.3
1 0.68359375 0.40625 0.1796875 0.3234375
1 0.80234375 0.72421875 0.18125 0.296875
0 0.790625 0.39453125 0.190625 0.30625
0 0.90234375 0.4109375 0.1953125 0.31875
0 0.90703125 0.7125 0.1859375 0.296875
1 0.95859375 0.4109375 0.0828125 0.3
0 0.9609375 0.70859375 0.078125 0.2703125