0 0.9515625 0.3546875 0.096875 0.18125
0 0.79140625 0.32578125 0.14375 0.1828125
0 0.17109375 0.8515625 0.2140625 0.1953125
0 0.175 0.06015625 0.10625 0.1203125
0 0.853125 0.3421875 0.14375 0.1796875
0 0.91640625 0.34609375 0.1375 0.1765625
0 0.2359375 0.075 0.1015625 0.1296875
0 0.57890625 0.315625 0.13125 0.1625
0 0.4015625 0.03359375 0.0875 0.0671875
0 0.30234375 0.08125 0.103125 0.1375
0 0.821875 0.8859375 0.234375 0.228125
0 0.71171875 0.88359375 0.2640625 0.2328125
0 0.36875 0.45703125 0.1734375 0.209375
0 0.1171875 0.0578125 0.078125 0.115625
0 0.646875 0.32109375 0.1296875 0.1671875
0 0.59296875 0.890625 0.2546875 0.21875
0 0.4203125 0.28515625 0.1234375 0.165625
0 0.26875 0.25390625 0.128125 0.175
0 0.2875 0.0234375 0.0875 0.046875
0 0.71875 0.1640625 0.0953125 0.1171875
0 0.18125 0.234375 0.13125 0.184375
0 0.7203125 0.3234375 0.1265625 0.1671875
0 0.35078125 0.271875 0.121875 0.165625
0 0.09453125 0.22421875 0.11875 0.1734375
0 0.6046875 0.14765625 0.0953125 0.11875
0 0.49921875 0.29921875 0.1234375 0.1640625
0 0.5546875 0.0515625 0.0828125 0.1
0 0.50546875 0.046875 0.0828125 0.09375
0 0.75703125 0.09296875 0.1015625 0.1046875
0 0.65703125 0.16171875 0.096875 0.1234375
0 0.54375 0.13515625 0.0921875 0.1203125
0 0.42734375 0.109375 0.1046875 0.1359375
0 0.32109375 0.8703125 0.215625 0.2265625
0 0.33984375 0.02734375 0.0828125 0.0546875
0 0.27421875 0.4484375 0.1875 0.228125
0 0.6046875 0.0640625 0.0859375 0.1015625
0 0.465625 0.47265625 0.1765625 0.209375
1 0.809375 0.50859375 0.1703125 0.203125
0 0.825 0.18515625 0.09375 0.115625
0 0.775 0.17421875 0.096875 0.1203125
0 0.07578125 0.42578125 0.1515625 0.2265625
0 0.72578125 0.48828125 0.1734375 0.215625
0 0.06328125 0.8375 0.1265625 0.165625
0 0.36953125 0.09765625 0.1 0.1296875
0 0.8828125 0.5078125 0.19375 0.2265625
0 0.4671875 0.878125 0.228125 0.24375
0 0.6578125 0.07265625 0.0875 0.103125
0 0.49140625 0.121875 0.0984375 0.128125
0 0.45390625 0.040625 0.0859375 0.08125
0 0.17734375 0.440625 0.18125 0.228125
0 0.7046875 0.08125 0.090625 0.103125
0 0.85703125 0.1109375 0.0921875 0.096875
0 0.646875 0.4875 0.1609375 0.2078125
0 0.80546875 0.10390625 0.090625 0.1015625
0 0.56171875 0.48046875 0.1640625 0.2
0 0.925 0.19453125 0.0921875 0.1234375
0 0.87421875 0.1921875 0.0890625 0.11875
0 0.93828125 0.509375 0.1234375 0.21875
0 0.8765625 0.86953125 0.153125 0.2609375
0 0.98203125 0.35625 0.0359375 0.1625
0 0.63046875 0.021875 0.0671875 0.0234375
0 0.8 0.0609375 0.0703125 0.0234375