0 0.33828125 0.740625 0.084375 0.0640625
0 0.3765625 0.64140625 0.08125 0.0625
0 0.3875 0.60078125 0.075 0.0640625
0 0.06953125 0.8421875 0.0859375 0.0671875
0 0.45 0.65625 0.0828125 0.06875
0 0.1140625 0.7296875 0.078125 0.0609375
0 0.2875 0.90234375 0.0953125 0.075
0 0.41171875 0.53828125 0.0859375 0.0671875
0 0.0953125 0.7671875 0.0828125 0.0703125
0 0.05625 0.88046875 0.0765625 0.0671875
0 0.60078125 0.69296875 0.0890625 0.075
0 0.44140625 0.4453125 0.075 0.0578125
0 0.56875 0.80859375 0.090625 0.0734375
0 0.38125 0.88984375 0.0859375 0.0765625
0 0.11484375 0.94921875 0.0875 0.06875
0 0.30078125 0.859375 0.0890625 0.075
0 0.559375 0.2828125 0.0734375 0.059375
0 0.56171875 0.85 0.090625 0.06875
0 0.17265625 0.5984375 0.0828125 0.0671875
0 0.64921875 0.509375 0.0828125 0.0625
0 0.16796875 0.79453125 0.08125 0.0671875
0 0.49296875 0.5203125 0.0796875 0.0671875
0 0.64765625 0.83203125 0.0875 0.0703125
0 0.32265625 0.39453125 0.075 0.059375
0 0.63046875 0.915625 0.0890625 0.06875
0 0.39453125 0.846875 0.0859375 0.071875
0 0.521875 0.96171875 0.10625 0.0765625
0 0.125 0.6953125 0.0796875 0.0640625
0 0.425 0.503125 0.08125 0.0640625
0 0.50078125 0.48984375 0.0828125 0.071875
0 0.65625 0.48046875 0.084375 0.059375
0 0.32578125 0.78828125 0.0859375 0.071875
0 0.5453125 0.88515625 0.09375 0.0703125
0 0.6375 0.54296875 0.0796875 0.0625
0 0.465625 0.36171875 0.0734375 0.0609375
0 0.46171875 0.62109375 0.08125 0.0609375
0 0.24921875 0.4109375 0.0765625 0.0625
1 0.43203125 0.475 0.0734375 0.05625
0 0.39765625 0.5671875 0.0765625 0.0609375
0 0.15390625 0.83203125 0.0859375 0.065625
1 0.4046875 0.82109375 0.0875 0.0734375
1 0.459375 0.39375 0.078125 0.059375
0 0.27421875 0.9484375 0.0953125 0.0859375
0 0.5359375 0.9234375 0.1015625 0.078125
1 0.25234375 0.578125 0.08125 0.059375
1 0.8125 0.87265625 0.0921875 0.0734375
0 0.6921875 0.3390625 0.071875 0.046875
1 0.415625 0.77578125 0.0828125 0.0765625
1 0.87578125 0.503125 0.0796875 0.0515625
0 0.18046875 0.7515625 0.0828125 0.065625
0 0.709375 0.25390625 0.071875 0.05625
1 0.48671875 0.559375 0.0796875 0.0625
0 0.2609375 0.384375 0.071875 0.059375
1 0.31328125 0.4265625 0.0796875 0.065625
1 0.5234375 0.4359375 0.0796875 0.0671875
0 0.33203125 0.36484375 0.0734375 0.05625
1 0.53203125 0.4 0.0796875 0.071875
0 0.759375 0.3453125 0.071875 0.05
1 0.3671875 0.93828125 0.0890625 0.078125
0 0.75234375 0.37734375 0.06875 0.0515625
0 0.35625 0.9703125 0.090625 0.059375
0 0.47578125 0.328125 0.071875 0.0578125
0 0.78359375 0.23671875 0.065625 0.0484375
0 0.484375 0.29296875 0.0765625 0.059375
0 0.28984375 0.3 0.0671875 0.0546875
0 0.27734375 0.5140625 0.0796875 0.0578125
1 0.08515625 0.8078125 0.08125 0.065625
1 0.61875 0.6203125 0.0921875 0.071875
1 0.23125 0.44609375 0.078125 0.0640625
1 0.8546875 0.60234375 0.084375 0.05625
0 0.66875 0.3953125 0.08125 0.059375
0 0.76875 0.2921875 0.0703125 0.0515625
0 0.66171875 0.44609375 0.08125 0.059375
0 0.74375 0.40859375 0.0703125 0.0515625
1 0.7109375 0.56875 0.0765625 0.0640625
0 0.89453125 0.928125 0.0921875 0.0671875
1 0.8984375 0.35546875 0.075 0.053125
1 0.2390625 0.615625 0.0828125 0.0625
1 0.12890625 0.909375 0.0875 0.0734375
1 0.86171875 0.56875 0.08125 0.0546875
1 0.26640625 0.5515625 0.08125 0.0609375
0 0.27890625 0.32578125 0.0734375 0.053125
1 0.68359375 0.67578125 0.084375 0.0640625
1 0.19765625 0.7171875 0.0796875 0.0640625
0 0.878125 0.95859375 0.0875 0.046875
1 0.80234375 0.91796875 0.0953125 0.06875
0 0.91328125 0.2359375 0.06875 0.05
1 0.88125 0.4734375 0.0796875 0.053125
0 0.3640625 0.27890625 0.0671875 0.0515625
0 0.35078125 0.31015625 0.071875 0.0515625
1 0.8875 0.44140625 0.0765625 0.0515625
0 0.84375 0.69921875 0.08125 0.059375
1 0.47265625 0.59375 0.0875 0.06875
0 0.628125 0.57890625 0.0875 0.0703125
1 0.71875 0.53671875 0.0796875 0.0671875
1 0.62421875 0.9578125 0.096875 0.0734375
1 0.85234375 0.63828125 0.084375 0.0578125
1 0.8390625 0.746875 0.09375 0.06875
1 0.6453125 0.878125 0.090625 0.06875
1 0.73203125 0.4765625 0.0828125 0.0625
0 0.5515625 0.3140625 0.0765625 0.05625
1 0.84921875 0.66484375 0.0828125 0.05625
0 0.91171875 0.26328125 0.0703125 0.05
1 0.13828125 0.8703125 0.08125 0.071875
1 0.296875 0.45546875 0.0828125 0.0671875
1 0.6765625 0.71875 0.08125 0.059375
0 0.915625 0.7625 0.084375 0.071875
1 0.2703125 0.35546875 0.0765625 0.05625
1 0.86953125 0.53515625 0.0796875 0.0546875
0 0.90078125 0.31640625 0.071875 0.05
1 0.21015625 0.50703125 0.075 0.0609375
1 0.765625 0.32421875 0.0734375 0.05
0 0.896875 0.88046875 0.084375 0.0625
1 0.7 0.2875 0.0765625 0.0484375
1 0.51015625 0.4625 0.0859375 0.0671875
1 0.2859375 0.48359375 0.0828125 0.0609375
1 0.79375 0.95703125 0.0921875 0.0609375
0 0.94140625 0.57421875 0.078125 0.05625
0 0.7359375 0.43828125 0.0765625 0.0546875
1 0.0515625 0.92578125 0.0625 0.0671875
0 0.95625 0.44453125 0.0765625 0.053125
1 0.6921875 0.640625 0.0796875 0.0609375
0 0.77421875 0.2625 0.071875 0.0515625
0 0.5453125 0.33984375 0.0765625 0.0609375
1 0.70625 0.60625 0.0765625 0.0609375
1 0.3421875 0.33984375 0.0703125 0.05
0 0.95234375 0.478125 0.0765625 0.0515625
1 0.89140625 0.41171875 0.075 0.05
0 0.94609375 0.51015625 0.078125 0.05625
1 0.6953125 0.31328125 0.0765625 0.0453125
1 0.7265625 0.50390625 0.084375 0.065625
0 0.9609375 0.38671875 0.0703125 0.053125
0 0.934375 0.60703125 0.08125 0.0546875
0 0.9234375 0.68203125 0.078125 0.0484375
1 0.3109375 0.82578125 0.0890625 0.0703125
0 0.965625 0.3 0.0515625 0.05
1 0.90625 0.29140625 0.075 0.046875
0 0.3015625 0.2765625 0.0625 0.0515625
0 0.9578125 0.4171875 0.0734375 0.0484375
1 0.1953125 0.5359375 0.075 0.0625
0 0.92578125 0.64765625 0.0828125 0.0546875
1 0.2203125 0.47578125 0.0765625 0.0625
0 0.921875 0.7125 0.08125 0.0578125
0 0.04375 0.95703125 0.04375 0.065625
1 0.09921875 0.9765625 0.0890625 0.046875
1 0.4515625 0.42109375 0.0765625 0.0546875
0 0.9625 0.3546875 0.0640625 0.05
0 0.94296875 0.53828125 0.078125 0.05
1 0.89453125 0.38046875 0.0765625 0.05
1 0.259375 0.975 0.09375 0.05
0 0.965625 0.26640625 0.0484375 0.05
0 0.9640625 0.3265625 0.0578125 0.0546875
1 0.66171875 0.425 0.0796875 0.0421875
1 0.60546875 0.65625 0.0875 0.059375
1 0.190625 0.5609375 0.06875 0.053125
1 0.61015625 0.9796875 0.0953125 0.034375
1 0.7828125 0.975 0.0890625 0.025
0 0.50859375 0.9875 0.1015625 0.025
1 0.6828125 0.36953125 0.0765625 0.0484375
1 0.4875 0.2765625 0.0765625 0.05625
0 0.03671875 0.98125 0.0265625 0.0375
1 0.34375 0.98671875 0.090625 0.0265625
0 0.53984375 0.36484375 0.0765625 0.0625