0 0.93671875 0.88359375 0.0984375 0.2328125
0 0.81328125 0.88359375 0.1578125 0.2328125
0 0.63984375 0.86640625 0.18125 0.24375
0 0.490625 0.86015625 0.1640625 0.2390625
0 0.3546875 0.85703125 0.1390625 0.2328125
1 0.20234375 0.8453125 0.15625 0.2390625
0 0.06875 0.8421875 0.1375 0.221875
0 0.12578125 0.61484375 0.13125 0.190625
0 0.0296875 0.61640625 0.059375 0.2046875
0 0.29296875 0.63125 0.140625 0.2078125
0 0.41484375 0.6375 0.128125 0.1828125
1 0.54375 0.65 0.1265625 0.196875
1 0.6671875 0.6515625 0.1140625 0.1953125
0 0.79765625 0.65703125 0.14375 0.184375
1 0.94453125 0.66796875 0.1015625 0.209375
0 0.97890625 0.303125 0.0421875 0.140625
1 0.89765625 0.3015625 0.1109375 0.13125
1 0.02734375 0.2640625 0.0359375 0.1265625
0 0.0921875 0.26015625 0.0984375 0.1421875
0 0.796875 0.29453125 0.0859375 0.1453125
0 0.21484375 0.275 0.128125 0.1515625
0 0.3375 0.28203125 0.1203125 0.146875
0 0.44609375 0.28671875 0.1125 0.1421875
1 0.55390625 0.28828125 0.1375 0.1421875
1 0.6890625 0.296875 0.1171875 0.1546875
0 0.946875 0.1578125 0.10625 0.13125
1 0.83359375 0.159375 0.125 0.13125
1 0.72109375 0.1609375 0.11875 0.13125
0 0.61328125 0.15078125 0.1015625 0.15
0 0.5234375 0.14765625 0.1109375 0.128125
0 0.421875 0.1421875 0.0984375 0.1296875
1 0.328125 0.1484375 0.0984375 0.1265625
1 0.2234375 0.14296875 0.1234375 0.121875
1 0.11484375 0.13203125 0.10625 0.1203125
0 0.03984375 0.1328125 0.046875 0.11875