0 0.9640625 0.8140625 0.071875 0.25
0 0.8703125 0.83359375 0.184375 0.2546875
0 0.6953125 0.83984375 0.2078125 0.2625
0 0.546875 0.85703125 0.190625 0.25625
0 0.4125 0.875 0.165625 0.2484375
1 0.26015625 0.88046875 0.1828125 0.2390625
0 0.1234375 0.89375 0.171875 0.2125
0 0.1484375 0.671875 0.153125 0.2046875
0 0.05234375 0.6890625 0.0890625 0.209375
0 0.31640625 0.6625 0.1640625 0.221875
0 0.4375 0.64921875 0.1484375 0.196875
1 0.56640625 0.64140625 0.15 0.2109375
1 0.68828125 0.6234375 0.1375 0.2078125
0 0.81796875 0.60859375 0.1640625 0.1984375
1 0.95078125 0.5953125 0.0984375 0.21875
0 0.9453125 0.23046875 0.0625 0.1453125
1 0.8609375 0.24140625 0.1265625 0.14375
1 0.0109375 0.34140625 0.021875 0.1296875
0 0.06015625 0.3265625 0.1140625 0.153125
0 0.7609375 0.25 0.1015625 0.153125
0 0.1828125 0.321875 0.1453125 0.165625
0 0.30546875 0.31015625 0.1359375 0.1609375
0 0.41328125 0.29765625 0.128125 0.1546875
1 0.5203125 0.2828125 0.153125 0.1578125
1 0.6546875 0.2703125 0.134375 0.1671875
0 0.89140625 0.0921875 0.128125 0.14375
1 0.77578125 0.11171875 0.140625 0.1453125
1 0.66484375 0.13046875 0.134375 0.1453125
0 0.55703125 0.1375 0.11875 0.1609375
0 0.46796875 0.1484375 0.1265625 0.140625
0 0.3671875 0.15859375 0.1140625 0.140625
1 0.275 0.1796875 0.1140625 0.1375
1 0.17109375 0.190625 0.1375 0.1359375
1 0.0625 0.196875 0.1203125 0.1328125
0 0.009375 0.20859375 0.01875 0.1234375