0 0.70859375 0.72265625 0.1484375 0.1390625
0 0.275 0.63046875 0.14375 0.1515625
0 0.35 0.3578125 0.15 0.1515625
0 0.2 0.15625 0.1390625 0.1359375
0 0.41953125 0.45234375 0.14375 0.1515625
0 0.50625 0.9421875 0.140625 0.115625
0 0.1484375 0.2109375 0.14375 0.15
0 0.16796875 0.73984375 0.1484375 0.1609375
0 0.39921875 0.31796875 0.14375 0.146875
0 0.25234375 0.1171875 0.134375 0.128125
0 0.46953125 0.40859375 0.14375 0.146875
0 0.67265625 0.5671875 0.1578125 0.1515625
0 0.45078125 0.2765625 0.1515625 0.1484375
0 0.5265625 0.7359375 0.153125 0.1484375
0 0.3046875 0.41640625 0.15625 0.1625
0 0.6328125 0.61796875 0.1578125 0.153125
0 0.5796875 0.67265625 0.15 0.1421875
0 0.0609375 0.69921875 0.121875 0.1828125
0 0.20859375 0.53203125 0.15625 0.159375
0 0.5515625 0.9 0.15 0.1484375
0 0.228125 0.690625 0.1359375 0.140625
0 0.4765625 0.79765625 0.1515625 0.15
0 0.60390625 0.83515625 0.14375 0.1421875
0 0.659375 0.784375 0.1375 0.1328125
0 0.871875 0.346875 0.1453125 0.1375
0 0.74453125 0.6734375 0.153125 0.14375
0 0.30234375 0.06796875 0.1359375 0.1359375
0 0.67109375 0.1921875 0.14375 0.1453125
0 0.6046875 0.10625 0.1453125 0.1390625
0 0.51953125 0.36328125 0.14375 0.1484375
0 0.95546875 0.39375 0.0890625 0.140625
1 0.3203125 0.58671875 0.14375 0.146875
1 0.03828125 0.7546875 0.0765625 0.159375
0 0.725 0.1390625 0.1328125 0.121875
1 0.10859375 0.25234375 0.13125 0.1421875
1 0.4296875 0.85859375 0.1640625 0.16875
0 0.06484375 0.325 0.0953125 0.1234375
1 0.1234375 0.79765625 0.1703125 0.175
1 0.93125 0.43828125 0.1375 0.1515625
0 0.8953125 0.49375 0.14375 0.15
1 0.0953125 0.64453125 0.1703125 0.171875
0 0.24296875 0.02734375 0.1421875 0.0546875
1 0.26015625 0.4796875 0.1671875 0.1671875
0 0.946875 0.25546875 0.10625 0.1234375
1 0.15546875 0.58828125 0.178125 0.1796875
1 0.375 0.9125 0.15 0.1453125
0 0.76640625 0.09921875 0.115625 0.09375
0 0.915625 0.2984375 0.1296875 0.1171875
1 0.825 0.396875 0.134375 0.121875
1 0.378125 0.50546875 0.1390625 0.1484375
0 0.03515625 0.378125 0.0640625 0.1203125
0 0.16015625 0.0875 0.075 0.1078125
0 0.4703125 0.9765625 0.134375 0.046875
1 0.21484375 0.04140625 0.1109375 0.0828125
1 0.96796875 0.215625 0.0640625 0.103125
1 0.984375 0.35078125 0.03125 0.1046875
0 0.68046875 0.05078125 0.1109375 0.0640625