0 0.75625 0.665625 0.12421875 0.1125
0 0.31328125 0.68125 0.11640625 0.12734375
0 0.3203125 0.3984375 0.12265625 0.125
0 0.12578125 0.2390625 0.11640625 0.1109375
0 0.41015625 0.4734375 0.1171875 0.12734375
0 0.61640625 0.9390625 0.1171875 0.1140625
0 0.0890625 0.3046875 0.1171875 0.125
0 0.2359375 0.81328125 0.11875 0.13671875
0 0.3578125 0.34765625 0.1171875 0.121875
0 0.1671875 0.18828125 0.1125 0.10390625
0 0.4484375 0.41875 0.11796875 0.12265625
0 0.68359375 0.5234375 0.1328125 0.12265625
0 0.3984375 0.2953125 0.12578125 0.12109375
0 0.5828125 0.72265625 0.12734375 0.121875
0 0.290625 0.46640625 0.12734375 0.13515625
0 0.65703125 0.58203125 0.13125 0.12578125
0 0.61875 0.6484375 0.12578125 0.115625
0 0.09921875 0.80625 0.13828125 0.15390625
0 0.225 0.6015625 0.128125 0.1328125
0 0.646875 0.87578125 0.1234375 0.12265625
0 0.28203125 0.75078125 0.11015625 0.1171875
0 0.54921875 0.79453125 0.125 0.1234375
0 0.68203125 0.8 0.11953125 0.11640625
0 0.7234375 0.7375 0.115625 0.1078125
0 0.82421875 0.26171875 0.121875 0.1109375
0 0.77890625 0.609375 0.128125 0.11640625
0 0.20390625 0.128125 0.11171875 0.11484375
0 0.59140625 0.16015625 0.11796875 0.1203125
0 0.50625 0.09296875 0.121875 0.1125
0 0.4859375 0.3625 0.11640625 0.12421875
0 0.9421875 0.28125 0.115625 0.115625
1 0.346875 0.62734375 0.11875 0.12109375
1 0.0703125 0.86953125 0.140625 0.1296875
0 0.63125 0.0953125 0.1125 0.09765625
1 0.06015625 0.3546875 0.1046875 0.12109375
1 0.51875 0.86484375 0.134375 0.13984375
0 0.03515625 0.4359375 0.0703125 0.109375
1 0.20625 0.8796875 0.1390625 0.14609375
1 0.9109375 0.334375 0.12578125 0.12421875
0 0.88203125 0.3984375 0.1171875 0.12578125
1 0.1421875 0.73828125 0.140625 0.14140625
0 0.12578125 0.0609375 0.11796875 0.1171875
1 0.2625 0.53828125 0.1375 0.1375
0 0.88984375 0.1515625 0.1171875 0.09765625
1 0.18671875 0.66875 0.146875 0.14921875
1 0.478125 0.93046875 0.125 0.11875
0 0.66171875 0.046875 0.10234375 0.0703125
0 0.8546875 0.20390625 0.1109375 0.09375
1 0.790625 0.32109375 0.11484375 0.09765625
1 0.3828125 0.53515625 0.1125 0.125
0 0.01953125 0.49453125 0.03828125 0.1140625
0 0.0703125 0.18203125 0.05390625 0.096875
0 0.58984375 0.98046875 0.128125 0.0390625
1 0.1078125 0.1046875 0.08828125 0.1046875
1 0.915625 0.103125 0.109375 0.0796875
1 0.96328125 0.23046875 0.0734375 0.0890625
0 0.56640625 0.0203125 0.1046875 0.040625