0 0.78671875 0.60390625 0.146875 0.1375
0 0.35859375 0.71875 0.1421875 0.15
0 0.30234375 0.44140625 0.146875 0.15
0 0.0765625 0.3296875 0.1390625 0.134375
0 0.40625 0.49453125 0.1421875 0.15
0 0.7125 0.9015625 0.1390625 0.1375
0 0.06328125 0.40234375 0.1265625 0.1484375
0 0.31328125 0.86484375 0.146875 0.159375
0 0.32734375 0.38359375 0.1421875 0.1453125
0 0.10546875 0.27109375 0.1328125 0.1265625
0 0.43125 0.4328125 0.1421875 0.1453125
0 0.684375 0.48125 0.15625 0.15
0 0.3546875 0.3234375 0.15 0.146875
0 0.63046875 0.6984375 0.1515625 0.146875
0 0.28828125 0.5140625 0.1546875 0.1609375
0 0.67109375 0.54453125 0.15625 0.1515625
0 0.64921875 0.61796875 0.1484375 0.140625
0 0.178125 0.88828125 0.16875 0.18125
0 0.2546875 0.6609375 0.1546875 0.1578125
0 0.72734375 0.8328125 0.1484375 0.146875
0 0.34375 0.79375 0.134375 0.1390625
0 0.6140625 0.77578125 0.15 0.1484375
0 0.74453125 0.7515625 0.1421875 0.140625
0 0.77109375 0.68125 0.1375 0.13125
0 0.7625 0.19453125 0.14375 0.1359375
0 0.79609375 0.54375 0.1515625 0.1421875
0 0.128125 0.20390625 0.134375 0.1375
0 0.5125 0.1484375 0.1421875 0.14375
0 0.41484375 0.10234375 0.14375 0.1375
0 0.45546875 0.36953125 0.140625 0.146875
0 0.88203125 0.1875 0.1390625 0.1390625
1 0.3796875 0.65859375 0.1421875 0.1453125
1 0.1640625 0.9390625 0.165625 0.121875
0 0.53671875 0.07578125 0.13125 0.1203125
1 0.0515625 0.45703125 0.103125 0.1421875
1 0.6 0.8515625 0.1625 0.1671875
0 0.03984375 0.5421875 0.0796875 0.121875
1 0.2984375 0.92421875 0.16875 0.1515625
1 0.86328125 0.24609375 0.15 0.15
0 0.84921875 0.31484375 0.1421875 0.1484375
1 0.2046875 0.8125 0.16875 0.16875
0 0.053125 0.15625 0.10625 0.140625
1 0.27734375 0.590625 0.165625 0.165625
0 0.8015625 0.07265625 0.1359375 0.121875
1 0.2328125 0.73515625 0.1765625 0.178125
1 0.57578125 0.92421875 0.1484375 0.14375
0 0.5546875 0.03359375 0.115625 0.0671875
0 0.77890625 0.13203125 0.1296875 0.115625
1 0.74296875 0.26015625 0.134375 0.1203125
1 0.39375 0.5609375 0.1375 0.146875
0 0.03046875 0.60234375 0.0609375 0.1203125
0 0.0234375 0.2859375 0.046875 0.10625
0 0.6953125 0.94765625 0.134375 0.0671875
1 0.04140625 0.203125 0.0828125 0.121875
1 0.815625 0.03515625 0.125 0.0703125
1 0.890625 0.1328125 0.0921875 0.103125
0 0.45703125 0.02421875 0.1109375 0.0484375