0 0.7359375 0.40859375 0.1109375 0.0734375
0 0.85625 0.56953125 0.128125 0.071875
1 0.7359375 0.49296875 0.1203125 0.0734375
1 0.734375 0.57265625 0.1203125 0.0765625
1 0.85078125 0.65234375 0.1203125 0.08125
1 0.8484375 0.73671875 0.128125 0.0875
1 0.84765625 0.81640625 0.1359375 0.08125
0 0.73203125 0.6546875 0.1203125 0.08125
0 0.72421875 0.7375 0.1203125 0.09375
0 0.72265625 0.81796875 0.1203125 0.0765625
1 0.71953125 0.89609375 0.1265625 0.0765625
1 0.71953125 0.97109375 0.1328125 0.0578125
0 0.846875 0.89921875 0.13125 0.08125
0 0.84765625 0.96875 0.1296875 0.0625
0 0.43203125 0.89921875 0.1265625 0.0828125
0 0.30859375 0.96953125 0.1234375 0.053125
0 0.43359375 0.97265625 0.1234375 0.0484375
1 0.30703125 0.89453125 0.1265625 0.06875
1 0.43984375 0.81640625 0.1265625 0.0828125
1 0.315625 0.80625 0.115625 0.0765625
0 0.4453125 0.7265625 0.125 0.071875
0 0.31796875 0.7234375 0.1203125 0.0734375
1 0.321875 0.63984375 0.125 0.06875
0 0.328125 0.47421875 0.13125 0.084375
0 0.33046875 0.56328125 0.1328125 0.071875
1 0.446875 0.6453125 0.125 0.08125
1 0.4484375 0.56328125 0.128125 0.0765625
1 0.4515625 0.4828125 0.1296875 0.078125
1 0.33125 0.4015625 0.1265625 0.0734375
1 0.34140625 0.31875 0.11875 0.0765625
1 0.4609375 0.32578125 0.1203125 0.0734375
0 0.45859375 0.40390625 0.128125 0.0734375
1 0.4640625 0.24140625 0.1203125 0.0671875
0 0.34453125 0.24140625 0.115625 0.071875
0 0.47109375 0.1625 0.115625 0.071875
0 0.35 0.159375 0.1234375 0.06875
0 0.47578125 0.0859375 0.1234375 0.078125
0 0.34921875 0.08359375 0.1203125 0.0671875
0 0.4765625 0.02265625 0.128125 0.0453125
0 0.35078125 0.0234375 0.1234375 0.046875
0 0.07734375 0.02109375 0.1203125 0.0421875
1 0.078125 0.0734375 0.115625 0.065625
0 0.07265625 0.15234375 0.13125 0.084375
0 0.059375 0.39765625 0.1171875 0.065625
0 0.05703125 0.475 0.1140625 0.084375
0 0.05625 0.56171875 0.1125 0.0859375
1 0.053125 0.646875 0.10625 0.0875
0 0.0515625 0.728125 0.103125 0.078125
0 0.05078125 0.8125 0.1015625 0.08125
0 0.04609375 0.88984375 0.0921875 0.0734375
0 0.04609375 0.9640625 0.0921875 0.053125