0 0.7234375 0.38046875 0.115625 0.0828125
0 0.86171875 0.52578125 0.1328125 0.0828125
1 0.73359375 0.46484375 0.125 0.084375
1 0.7421875 0.54375 0.1265625 0.0875
1 0.86640625 0.60859375 0.1265625 0.0921875
1 0.87421875 0.6921875 0.134375 0.0984375
1 0.88359375 0.771875 0.1421875 0.09375
0 0.74921875 0.62578125 0.1265625 0.0921875
0 0.7515625 0.70859375 0.128125 0.1046875
0 0.759375 0.78828125 0.1265625 0.0875
1 0.76640625 0.86640625 0.1328125 0.0875
1 0.77578125 0.9421875 0.1375 0.0734375
0 0.89296875 0.85390625 0.1375 0.0921875
0 0.903125 0.92578125 0.134375 0.078125
0 0.48125 0.90390625 0.1328125 0.09375
0 0.36796875 0.978125 0.1265625 0.04375
0 0.49140625 0.9734375 0.1265625 0.053125
1 0.35703125 0.91484375 0.13125 0.0796875
1 0.47890625 0.82109375 0.1328125 0.09375
1 0.3546875 0.8265625 0.121875 0.0859375
0 0.4734375 0.73125 0.1296875 0.0828125
0 0.346875 0.74375 0.125 0.084375
1 0.33984375 0.6609375 0.1296875 0.0796875
0 0.32578125 0.4953125 0.1375 0.0953125
0 0.3390625 0.58359375 0.1375 0.084375
1 0.46484375 0.65078125 0.13125 0.0921875
1 0.45625 0.56875 0.134375 0.0875
1 0.45 0.4890625 0.1359375 0.0890625
1 0.3203125 0.42265625 0.13125 0.084375
1 0.3203125 0.33984375 0.125 0.0875
1 0.43984375 0.33203125 0.125 0.084375
0 0.44765625 0.409375 0.1328125 0.084375
1 0.4328125 0.24765625 0.125 0.078125
0 0.3140625 0.2625 0.1203125 0.08125
0 0.4296875 0.16875 0.1203125 0.08125
0 0.309375 0.1796875 0.128125 0.0796875
0 0.42578125 0.0921875 0.1296875 0.0890625
0 0.3 0.1046875 0.125 0.078125
0 0.41875 0.02890625 0.1328125 0.0578125
0 0.29296875 0.04296875 0.1265625 0.0609375
0 0.04140625 0.071875 0.0828125 0.0625
1 0.04453125 0.1265625 0.0890625 0.075
0 0.05078125 0.20703125 0.1015625 0.0953125
0 0.05546875 0.45234375 0.1109375 0.0765625
0 0.059375 0.5296875 0.11875 0.09375
0 0.06640625 0.61640625 0.1203125 0.0953125
1 0.07265625 0.7015625 0.115625 0.096875
0 0.08046875 0.78203125 0.1140625 0.0875
0 0.0890625 0.86640625 0.1140625 0.090625
0 0.09296875 0.94375 0.1046875 0.08125
0 0.10078125 0.99296875 0.1046875 0.0140625