1 0.815625 0.8296875 0.0640625 0.1640625
1 0.9 0.8296875 0.0640625 0.1609375
1 0.60390625 0.85078125 0.0625 0.1640625
1 0.85390625 0.67890625 0.0609375 0.1546875
1 0.7203125 0.68671875 0.0625 0.153125
0 0.21875 0.87109375 0.0609375 0.1640625
0 0.653125 0.2078125 0.0640625 0.153125
0 0.86171875 0.82578125 0.0625 0.159375
1 0.6203125 0.35859375 0.0625 0.15625
0 0.8078125 0.68125 0.0625 0.1515625
1 0.53203125 0.2078125 0.0609375 0.15625
0 0.7671875 0.68671875 0.0671875 0.1546875
1 0.53828125 0.36640625 0.059375 0.1609375
0 0.5625 0.846875 0.0625 0.1734375
1 0.69453125 0.2046875 0.05625 0.15
1 0.83515625 0.34765625 0.0578125 0.1578125
0 0.775 0.83515625 0.0640625 0.1625
1 0.52265625 0.85625 0.0640625 0.171875
0 0.55625 0.6921875 0.0609375 0.1515625
1 0.8921875 0.67421875 0.0609375 0.1546875
1 0.74140625 0.20078125 0.05625 0.1484375
0 0.5984375 0.69140625 0.0625 0.1515625
0 0.66640625 0.35703125 0.0578125 0.1609375
1 0.115625 0.71171875 0.075 0.1703125
1 0.87578125 0.34921875 0.0578125 0.159375
0 0.16328125 0.71484375 0.059375 0.1609375
1 0.25703125 0.86953125 0.05625 0.1625
1 0.828125 0.19921875 0.0546875 0.15
0 0.1390625 0.38125 0.0609375 0.16875
0 0.496875 0.36796875 0.0640625 0.165625
0 0.1359375 0.2265625 0.053125 0.1578125
0 0.74921875 0.3515625 0.0609375 0.1640625
0 0.703125 0.3546875 0.0578125 0.1640625
0 0.27734375 0.37265625 0.0671875 0.1578125
0 0.490625 0.21328125 0.0578125 0.15625
1 0.78046875 0.2 0.0546875 0.1484375
0 0.2296875 0.375 0.0609375 0.1640625
0 0.6484375 0.6890625 0.0640625 0.153125
1 0.0359375 0.3859375 0.071875 0.16875
1 0.86640625 0.196875 0.05625 0.15
0 0.509375 0.69375 0.059375 0.153125
1 0.790625 0.35078125 0.0578125 0.1609375
1 0.93828125 0.828125 0.0640625 0.159375
0 0.190625 0.37734375 0.059375 0.165625
0 0.57734375 0.2046875 0.071875 0.1609375
0 0.446875 0.215625 0.053125 0.1546875
1 0.978125 0.82421875 0.04375 0.1609375
0 0.45390625 0.37109375 0.0578125 0.1703125
0 0.1796875 0.2234375 0.0515625 0.1546875
0 0.21640625 0.22109375 0.0578125 0.1578125
1 0.97421875 0.6703125 0.0515625 0.15625
1 0.57734375 0.36171875 0.059375 0.1546875
1 0.90625 0.19375 0.0578125 0.15
1 0.09765625 0.38515625 0.0734375 0.171875
1 0.95390625 0.19296875 0.059375 0.153125
0 0.2671875 0.21953125 0.05625 0.1546875
1 0.05703125 0.8828125 0.075 0.16875
1 0.91484375 0.34453125 0.0578125 0.1609375
0 0.475 0.85625 0.065625 0.1734375
1 0.9328125 0.67578125 0.0609375 0.1578125
1 0.9640625 0.3453125 0.05625 0.1640625
1 0.0890625 0.2265625 0.0703125 0.1609375
1 0.6859375 0.69296875 0.05625 0.1515625
0 0.29140625 0.70703125 0.0609375 0.1546875
0 0.728125 0.84765625 0.0640625 0.171875
0 0.303125 0.86640625 0.0640625 0.1671875
0 0.68671875 0.85234375 0.0640625 0.1703125
1 0.215625 0.7109375 0.06875 0.159375
1 0.16953125 0.87265625 0.0578125 0.1609375
1 0.0296875 0.22421875 0.059375 0.1671875
1 0.465625 0.70234375 0.0640625 0.1515625
1 0.64609375 0.84453125 0.059375 0.15625
0 0.2375 0.7140625 0.0703125 0.159375
0 0.12265625 0.871875 0.0734375 0.1640625
1 0.05078125 0.71484375 0.075 0.1765625