0 0.234375 0.0609375 0.078125 0.121875
1 0.29921875 0.0640625 0.0765625 0.128125
0 0.49296875 0.06875 0.0765625 0.1375
0 0.1671875 0.0578125 0.08125 0.115625
0 0.428125 0.0671875 0.075 0.134375
1 0.56015625 0.07265625 0.08125 0.14375
0 0.62265625 0.07578125 0.075 0.14375
0 0.36328125 0.065625 0.0765625 0.13125
0 0.4828125 0.25390625 0.078125 0.2390625
0 0.54921875 0.26171875 0.0875 0.2375
0 0.35078125 0.2484375 0.0859375 0.240625
0 0.153125 0.23046875 0.0890625 0.2328125
1 0.41953125 0.25078125 0.08125 0.2375
0 0.821875 0.0859375 0.0828125 0.1421875
0 0.28203125 0.24609375 0.08125 0.24375
0 0.9546875 0.0953125 0.0875 0.146875
0 0.21953125 0.2390625 0.075 0.2359375
0 0.32265625 0.753125 0.0890625 0.2515625
0 0.68046875 0.28125 0.0859375 0.215625
0 0.878125 0.28515625 0.090625 0.225
0 0.58515625 0.77734375 0.084375 0.2625
0 0.45546875 0.77734375 0.0828125 0.25
0 0.18828125 0.75 0.0890625 0.2640625
0 0.74921875 0.2828125 0.084375 0.2125
0 0.64921875 0.78125 0.0828125 0.2546875
0 0.715625 0.7796875 0.0828125 0.2421875
0 0.615625 0.2671875 0.08125 0.225
0 0.78359375 0.78515625 0.0828125 0.2453125
0 0.853125 0.79765625 0.09375 0.2515625
0 0.92890625 0.8234375 0.1 0.25
0 0.984375 0.2953125 0.03125 0.228125
0 0.39296875 0.75703125 0.071875 0.240625
0 0.1296875 0.74296875 0.0640625 0.24375
0 0.25625 0.74453125 0.06875 0.25
0 0.5203125 0.77265625 0.0828125 0.23125
0 0.81015625 0.27421875 0.065625 0.2375
0 0.94765625 0.29140625 0.065625 0.240625
0 0.7546875 0.08125 0.0703125 0.140625
0 0.690625 0.0828125 0.071875 0.15
0 0.88671875 0.09140625 0.065625 0.146875