0 0.33125 0.21640625 0.0453125 0.115625
1 0.77265625 0.18671875 0.0453125 0.115625
0 0.70625 0.19296875 0.0484375 0.1125
0 0.54609375 0.44296875 0.0484375 0.109375
1 0.721875 0.5484375 0.046875 0.1265625
1 0.91328125 0.9171875 0.0453125 0.1203125
1 0.51015625 0.44609375 0.0453125 0.109375
0 0.44765625 0.56015625 0.046875 0.1234375
1 0.58671875 0.55390625 0.046875 0.1234375
1 0.65625 0.55390625 0.0484375 0.1234375
1 0.57890625 0.4421875 0.0453125 0.1078125
0 0.4421875 0.44296875 0.0453125 0.1140625
1 0.66953125 0.196875 0.0484375 0.1140625
1 0.9546875 0.41796875 0.046875 0.11875
0 0.6890625 0.553125 0.046875 0.1265625
0 0.65 0.43828125 0.05 0.1109375
0 0.4609375 0.81953125 0.0421875 0.1203125
0 0.75859375 0.54296875 0.046875 0.125
1 0.8046875 0.80625 0.0453125 0.125
0 0.6296875 0.81171875 0.046875 0.128125
1 0.53828125 0.20234375 0.046875 0.1140625
0 0.890625 0.42421875 0.05 0.1140625
0 0.571875 0.20390625 0.046875 0.1140625
1 0.90859375 0.17890625 0.0453125 0.1140625
0 0.621875 0.553125 0.046875 0.125
1 0.475 0.44765625 0.046875 0.1109375
0 0.8796875 0.91875 0.04375 0.11875
0 0.4125 0.44140625 0.0453125 0.1171875
0 0.43203125 0.21015625 0.0453125 0.1125
1 0.48125 0.55859375 0.0453125 0.121875
1 0.9453125 0.1796875 0.0453125 0.1109375
1 0.46875 0.2078125 0.046875 0.1109375
0 0.6828125 0.434375 0.0484375 0.1109375
0 0.553125 0.55625 0.0453125 0.125
1 0.8546875 0.4265625 0.0484375 0.1140625
1 0.82421875 0.54375 0.046875 0.125
0 0.84921875 0.18359375 0.0546875 0.1171875
0 0.73359375 0.80546875 0.046875 0.1265625
0 0.21328125 0.5734375 0.0453125 0.1234375
0 0.79140625 0.54609375 0.046875 0.1234375
0 0.41640625 0.5640625 0.0484375 0.1234375
1 0.07578125 0.46015625 0.0421875 0.11875
1 0.70078125 0.81171875 0.04375 0.128125
1 0.21015625 0.45859375 0.0421875 0.10625
0 0.39375 0.028125 0.0421875 0.0484375
1 0.615625 0.43984375 0.0453125 0.109375
1 0.87421875 0.8 0.04375 0.125
1 0.97578125 0.79609375 0.0421875 0.128125
0 0.86328125 0.54375 0.05 0.128125
1 0.80625 0.1859375 0.04375 0.1125
0 0.771875 0.803125 0.0453125 0.1265625
0 0.74296875 0.92734375 0.0453125 0.11875
0 0.89921875 0.5390625 0.05 0.13125
1 0.32734375 0.83046875 0.04375 0.121875
0 0.66953125 0.809375 0.046875 0.1265625
0 0.34296875 0.44765625 0.0484375 0.1171875
0 0.315625 0.57265625 0.046875 0.13125
1 0.29921875 0.21796875 0.046875 0.1125
0 0.2609375 0.94765625 0.04375 0.1046875
1 0.396875 0.82890625 0.04375 0.125
0 0.7421875 0.1890625 0.0421875 0.115625
0 0.22890625 0.22109375 0.0453125 0.115625
0 0.50078125 0.20546875 0.046875 0.1109375
1 0.796875 0.01328125 0.0375 0.0265625
1 0.60234375 0.20234375 0.0453125 0.115625
0 0.3765625 0.56796875 0.0453125 0.128125
0 0.015625 0.4609375 0.03125 0.121875
0 0.63671875 0.20078125 0.05 0.115625
0 0.36796875 0.2140625 0.0453125 0.1125
0 0.23984375 0.45390625 0.0421875 0.109375
0 0.91875 0.41796875 0.0453125 0.1140625
0 0.73203125 0.0140625 0.0390625 0.028125
0 0.78125 0.925 0.05 0.11875
1 0.8984375 0.00859375 0.0375 0.0171875
0 0.2921875 0.83203125 0.0453125 0.121875
1 0.4015625 0.20859375 0.0453125 0.1171875
1 0.36015625 0.83046875 0.04375 0.125
0 0.17734375 0.5734375 0.040625 0.121875
1 0.71796875 0.43359375 0.046875 0.1125
1 0.02578125 0.046875 0.0359375 0.046875
0 0.23125 0.94765625 0.04375 0.1046875
0 0.490625 0.8203125 0.0421875 0.11875
0 0.18125 0.95078125 0.05625 0.0984375
0 0.94375 0.91484375 0.04375 0.1203125
0 0.175 0.4609375 0.0484375 0.109375
0 0.265625 0.22109375 0.0453125 0.1140625
1 0.98203125 0.9125 0.0359375 0.11875
0 0.84921875 0.0109375 0.0640625 0.021875
0 0.18125 0.83359375 0.0515625 0.1234375
0 0.30390625 0.446875 0.05 0.11875
0 0.5171875 0.559375 0.0453125 0.125
0 0.221875 0.0359375 0.0390625 0.0453125
0 0.27734375 0.57265625 0.046875 0.128125
0 0.196875 0.22421875 0.0453125 0.1171875
0 0.096875 0.23046875 0.0453125 0.1140625
0 0.07578125 0.9515625 0.0609375 0.096875
0 0.1375 0.95234375 0.053125 0.0953125
0 0.36484375 0.94453125 0.0484375 0.1109375
0 0.4265625 0.82578125 0.040625 0.1234375
0 0.39765625 0.94296875 0.0484375 0.1140625
0 0.34765625 0.56953125 0.04375 0.1296875
0 0.29375 0.94921875 0.046875 0.1015625
1 0.3578125 0.0296875 0.0375 0.046875
0 0.25703125 0.8328125 0.0421875 0.125
0 0.7859375 0.4265625 0.05 0.115625
0 0.1390625 0.83203125 0.0515625 0.1265625
0 0.08515625 0.8328125 0.046875 0.1234375
0 0.07578125 0.58359375 0.0421875 0.11875
0 0.11171875 0.5796875 0.0421875 0.1203125
0 0.9109375 0.8 0.046875 0.1234375
1 0.84609375 0.9234375 0.0421875 0.115625
1 0.69765625 0.015625 0.0390625 0.03125
0 0.6359375 0.93203125 0.0421875 0.11875
1 0.7046875 0.92890625 0.046875 0.11875
0 0.328125 0.9453125 0.04375 0.109375
0 0.165625 0.225 0.040625 0.1109375
0 0.75390625 0.428125 0.0484375 0.1140625
1 0.13359375 0.22734375 0.0453125 0.1109375
0 0.8125 0.92734375 0.0421875 0.115625
0 0.4375 0.94140625 0.04375 0.1171875
0 0.22734375 0.83515625 0.04375 0.1234375
0 0.04140625 0.58359375 0.04375 0.1234375
1 0.7609375 0.01328125 0.0375 0.0265625
1 0.59375 0.0203125 0.040625 0.040625
0 0.03125 0.84921875 0.0328125 0.121875
1 0.59921875 0.8203125 0.0421875 0.1265625
1 0.25625 0.03515625 0.0375 0.0484375
0 0.0625 0.2328125 0.040625 0.11875
1 0.42578125 0.0265625 0.0375 0.0484375
0 0.0515625 0.0453125 0.03125 0.046875
1 0.62890625 0.01875 0.0390625 0.0375
1 0.37265625 0.44765625 0.04375 0.11875
0 0.03984375 0.46171875 0.0453125 0.128125
0 0.603125 0.93828125 0.0421875 0.115625
1 0.27265625 0.4515625 0.0390625 0.1109375
0 0.13125 0.46171875 0.0515625 0.11875
1 0.528125 0.02265625 0.040625 0.0453125
0 0.14765625 0.578125 0.0421875 0.1234375
1 0.46015625 0.025 0.0390625 0.0484375
1 0.93125 0.0078125 0.0375 0.015625
1 0.6640625 0.01640625 0.0375 0.0328125
0 0.575 0.94140625 0.046875 0.1125
0 0.084375 0.04453125 0.040625 0.0484375
0 0.5578125 0.0203125 0.040625 0.040625
0 0.8375 0.80234375 0.04375 0.125
0 0.46953125 0.940625 0.04375 0.11875
1 0.97109375 0.17734375 0.03125 0.1109375
0 0.32109375 0.03125 0.0390625 0.046875
0 0.675 0.93046875 0.04375 0.1171875
0 0.93984375 0.80078125 0.040625 0.125
0 0.24453125 0.5734375 0.0390625 0.1234375
1 0.49453125 0.0234375 0.0390625 0.046875
1 0.49921875 0.93984375 0.046875 0.1171875
0 0.28671875 0.0328125 0.0390625 0.046875
0 0.03984375 0.9546875 0.0359375 0.090625
0 0.00390625 0.04921875 0.0078125 0.0484375
0 0.99453125 0.7890625 0.0109375 0.128125
0 0.815625 0.42578125 0.0453125 0.1140625
0 0.0546875 0.84140625 0.0375 0.115625
0 0.01484375 0.58515625 0.028125 0.121875
1 0.11171875 0.46171875 0.04375 0.1140625
0 0.12578125 0.0421875 0.0390625 0.0484375
0 0.15390625 0.03984375 0.0359375 0.046875
1 0.925 0.54140625 0.0421875 0.134375
1 0.03515625 0.2359375 0.0421875 0.1171875
1 0.965625 0.54375 0.046875 0.134375
0 0.0109375 0.23125 0.021875 0.115625
0 0.98515625 0.41484375 0.028125 0.1171875
0 0.18984375 0.0390625 0.0390625 0.0484375
1 0.52890625 0.825 0.034375 0.1203125
1 0.9609375 0.00546875 0.028125 0.0109375
1 0.8765625 0.18125 0.0375 0.1140625