1 0.79765625 0.85234375 0.059375 0.16171875
1 0.8828125 0.85 0.059375 0.15703125
1 0.7125 0.69921875 0.05625 0.15
1 0.5859375 0.8546875 0.05625 0.16015625
1 0.5484375 0.209375 0.0515625 0.15234375
0 0.8453125 0.84453125 0.05703125 0.15625
0 0.8 0.7 0.05859375 0.15
1 0.546875 0.36640625 0.05 0.15390625
0 0.67109375 0.215625 0.053125 0.1484375
1 0.7125 0.215625 0.0484375 0.14765625
0 0.759375 0.84921875 0.059375 0.16015625
0 0.54609375 0.69453125 0.05546875 0.1515625
1 0.88515625 0.6953125 0.0546875 0.15390625
1 0.6328125 0.3640625 0.053125 0.15234375
1 0.50546875 0.85546875 0.0578125 0.16875
0 0.6734375 0.365625 0.05078125 0.1578125
0 0.759375 0.696875 0.05859375 0.1484375
0 0.20078125 0.8546875 0.05390625 0.16171875
1 0.84609375 0.36640625 0.053125 0.1578125
0 0.58828125 0.69453125 0.0578125 0.1515625
1 0.884375 0.3640625 0.05234375 0.1609375
0 0.71171875 0.365625 0.05390625 0.1625
1 0.75859375 0.21328125 0.0484375 0.14921875
1 0.88515625 0.21328125 0.05078125 0.1484375
0 0.546875 0.8484375 0.05703125 0.16875
0 0.1484375 0.36171875 0.053125 0.165625
1 0.840625 0.69609375 0.0453125 0.15546875
1 0.10625 0.68984375 0.06796875 0.1671875
0 0.15390625 0.69609375 0.053125 0.15859375
0 0.7609375 0.36953125 0.05546875 0.1625
1 0.796875 0.215625 0.0484375 0.14921875
0 0.19921875 0.3609375 0.05234375 0.16171875
1 0.97265625 0.21640625 0.05234375 0.15234375
1 0.2390625 0.8546875 0.04765625 0.16015625
0 0.28671875 0.36015625 0.0609375 0.15859375
1 0.79921875 0.36640625 0.053125 0.159375
1 0.84609375 0.2125 0.05078125 0.15
0 0.50625 0.36640625 0.05390625 0.159375
1 0.97109375 0.85 0.05703125 0.15625
0 0.23828125 0.3609375 0.0515625 0.1625
0 0.50625 0.2125 0.05 0.1546875
0 0.15 0.20546875 0.0453125 0.15390625
1 0.5859375 0.359375 0.05 0.15
1 0.9234375 0.2125 0.0515625 0.15
1 0.92578125 0.846875 0.04296875 0.15625
0 0.46328125 0.36640625 0.046875 0.1625
1 0.97109375 0.69609375 0.05390625 0.15625
0 0.6390625 0.7015625 0.05859375 0.1515625
1 0.04296875 0.3625 0.0640625 0.16875
0 0.19765625 0.20703125 0.04375 0.15234375
1 0.67421875 0.69921875 0.0546875 0.146875
0 0.2859375 0.8546875 0.05859375 0.16328125
0 0.5953125 0.209375 0.0609375 0.1515625
0 0.4640625 0.2125 0.04296875 0.15234375
0 0.234375 0.20625 0.0484375 0.153125
1 0.9734375 0.36953125 0.0515625 0.1625
1 0.925 0.36640625 0.0515625 0.159375
0 0.4578125 0.85390625 0.05546875 0.17109375
0 0.7046875 0.8609375 0.0671875 0.17421875
0 0.28359375 0.2078125 0.0484375 0.153125
1 0.92421875 0.696875 0.04375 0.1609375
1 0.10625 0.36328125 0.06328125 0.1703125
1 0.0421875 0.203125 0.0625 0.16171875
1 0.153125 0.853125 0.0515625 0.1578125
1 0.10546875 0.20546875 0.06015625 0.1578125
1 0.6703125 0.85546875 0.05859375 0.16484375
0 0.284375 0.69609375 0.05546875 0.15546875
1 0.20625 0.6953125 0.06328125 0.15703125
0 0.50625 0.696875 0.0546875 0.15390625
0 0.22734375 0.696875 0.06328125 0.1578125
1 0.0390625 0.8578125 0.06640625 0.16640625
1 0.62890625 0.8515625 0.0515625 0.1515625
1 0.10390625 0.853125 0.065625 0.159375
1 0.45703125 0.69609375 0.05703125 0.159375
0 0.721875 0.85546875 0.04765625 0.15703125
1 0.04375 0.70234375 0.05546875 0.1453125