0 0.33125 0.215625 0.0453125 0.1140625
1 0.7578125 0.5453125 0.046875 0.1234375
0 0.4484375 0.56015625 0.046875 0.1234375
0 0.3421875 0.45 0.0484375 0.1125
0 0.70703125 0.19296875 0.046875 0.1109375
1 0.77265625 0.1875 0.0453125 0.1140625
1 0.30703125 0.4546875 0.04375 0.1078125
1 0.51015625 0.4453125 0.0453125 0.109375
0 0.7921875 0.540625 0.046875 0.11875
0 0.54765625 0.44140625 0.0453125 0.10625
1 0.21015625 0.45859375 0.0421875 0.10625
0 0.2140625 0.5734375 0.046875 0.125
0 0.69140625 0.5515625 0.04375 0.1203125
1 0.2765625 0.45546875 0.0453125 0.1078125
1 0.36796875 0.94375 0.0515625 0.1125
1 0.65546875 0.55390625 0.046875 0.1203125
1 0.66953125 0.19609375 0.046875 0.1125
1 0.140625 0.94765625 0.0625 0.1046875
0 0.4609375 0.81953125 0.0421875 0.121875
1 0.96484375 0.53359375 0.046875 0.121875
0 0.85 0.184375 0.053125 0.115625
0 0.6296875 0.81171875 0.0453125 0.128125
1 0.85 0.42109375 0.04375 0.115625
1 0.82265625 0.54296875 0.0453125 0.121875
0 0.4421875 0.44296875 0.04375 0.1140625
1 0.48125 0.5609375 0.046875 0.121875
1 0.58671875 0.55390625 0.04375 0.1203125
1 0.8046875 0.80625 0.04375 0.1234375
1 0.475 0.44765625 0.0453125 0.1109375
0 0.8625 0.5421875 0.05 0.1234375
1 0.46953125 0.2078125 0.046875 0.1109375
1 0.075 0.46875 0.0421875 0.1109375
0 0.1828125 0.946875 0.059375 0.10625
0 0.64921875 0.43828125 0.05 0.1109375
0 0.41640625 0.5640625 0.046875 0.125
1 0.72265625 0.5484375 0.046875 0.125
1 0.9546875 0.41640625 0.046875 0.11875
0 0.73359375 0.80546875 0.0453125 0.1265625
0 0.24140625 0.45546875 0.0421875 0.10625
1 0.70078125 0.81171875 0.04375 0.128125
0 0.571875 0.20390625 0.0453125 0.1140625
1 0.29921875 0.2171875 0.046875 0.1125
1 0.796875 0.01328125 0.0375 0.0265625
0 0.621875 0.55390625 0.0421875 0.1203125
1 0.61171875 0.43984375 0.04375 0.1125
0 0.43203125 0.209375 0.0453125 0.1125
0 0.4125 0.4421875 0.0453125 0.1171875
1 0.5375 0.20234375 0.046875 0.1140625
0 0.31484375 0.57109375 0.0484375 0.1265625
1 0.97578125 0.796875 0.040625 0.1234375
0 0.6828125 0.4359375 0.04375 0.10625
1 0.11484375 0.58046875 0.0453125 0.1234375
1 0.325 0.83203125 0.0453125 0.1234375
0 0.553125 0.55390625 0.0453125 0.125
0 0.74296875 0.92734375 0.0453125 0.11875
0 0.66953125 0.809375 0.0453125 0.125
0 0.36796875 0.2140625 0.0453125 0.1125
1 0.80625 0.1859375 0.0421875 0.1125
1 0.3921875 0.83203125 0.0453125 0.1234375
1 0.8984375 0.00859375 0.0375 0.0171875
1 0.90859375 0.18359375 0.0421875 0.1125
0 0.3609375 0.82734375 0.04375 0.1234375
0 0.771875 0.803125 0.04375 0.125
0 0.32890625 0.94453125 0.0484375 0.1109375
0 0.26171875 0.946875 0.0453125 0.10625
0 0.91875 0.41875 0.04375 0.115625
0 0.4046875 0.94375 0.05 0.1125
0 0.73203125 0.01484375 0.0390625 0.0296875
1 0.4015625 0.2078125 0.0453125 0.1171875
1 0.8875 0.41953125 0.046875 0.1140625
0 0.17578125 0.46171875 0.0484375 0.109375
0 0.74140625 0.19453125 0.04375 0.1125
1 0.875 0.80390625 0.0421875 0.121875
0 0.37734375 0.56640625 0.0453125 0.125
0 0.03984375 0.46796875 0.04375 0.1140625
0 0.50234375 0.20546875 0.046875 0.1109375
0 0.78046875 0.925 0.05 0.11875
1 0.94609375 0.1828125 0.0453125 0.115625
0 0.346875 0.56796875 0.046875 0.125
1 0.60234375 0.20234375 0.0453125 0.1140625
0 0.490625 0.8203125 0.04375 0.1203125
0 0.22890625 0.22109375 0.046875 0.115625
1 0.76171875 0.0140625 0.0359375 0.028125
0 0.29140625 0.83203125 0.0453125 0.1234375
1 0.7171875 0.4328125 0.0453125 0.109375
0 0.63671875 0.2 0.0484375 0.115625
0 0.22421875 0.0375 0.040625 0.0484375
1 0.12578125 0.04296875 0.0375 0.05
0 0.43046875 0.82265625 0.0421875 0.125
0 0.0796875 0.95 0.06875 0.1
0 0.265625 0.22109375 0.0453125 0.1140625
0 0.84765625 0.0109375 0.0640625 0.021875
0 0.075 0.58203125 0.0484375 0.125
0 0.196875 0.2234375 0.0453125 0.1171875
0 0.28125 0.5734375 0.0484375 0.125
0 0.8765625 0.9234375 0.0453125 0.1171875
1 0.84609375 0.9234375 0.0421875 0.115625
0 0.5171875 0.55546875 0.04375 0.128125
1 0.390625 0.028125 0.0390625 0.0484375
1 0.025 0.046875 0.034375 0.046875
1 0.25625 0.03515625 0.0375 0.0484375
1 0.3578125 0.02890625 0.0359375 0.0453125
0 0.91328125 0.91640625 0.04375 0.1203125
0 0.58125 0.440625 0.046875 0.1109375
0 0.91015625 0.8015625 0.0453125 0.1171875
0 0.096875 0.22890625 0.04375 0.1125
0 0.2578125 0.83359375 0.0421875 0.1234375
0 0.01484375 0.46484375 0.0296875 0.1140625
0 0.23125 0.946875 0.046875 0.10625
0 0.12421875 0.8359375 0.046875 0.1203125
0 0.29453125 0.9484375 0.0484375 0.103125
0 0.6359375 0.93203125 0.0421875 0.11875
1 0.98125 0.91171875 0.0375 0.1203125
0 0.17734375 0.57265625 0.0421875 0.1265625
1 0.69609375 0.015625 0.0390625 0.03125
0 0.9015625 0.53828125 0.053125 0.128125
1 0.13359375 0.22734375 0.0453125 0.1109375
1 0.528125 0.02265625 0.040625 0.0453125
0 0.084375 0.83515625 0.0453125 0.1234375
0 0.04140625 0.58515625 0.0453125 0.1265625
0 0.2453125 0.57265625 0.0421875 0.1234375
0 0.14921875 0.578125 0.040625 0.121875
1 0.7046875 0.92890625 0.046875 0.11875
0 0.165625 0.225 0.040625 0.1109375
0 0.2265625 0.83359375 0.046875 0.125
0 0.5578125 0.02109375 0.040625 0.0421875
0 0.2875 0.0328125 0.0390625 0.046875
1 0.425 0.0265625 0.0375 0.0484375
1 0.59375 0.0203125 0.040625 0.040625
1 0.93125 0.0078125 0.0375 0.015625
0 0.18203125 0.8375 0.04375 0.121875
0 0.8125 0.92734375 0.0421875 0.115625
0 0.8390625 0.80546875 0.040625 0.1203125
0 0.94375 0.91484375 0.0421875 0.1203125
1 0.62890625 0.01875 0.0390625 0.0375
0 0.321875 0.03203125 0.040625 0.0484375
0 0.603125 0.9390625 0.040625 0.1140625
0 0.575 0.9421875 0.046875 0.1109375
1 0.59921875 0.8203125 0.0421875 0.1296875
0 0.0625 0.23203125 0.0390625 0.1171875
0 0.03125 0.85 0.0328125 0.121875
0 0.43828125 0.94140625 0.0453125 0.1171875
0 0.4703125 0.940625 0.0453125 0.11875
1 0.4921875 0.02421875 0.040625 0.0484375
1 0.37265625 0.44921875 0.04375 0.115625
0 0.15546875 0.040625 0.0359375 0.0484375
0 0.08359375 0.04375 0.040625 0.046875
1 0.11171875 0.46484375 0.0421875 0.10625
0 0.75390625 0.42734375 0.046875 0.1125
1 0.97109375 0.17578125 0.03125 0.109375
0 0.0515625 0.0453125 0.03125 0.046875
0 0.67421875 0.93046875 0.04375 0.1171875
0 0.14296875 0.46015625 0.0390625 0.1109375
1 0.15859375 0.8390625 0.0375 0.11875
0 0.00390625 0.04921875 0.0078125 0.0484375
0 0.94453125 0.7984375 0.0375 0.11875
0 0.03984375 0.95234375 0.0390625 0.0953125
0 0.05859375 0.8390625 0.0375 0.1203125
0 0.01484375 0.584375 0.028125 0.121875
1 0.9875 0.53203125 0.025 0.1203125
0 0.99453125 0.790625 0.0109375 0.128125
0 0.78515625 0.42578125 0.0484375 0.1140625
1 0.49921875 0.93984375 0.0484375 0.1171875
0 0.81640625 0.425 0.04375 0.1140625
1 0.459375 0.025 0.040625 0.0484375
0 0.01015625 0.23203125 0.0203125 0.1171875
1 0.034375 0.23515625 0.040625 0.115625
0 0.12890625 0.46484375 0.0515625 0.1140625
0 0.9859375 0.4140625 0.0265625 0.1171875
1 0.9296875 0.53515625 0.0421875 0.125
0 0.19140625 0.03984375 0.040625 0.05
0 0.6625 0.01640625 0.040625 0.0328125
1 0.5296875 0.825 0.0359375 0.121875
1 0.96171875 0.00625 0.0265625 0.0125
0 0.19453125 0.83984375 0.040625 0.121875
0 0.096875 0.04375 0.028125 0.0484375