1 0.88203125 0.84765625 0.06015625 0.15859375
1 0.58671875 0.85390625 0.05546875 0.16015625
1 0.796875 0.85078125 0.059375 0.16328125
1 0.7125 0.69765625 0.05546875 0.15
0 0.79765625 0.6953125 0.05625 0.14765625
1 0.884375 0.6921875 0.05390625 0.1515625
0 0.8453125 0.8421875 0.05546875 0.15859375
1 0.54765625 0.21015625 0.05234375 0.153125
0 0.7578125 0.84765625 0.06015625 0.1625
1 0.546875 0.365625 0.05 0.1546875
1 0.6328125 0.3640625 0.05234375 0.1515625
1 0.7109375 0.215625 0.0484375 0.14765625
0 0.6703125 0.2140625 0.053125 0.15078125
0 0.759375 0.7 0.05859375 0.15
1 0.50546875 0.85703125 0.0578125 0.1703125
0 0.546875 0.8484375 0.05703125 0.16953125
0 0.71015625 0.36484375 0.05234375 0.1609375
1 0.1078125 0.690625 0.06875 0.17109375
0 0.67265625 0.36484375 0.05 0.15625
0 0.5453125 0.69453125 0.0546875 0.1546875
1 0.88359375 0.3625 0.05078125 0.15703125
0 0.2 0.85703125 0.05859375 0.159375
1 0.7578125 0.2140625 0.0484375 0.146875
0 0.759375 0.36328125 0.05390625 0.16171875
0 0.15546875 0.69609375 0.05234375 0.159375
1 0.88359375 0.215625 0.04921875 0.14765625
0 0.14765625 0.36484375 0.0515625 0.16640625
1 0.796875 0.3625 0.05078125 0.1546875
1 0.796875 0.21484375 0.0484375 0.14609375
1 0.8453125 0.3640625 0.0515625 0.1546875
0 0.19921875 0.3640625 0.0515625 0.16328125
1 0.8453125 0.2125 0.05 0.146875
0 0.5890625 0.69453125 0.05703125 0.153125
0 0.23828125 0.3625 0.05078125 0.1625
0 0.50546875 0.36796875 0.0546875 0.1609375
0 0.50546875 0.21328125 0.05078125 0.15390625
0 0.59296875 0.20859375 0.059375 0.1546875
0 0.28671875 0.3609375 0.05859375 0.1546875
1 0.97109375 0.84765625 0.05625 0.15859375
0 0.15234375 0.21015625 0.04375 0.15234375
1 0.84453125 0.696875 0.0546875 0.14921875
1 0.58515625 0.365625 0.05078125 0.15
0 0.45859375 0.85546875 0.05546875 0.1734375
1 0.9265625 0.21953125 0.05078125 0.1515625
0 0.6390625 0.70078125 0.05859375 0.1515625
1 0.15390625 0.8546875 0.05234375 0.15703125
0 0.19765625 0.20390625 0.04296875 0.1484375
1 0.9703125 0.69375 0.05390625 0.15546875
0 0.23515625 0.2078125 0.046875 0.15390625
0 0.46328125 0.36796875 0.04609375 0.16328125
1 0.97265625 0.36953125 0.05 0.1625
1 0.97109375 0.21328125 0.05078125 0.14921875
1 0.9234375 0.840625 0.05703125 0.15625
1 0.67421875 0.70234375 0.05234375 0.146875
1 0.04375 0.365625 0.06328125 0.16484375
1 0.92109375 0.36484375 0.0515625 0.15859375
0 0.4640625 0.21484375 0.04296875 0.15078125
0 0.70546875 0.86015625 0.0671875 0.17421875
1 0.04140625 0.85859375 0.0671875 0.1625
1 0.1046875 0.36484375 0.0625 0.16796875
1 0.10625 0.2078125 0.06015625 0.1578125
0 0.28359375 0.6953125 0.05390625 0.15234375
0 0.284375 0.209375 0.04609375 0.15234375
1 0.92421875 0.696875 0.05390625 0.15390625
0 0.50234375 0.6921875 0.0515625 0.16171875
1 0.20625 0.69609375 0.06015625 0.15625
0 0.234375 0.69609375 0.05390625 0.1546875
1 0.66953125 0.85390625 0.06015625 0.16328125
0 0.284375 0.85625 0.05546875 0.1625
1 0.240625 0.85703125 0.0484375 0.16171875
0 0.10703125 0.853125 0.0671875 0.16171875
1 0.62890625 0.85078125 0.0515625 0.15390625
1 0.0421875 0.2046875 0.0609375 0.16328125
1 0.04140625 0.68984375 0.0671875 0.17890625
1 0.459375 0.69609375 0.0546875 0.159375
1 0.63203125 0.2171875 0.03984375 0.1546875