1 0.54375 0.06953125 0.07578125 0.1390625
0 0.47578125 0.06953125 0.07109375 0.1390625
0 0.22109375 0.06875 0.071875 0.13671875
0 0.41640625 0.06875 0.071875 0.1375
1 0.2890625 0.06796875 0.07109375 0.1359375
0 0.34765625 0.06875 0.0734375 0.1375
0 0.34296875 0.25859375 0.07890625 0.246875
0 0.60234375 0.06953125 0.0703125 0.1390625
0 0.15 0.06640625 0.078125 0.1328125
0 0.540625 0.2625 0.07734375 0.24765625
0 0.67109375 0.07578125 0.07265625 0.14609375
0 0.47265625 0.2625 0.07421875 0.240625
0 0.1421875 0.246875 0.0828125 0.23203125
0 0.7421875 0.0703125 0.0734375 0.140625
0 0.2171875 0.25234375 0.06875 0.23671875
0 0.4125 0.26015625 0.07578125 0.24609375
0 0.8046875 0.07109375 0.075 0.1421875
0 0.28203125 0.2546875 0.07265625 0.240625
0 0.9375 0.07265625 0.0765625 0.14453125
0 0.7453125 0.27421875 0.06953125 0.221875
0 0.87578125 0.07578125 0.07265625 0.1453125
0 0.94140625 0.2734375 0.08046875 0.221875
0 0.8078125 0.25859375 0.07578125 0.22265625
0 0.60078125 0.775 0.071875 0.2609375
0 0.6125 0.2625 0.07578125 0.2390625
0 0.54140625 0.775 0.07421875 0.25859375
0 0.13984375 0.76953125 0.07890625 0.271875
0 0.87421875 0.26875 0.07734375 0.221875
0 0.4125 0.76640625 0.07734375 0.2578125
0 0.3390625 0.765625 0.07890625 0.25390625
0 0.67421875 0.26484375 0.06640625 0.23203125
0 0.2109375 0.76640625 0.075 0.25859375
0 0.47421875 0.771875 0.07265625 0.2578125
0 0.27734375 0.765625 0.07265625 0.25390625
0 0.67109375 0.77890625 0.07109375 0.26015625
0 0.73984375 0.7765625 0.0703125 0.25
0 0.8015625 0.7796875 0.07421875 0.25234375
0 0.98515625 0.07265625 0.0296875 0.14453125
0 0.87578125 0.79140625 0.084375 0.26171875
0 0.95625 0.803125 0.0875 0.2875
0 0.98671875 0.26875 0.0265625 0.21953125