0 0.15546875 0.1125 0.0890625 0.14375
1 0.21875 0.10390625 0.0875 0.1453125
0 0.4109375 0.07734375 0.0875 0.1453125
0 0.08671875 0.1203125 0.0921875 0.1421875
0 0.346875 0.0859375 0.0859375 0.1453125
1 0.4765625 0.071875 0.09375 0.14375
0 0.5390625 0.0671875 0.0875 0.134375
0 0.28203125 0.0953125 0.0875 0.1453125
0 0.43671875 0.26171875 0.0984375 0.2421875
0 0.503125 0.25625 0.10625 0.2421875
0 0.30546875 0.28125 0.10625 0.2453125
0 0.10859375 0.3015625 0.1078125 0.2375
1 0.3734375 0.27109375 0.1015625 0.240625
0 0.7375 0.053125 0.09375 0.10625
0 0.2375 0.2921875 0.1015625 0.2484375
0 0.86875 0.04609375 0.1 0.0921875
0 0.175 0.296875 0.0953125 0.240625
0 0.37421875 0.78203125 0.1109375 0.25625
0 0.63515625 0.25078125 0.103125 0.2203125
0 0.83046875 0.2171875 0.109375 0.23125
0 0.6359375 0.75625 0.10625 0.2671875
0 0.509375 0.78046875 0.103125 0.2546875
0 0.24140625 0.8046875 0.1109375 0.26875
0 0.703125 0.23984375 0.103125 0.2171875
0 0.70078125 0.746875 0.103125 0.259375
0 0.76484375 0.73359375 0.103125 0.246875
0 0.56875 0.25 0.1 0.228125
0 0.8328125 0.725 0.103125 0.2484375
0 0.903125 0.725 0.1140625 0.25625
0 0.9609375 0.7359375 0.078125 0.25625
0 0.94453125 0.20546875 0.0671875 0.2296875
0 0.44375 0.77265625 0.0921875 0.24375
0 0.1828125 0.80859375 0.084375 0.246875
0 0.3078125 0.78671875 0.090625 0.253125
0 0.571875 0.76328125 0.1015625 0.234375
0 0.7609375 0.21953125 0.0859375 0.240625
0 0.89921875 0.209375 0.0859375 0.24375
0 0.6703125 0.05625 0.08125 0.1125
0 0.6078125 0.06484375 0.084375 0.1296875
0 0.80078125 0.05 0.0765625 0.1