0 0.471875 0.07109375 0.07109375 0.14140625
0 0.41328125 0.06875 0.0703125 0.1375
0 0.21640625 0.06640625 0.0734375 0.1328125
1 0.5421875 0.0703125 0.07421875 0.140625
0 0.5375 0.2640625 0.078125 0.2484375
0 0.34375 0.06875 0.0703125 0.1375
1 0.28359375 0.0671875 0.07109375 0.134375
0 0.1390625 0.2484375 0.078125 0.23125
0 0.59921875 0.06953125 0.06875 0.1390625
0 0.4703125 0.2625 0.07109375 0.2421875
0 0.66796875 0.07578125 0.075 0.1453125
0 0.7390625 0.07109375 0.07578125 0.1421875
0 0.1421875 0.065625 0.075 0.13125
0 0.21171875 0.253125 0.06796875 0.23515625
0 0.80078125 0.07578125 0.07265625 0.1453125
0 0.2765625 0.26328125 0.07109375 0.24453125
0 0.9328125 0.07265625 0.07890625 0.1453125
0 0.67109375 0.2640625 0.07265625 0.23046875
0 0.74296875 0.275 0.075 0.21875
0 0.87109375 0.0765625 0.07421875 0.146875
0 0.340625 0.2578125 0.078125 0.24296875
0 0.803125 0.26953125 0.08046875 0.21953125
0 0.9359375 0.271875 0.0859375 0.22265625
0 0.871875 0.26875 0.0765625 0.22109375
0 0.5375 0.7765625 0.07265625 0.2578125
0 0.3375 0.7640625 0.078125 0.25078125
0 0.6671875 0.7765625 0.07265625 0.25234375
0 0.46875 0.7734375 0.075 0.259375
0 0.20625 0.7671875 0.07734375 0.26484375
0 0.609375 0.2625 0.07578125 0.23515625
0 0.59765625 0.778125 0.06953125 0.26171875
0 0.27421875 0.765625 0.0765625 0.25625
0 0.7359375 0.775 0.0734375 0.24609375
0 0.40703125 0.76640625 0.078125 0.25078125
0 0.7984375 0.78046875 0.0734375 0.25078125
0 0.1359375 0.775 0.08046875 0.2796875
0 0.98203125 0.071875 0.0359375 0.14375
0 0.8765625 0.7890625 0.08671875 0.26328125
0 0.94765625 0.8109375 0.09296875 0.2765625
0 0.984375 0.2671875 0.03125 0.22265625
1 0.41015625 0.25390625 0.07109375 0.221875