0 0.75234375 0.7546875 0.084375 0.1546875
1 0.61015625 0.225 0.0828125 0.1625
1 0.5125 0.8609375 0.084375 0.1703125
0 0.4765625 0.84609375 0.084375 0.1734375
1 0.43515625 0.8453125 0.090625 0.1765625
0 0.6796875 0.89609375 0.090625 0.1765625
0 0.50859375 0.69921875 0.08125 0.15625
1 0.71875 0.903125 0.0875 0.1734375
1 0.66875 0.73515625 0.08125 0.15625
0 0.728125 0.25703125 0.0828125 0.1578125
1 0.57578125 0.3796875 0.0796875 0.165625
1 0.659375 0.3953125 0.08125 0.1609375
1 0.83671875 0.76640625 0.08125 0.15625
0 0.13671875 0.7828125 0.0875 0.1703125
1 0.7671875 0.26875 0.078125 0.153125
0 0.2359375 0.3015625 0.0828125 0.16875
0 0.69921875 0.40390625 0.0828125 0.165625
1 0.8125 0.2734375 0.078125 0.1546875
1 0.86640625 0.43984375 0.084375 0.1640625
1 0.7984375 0.7625 0.08125 0.1546875
1 0.08125 0.60078125 0.1015625 0.18125
0 0.7140625 0.74296875 0.084375 0.153125
1 0.9046875 0.44609375 0.0828125 0.1671875
0 0.73671875 0.4125 0.084375 0.1671875
1 0.93671875 0.3 0.0796875 0.1546875
1 0.8015625 0.91640625 0.0875 0.1671875
0 0.65390625 0.234375 0.090625 0.1640625
1 0.85 0.28359375 0.078125 0.15625
0 0.78359375 0.421875 0.0828125 0.165625
1 0.61484375 0.3796875 0.0796875 0.1609375
0 0.76875 0.90546875 0.084375 0.16875
1 0.8984375 0.290625 0.08125 0.15625
1 0.821875 0.43046875 0.0828125 0.1640625
1 0.146875 0.28359375 0.096875 0.1765625
0 0.5359375 0.3671875 0.084375 0.1671875
0 0.56953125 0.2171875 0.08125 0.1609375
1 0.9890625 0.3203125 0.021875 0.159375
0 0.1890625 0.29140625 0.084375 0.171875
1 0.96640625 0.30703125 0.0671875 0.1578125
1 0.6296875 0.72734375 0.078125 0.153125
0 0.30625 0.15859375 0.078125 0.159375
0 0.26796875 0.1515625 0.075 0.1578125
1 0.8890625 0.9265625 0.084375 0.146875
0 0.59609375 0.72265625 0.084375 0.159375
1 0.840625 0.921875 0.084375 0.15625
1 0.46953125 0.69140625 0.08125 0.159375
1 0.92109375 0.7859375 0.0828125 0.159375
0 0.38359375 0.83359375 0.096875 0.1828125
0 0.54765625 0.7109375 0.0828125 0.159375
1 0.01484375 0.75 0.0296875 0.16875
0 0.12578125 0.6171875 0.0828125 0.1671875
0 0.2765625 0.31328125 0.0828125 0.1671875
0 0.325 0.31875 0.0890625 0.165625
0 0.49296875 0.36171875 0.0765625 0.1703125
1 0.0921875 0.771875 0.0828125 0.165625
1 0.084375 0.2703125 0.0953125 0.175
0 0.22265625 0.140625 0.075 0.159375
0 0.525 0.21015625 0.0734375 0.159375
1 0.04921875 0.7578125 0.0984375 0.16875
1 0.94140625 0.45546875 0.0828125 0.165625
1 0.1796875 0.13046875 0.0890625 0.1640625
1 0.87421875 0.77890625 0.08125 0.1578125
0 0.35390625 0.17109375 0.078125 0.1578125
0 0.64296875 0.88671875 0.08125 0.1734375
1 0.97421875 0.46875 0.0515625 0.16875
1 0.11875 0.115625 0.09375 0.1703125
1 0.1734375 0.6265625 0.090625 0.165625
0 0.253125 0.64765625 0.0875 0.1625
0 0.20625 0.63359375 0.0796875 0.1609375
0 0.21875 0.796875 0.0953125 0.1734375
0 0.034375 0.58046875 0.06875 0.1953125
1 0.6921875 0.24453125 0.0734375 0.15625
1 0.596875 0.878125 0.084375 0.1734375
1 0.17734375 0.7859375 0.0796875 0.16875
1 0.55390625 0.86875 0.0796875 0.165625