0 0.35625 0.20234375 0.0453125 0.115625
1 0.71640625 0.56796875 0.0453125 0.125
0 0.55078125 0.446875 0.046875 0.1078125
0 0.7328125 0.21171875 0.0453125 0.1109375
0 0.44296875 0.55546875 0.04375 0.1234375
1 0.8734375 0.9453125 0.04375 0.109375
1 0.51484375 0.446875 0.04375 0.109375
1 0.7984375 0.21171875 0.0421875 0.1140625
1 0.65 0.56640625 0.0453125 0.121875
1 0.58359375 0.44921875 0.04375 0.1078125
1 0.7765625 0.83203125 0.0421875 0.1234375
0 0.43359375 0.815625 0.040625 0.1203125
1 0.58125 0.5609375 0.04375 0.121875
0 0.60234375 0.821875 0.04375 0.1265625
0 0.75390625 0.565625 0.04375 0.1234375
0 0.6828125 0.56953125 0.0453125 0.125
1 0.959375 0.575 0.0453125 0.1234375
1 0.69609375 0.2125 0.0453125 0.1125
0 0.6546875 0.45078125 0.046875 0.1109375
1 0.61875 0.4515625 0.0421875 0.1109375
0 0.61640625 0.56328125 0.04375 0.1234375
0 0.44765625 0.43828125 0.04375 0.1140625
1 0.4796875 0.4453125 0.04375 0.1109375
1 0.21484375 0.43359375 0.040625 0.1078125
1 0.9640625 0.4546875 0.04375 0.115625
0 0.8578125 0.57421875 0.0484375 0.1234375
1 0.296875 0.81328125 0.04375 0.1234375
1 0.475 0.56015625 0.0453125 0.121875
1 0.36875 0.81796875 0.0421875 0.1296875
0 0.7859375 0.56640625 0.04375 0.1234375
1 0.82421875 0.56875 0.0453125 0.1203125
1 0.85625 0.45703125 0.0453125 0.1125
0 0.84140625 0.94609375 0.0421875 0.1078125
0 0.87578125 0.21640625 0.0515625 0.115625
0 0.59765625 0.2109375 0.04375 0.1125
1 0.49453125 0.20703125 0.04375 0.109375
0 0.34765625 0.434375 0.046875 0.1171875
0 0.4578125 0.20546875 0.04375 0.1125
1 0.56328125 0.20703125 0.04375 0.1125
0 0.70625 0.82421875 0.04375 0.1265625
1 0.33359375 0.815625 0.04375 0.1265625
0 0.70390625 0.94375 0.0453125 0.1125
1 0.671875 0.828125 0.040625 0.128125
0 0.209375 0.54921875 0.04375 0.125
0 0.4109375 0.55625 0.0453125 0.1234375
0 0.6875 0.4515625 0.04375 0.1078125
1 0.946875 0.83671875 0.0390625 0.125
1 0.32421875 0.20078125 0.0453125 0.1125
0 0.22421875 0.93046875 0.04375 0.1171875
1 0.42734375 0.2015625 0.04375 0.1171875
1 0.8328125 0.2140625 0.040625 0.1125
0 0.74453125 0.82890625 0.0421875 0.1234375
0 0.8953125 0.4546875 0.0484375 0.115625
1 0.109375 0.54921875 0.04375 0.1265625
0 0.24609375 0.43125 0.0390625 0.1109375
0 0.54765625 0.559375 0.04375 0.1234375
0 0.6421875 0.8234375 0.04375 0.125
1 0.846875 0.83515625 0.040625 0.1234375
0 0.309375 0.5546875 0.0453125 0.128125
1 0.8390625 0.0328125 0.0375 0.04375
0 0.41875 0.43359375 0.04375 0.1171875
0 0.46328125 0.81953125 0.0421875 0.11875
0 0.340625 0.55390625 0.0453125 0.125
1 0.72265625 0.45234375 0.04375 0.1109375
1 0.934375 0.21953125 0.040625 0.109375
1 0.94140625 0.034375 0.0359375 0.0390625
0 0.9 0.571875 0.0609375 0.1265625
0 0.371875 0.5546875 0.04375 0.1234375
0 0.5265625 0.20703125 0.04375 0.109375
0 0.18046875 0.43359375 0.046875 0.1078125
0 0.25390625 0.1984375 0.0453125 0.115625
0 0.3921875 0.20390625 0.04375 0.1125
0 0.2671875 0.8109375 0.046875 0.125
0 0.19375 0.9296875 0.04375 0.11875
0 0.74296875 0.94375 0.0484375 0.1125
0 0.925 0.45390625 0.04375 0.1140625
1 0.06640625 0.015625 0.0359375 0.03125
0 0.6625 0.21328125 0.0484375 0.1140625
0 0.30859375 0.43203125 0.053125 0.1203125
0 0.77421875 0.03046875 0.0390625 0.0421875
1 0.0796875 0.4296875 0.0390625 0.1046875
0 0.7671875 0.2171875 0.040625 0.1109375
1 0.62890625 0.21171875 0.0421875 0.1125
1 0.04921875 0.4296875 0.040625 0.1046875
0 0.90546875 0.94609375 0.0421875 0.1078125
0 0.5125 0.55703125 0.0421875 0.1265625
0 0.39921875 0.81796875 0.040625 0.125
0 0.328125 0.93359375 0.0484375 0.115625
1 0.971875 0.2203125 0.0421875 0.1109375
0 0.89140625 0.0328125 0.0640625 0.040625
0 0.2546875 0.934375 0.046875 0.115625
0 0.1453125 0.925 0.0578125 0.1203125
0 0.26328125 0.01875 0.0390625 0.0375
1 0.80390625 0.03125 0.0359375 0.04375
0 0.221875 0.19765625 0.0453125 0.1171875
1 0.43125 0.021875 0.0375 0.04375
0 0.29140625 0.2015625 0.04375 0.1125
0 0.19921875 0.81015625 0.040625 0.125
1 0.39921875 0.02109375 0.0359375 0.0421875
0 0.26953125 0.5515625 0.04375 0.125
0 0.88203125 0.83515625 0.0421875 0.11875
0 0.3640625 0.934375 0.0453125 0.1203125
0 0.1 0.928125 0.05625 0.1171875
0 0.121875 0.19453125 0.0421875 0.1125
1 0.296875 0.0203125 0.0375 0.040625
1 0.8078125 0.946875 0.040625 0.10625
0 0.06953125 0.54609375 0.0453125 0.1234375
1 0.946875 0.946875 0.040625 0.10625
0 0.0171875 0.42578125 0.0328125 0.1109375
1 0.66640625 0.94296875 0.0453125 0.1140625
0 0.22890625 0.809375 0.040625 0.125
0 0.59609375 0.94140625 0.0421875 0.1171875
0 0.096875 0.8 0.04375 0.1234375
0 0.29140625 0.9328125 0.0453125 0.1171875
1 0.46640625 0.02265625 0.0359375 0.0453125
0 0.17265625 0.54609375 0.040625 0.128125
1 0.7390625 0.0296875 0.0390625 0.04375
0 0.39921875 0.9359375 0.04375 0.1171875
1 0.15859375 0.196875 0.0421875 0.1109375
0 0.32734375 0.01953125 0.0390625 0.0390625
0 0.190625 0.196875 0.0390625 0.1109375
0 0.36171875 0.01953125 0.0390625 0.0390625
0 0.5625 0.94375 0.040625 0.1125
1 0.378125 0.43671875 0.0421875 0.11875
0 0.040625 0.925 0.059375 0.1203125
0 0.7734375 0.94765625 0.040625 0.1046875
1 0.56796875 0.025 0.0390625 0.046875
1 0.27890625 0.43203125 0.0375 0.1125
0 0.14375 0.54921875 0.0390625 0.125
0 0.759375 0.45 0.0453125 0.1140625
0 0.5359375 0.9453125 0.04375 0.109375
0 0.05625 0.796875 0.0421875 0.125
0 0.13125 0.43125 0.05625 0.1140625
0 0.15625 0.8046875 0.04375 0.125
1 0.13125 0.80625 0.0359375 0.1234375
1 0.63515625 0.02734375 0.0390625 0.046875
0 0.0875 0.1953125 0.0375 0.115625
1 0.67109375 0.028125 0.0390625 0.0453125
0 0.8109375 0.83359375 0.040625 0.121875
0 0.60078125 0.02578125 0.0390625 0.046875
0 0.43125 0.9359375 0.04375 0.11875
0 0.0390625 0.54140625 0.040625 0.1234375
0 0.63515625 0.9421875 0.0421875 0.115625
0 0.09375 0.015625 0.03125 0.03125
1 0.5703125 0.8265625 0.040625 0.1265625
0 0.240625 0.55 0.0375 0.121875
1 0.9734375 0.0359375 0.0375 0.0390625
0 0.0078125 0.80546875 0.015625 0.1234375
1 0.70625 0.02890625 0.0375 0.04375
1 0.53359375 0.02421875 0.0390625 0.0484375
0 0.0328125 0.015625 0.034375 0.03125
1 0.99140625 0.215625 0.0171875 0.109375
0 0.91171875 0.83828125 0.0375 0.121875
1 0.46015625 0.93828125 0.046875 0.1171875
0 0.12421875 0.0171875 0.0390625 0.034375
0 0.78984375 0.453125 0.05 0.115625
1 0.9859375 0.57578125 0.028125 0.1203125
0 0.9765625 0.83359375 0.028125 0.1265625
0 0.16640625 0.01796875 0.0390625 0.0359375
0 0.00859375 0.9234375 0.0171875 0.11875
0 0.0109375 0.540625 0.021875 0.121875
0 0.03046875 0.7984375 0.0359375 0.121875
1 0.50234375 0.0234375 0.0390625 0.046875
0 0.196875 0.01796875 0.0375 0.0359375
0 0.0265625 0.18984375 0.0359375 0.1140625
0 0.97265625 0.94609375 0.0265625 0.1078125
1 0.059375 0.1953125 0.0390625 0.1140625
0 0.98984375 0.45703125 0.0203125 0.1171875
0 0.23046875 0.01875 0.0390625 0.0375
0 0.146875 0.42890625 0.0375 0.1109375
0 0.81875 0.45625 0.04375 0.115625
1 0.92578125 0.5734375 0.0390625 0.125
1 0.5 0.8265625 0.0328125 0.1203125
1 0.9953125 0.0359375 0.009375 0.0375
0 0.0625 0.92734375 0.046875 0.1171875
0 0.01640625 0.92265625 0.0328125 0.1203125
1 0.90234375 0.21640625 0.034375 0.1140625