0 0.36171875 0.2 0.046875 0.115625
1 0.715625 0.571875 0.046875 0.125
0 0.55234375 0.44765625 0.0484375 0.109375
0 0.7375 0.215625 0.046875 0.1125
0 0.4421875 0.55390625 0.046875 0.1234375
1 0.86640625 0.9484375 0.0453125 0.103125
1 0.51640625 0.446875 0.046875 0.1109375
1 0.803125 0.2171875 0.0453125 0.1140625
1 0.64921875 0.56875 0.046875 0.121875
1 0.584375 0.45078125 0.0453125 0.1078125
1 0.77109375 0.83671875 0.0453125 0.1234375
0 0.428125 0.81484375 0.0421875 0.1203125
1 0.58046875 0.56171875 0.0453125 0.121875
0 0.596875 0.8234375 0.046875 0.128125
0 0.753125 0.5703125 0.046875 0.1234375
0 0.68125 0.57265625 0.046875 0.1265625
1 0.9578125 0.5828125 0.0484375 0.1234375
1 0.70078125 0.215625 0.046875 0.1125
0 0.65546875 0.453125 0.0484375 0.1109375
1 0.61953125 0.45390625 0.04375 0.1125
0 0.615625 0.565625 0.046875 0.125
0 0.4484375 0.43671875 0.0453125 0.1140625
1 0.48125 0.4453125 0.046875 0.1109375
1 0.215625 0.42890625 0.04375 0.1078125
1 0.96484375 0.4625 0.0453125 0.1171875
0 0.85625 0.58046875 0.05 0.125
1 0.29140625 0.81015625 0.0453125 0.125
1 0.47421875 0.559375 0.046875 0.121875
1 0.36328125 0.815625 0.0453125 0.13125
0 0.78515625 0.57109375 0.0453125 0.1234375
1 0.8234375 0.57421875 0.046875 0.121875
1 0.85703125 0.46328125 0.046875 0.1125
0 0.8328125 0.9484375 0.04375 0.103125
0 0.88046875 0.22265625 0.053125 0.115625
0 0.60234375 0.2125 0.0453125 0.1140625
1 0.5 0.20625 0.046875 0.1109375
0 0.3484375 0.43203125 0.0484375 0.1171875
0 0.46328125 0.2046875 0.0453125 0.1125
1 0.56875 0.2078125 0.046875 0.1140625
0 0.7 0.828125 0.0453125 0.1265625
1 0.328125 0.8125 0.0453125 0.128125
0 0.696875 0.9453125 0.046875 0.109375
1 0.66640625 0.83125 0.04375 0.1296875
0 0.20859375 0.54453125 0.0453125 0.1265625
0 0.41015625 0.5546875 0.0484375 0.125
0 0.68828125 0.45546875 0.0453125 0.1078125
1 0.94140625 0.84453125 0.0421875 0.1265625
1 0.3296875 0.19765625 0.046875 0.1125
0 0.21640625 0.92578125 0.0453125 0.11875
1 0.4328125 0.2 0.0453125 0.1171875
1 0.8375 0.21953125 0.0421875 0.1125
0 0.7390625 0.83359375 0.0453125 0.125
0 0.89609375 0.4609375 0.05 0.115625
1 0.1078125 0.5421875 0.0453125 0.128125
0 0.246875 0.4265625 0.0421875 0.1109375
0 0.546875 0.56015625 0.046875 0.125
0 0.6359375 0.82578125 0.046875 0.1265625
1 0.84140625 0.840625 0.04375 0.1234375
0 0.30859375 0.55078125 0.0484375 0.128125
1 0.84765625 0.03828125 0.0375 0.04375
0 0.41953125 0.4328125 0.0453125 0.1171875
0 0.4578125 0.81875 0.04375 0.1203125
0 0.33984375 0.55078125 0.046875 0.1265625
1 0.7234375 0.45625 0.0453125 0.1109375
1 0.9390625 0.22734375 0.04375 0.1109375
1 0.94921875 0.0421875 0.0375 0.040625
0 0.8984375 0.57890625 0.0625 0.128125
0 0.37109375 0.55234375 0.0453125 0.125
0 0.53203125 0.2078125 0.046875 0.1109375
0 0.18125 0.428125 0.0484375 0.109375
0 0.259375 0.19375 0.046875 0.115625
0 0.39765625 0.20234375 0.0453125 0.1140625
0 0.26171875 0.80703125 0.0484375 0.125
0 0.1859375 0.92421875 0.0453125 0.11875
0 0.734375 0.94609375 0.05 0.1078125
0 0.92578125 0.4609375 0.0453125 0.115625
1 0.075 0.0125 0.0375 0.025
0 0.6671875 0.21640625 0.05 0.115625
0 0.309375 0.42890625 0.0546875 0.121875
0 0.7828125 0.03515625 0.0390625 0.04375
1 0.08046875 0.42265625 0.040625 0.10625
0 0.771875 0.221875 0.04375 0.1125
1 0.63359375 0.21328125 0.0453125 0.1140625
1 0.05 0.421875 0.0421875 0.1046875
0 0.896875 0.94921875 0.04375 0.1015625
0 0.51171875 0.55703125 0.0453125 0.128125
0 0.39375 0.815625 0.0421875 0.1265625
0 0.3203125 0.93046875 0.05 0.1171875
1 0.9765625 0.228125 0.0453125 0.1109375
0 0.9 0.03984375 0.065625 0.0421875
0 0.24765625 0.93046875 0.0484375 0.115625
0 0.1375 0.91875 0.059375 0.1203125
0 0.27109375 0.01640625 0.0390625 0.0328125
1 0.8125 0.03671875 0.0375 0.04375
0 0.22734375 0.19296875 0.046875 0.1171875
1 0.4390625 0.02109375 0.0375 0.0421875
0 0.296875 0.1984375 0.0453125 0.1140625
0 0.19375 0.8046875 0.04375 0.125
1 0.4078125 0.0203125 0.0375 0.040625
0 0.26796875 0.54765625 0.046875 0.1265625
0 0.8765625 0.8421875 0.04375 0.11875
0 0.35703125 0.93203125 0.046875 0.1203125
0 0.0921875 0.92109375 0.0578125 0.11875
0 0.12734375 0.18828125 0.0453125 0.1125
1 0.3046875 0.01796875 0.0375 0.0359375
1 0.79921875 0.94921875 0.0421875 0.1015625
0 0.06875 0.53828125 0.0484375 0.125
1 0.93828125 0.95078125 0.0421875 0.0984375
0 0.01875 0.41796875 0.034375 0.1109375
1 0.6578125 0.94375 0.046875 0.1125
0 0.2234375 0.8046875 0.0421875 0.1265625
0 0.5890625 0.9421875 0.04375 0.115625
0 0.0921875 0.79296875 0.046875 0.1234375
0 0.28359375 0.92890625 0.046875 0.11875
1 0.475 0.02265625 0.0375 0.0453125
0 0.171875 0.540625 0.04375 0.128125
1 0.74765625 0.034375 0.0390625 0.04375
0 0.3921875 0.934375 0.0453125 0.11875
1 0.1640625 0.190625 0.0453125 0.1109375
0 0.33671875 0.01796875 0.0390625 0.0359375
0 0.19609375 0.19140625 0.0421875 0.1125
0 0.36953125 0.01796875 0.0390625 0.0359375
0 0.55546875 0.94453125 0.0421875 0.1109375
1 0.37890625 0.43515625 0.04375 0.11875
0 0.0328125 0.91640625 0.0609375 0.121875
0 0.76640625 0.95 0.0421875 0.1
1 0.5765625 0.02578125 0.0390625 0.046875
1 0.2796875 0.428125 0.040625 0.1125
0 0.1421875 0.54296875 0.040625 0.125
0 0.7609375 0.45390625 0.046875 0.1140625
0 0.528125 0.9453125 0.046875 0.109375
0 0.0515625 0.7890625 0.0453125 0.125
0 0.13203125 0.425 0.059375 0.115625
0 0.15078125 0.7984375 0.046875 0.1265625
1 0.12578125 0.79921875 0.0375 0.1234375
1 0.64375 0.0296875 0.040625 0.046875
0 0.09296875 0.18828125 0.0390625 0.115625
1 0.6796875 0.03125 0.0390625 0.0453125
0 0.80546875 0.8390625 0.0421875 0.121875
0 0.609375 0.02734375 0.0390625 0.046875
0 0.42421875 0.93515625 0.0453125 0.11875
0 0.03828125 0.53359375 0.04375 0.125
0 0.628125 0.94375 0.04375 0.1125
0 0.10234375 0.0125 0.0328125 0.025
1 0.56484375 0.828125 0.0421875 0.1265625
0 0.2390625 0.54609375 0.040625 0.1234375
1 0.98125 0.04375 0.0375 0.0390625
0 0.00546875 0.79765625 0.0109375 0.1234375
1 0.71484375 0.0328125 0.0390625 0.0453125
1 0.5421875 0.025 0.040625 0.0484375
0 0.0421875 0.01171875 0.034375 0.0234375
1 0.99296875 0.225 0.0140625 0.109375
0 0.90625 0.8453125 0.040625 0.1234375
1 0.453125 0.9375 0.0484375 0.11875
0 0.1328125 0.0140625 0.040625 0.028125
0 0.790625 0.4578125 0.0515625 0.115625
1 0.984375 0.584375 0.0296875 0.121875
0 0.97109375 0.84140625 0.0296875 0.128125
0 0.175 0.01484375 0.040625 0.0296875
0 0.0046875 0.9140625 0.009375 0.11875
0 0.0109375 0.5328125 0.021875 0.121875
0 0.02578125 0.790625 0.0375 0.121875
1 0.51015625 0.0234375 0.0390625 0.046875
0 0.2046875 0.015625 0.0375 0.03125
0 0.0328125 0.18125 0.0390625 0.1140625
0 0.9640625 0.95 0.028125 0.1
1 0.06484375 0.1875 0.040625 0.115625
0 0.98984375 0.46640625 0.0203125 0.1171875
0 0.2375 0.01640625 0.040625 0.0328125
0 0.1484375 0.42265625 0.040625 0.1125
0 0.81953125 0.46171875 0.0453125 0.1171875
1 0.92421875 0.58125 0.0421875 0.125
1 0.49453125 0.8265625 0.034375 0.1203125
0 0.0546875 0.91953125 0.0484375 0.1171875
0 0.01328125 0.9140625 0.0265625 0.121875
1 0.90703125 0.2234375 0.0359375 0.1140625