0 0.4453125 0.81328125 0.0546875 0.15625
1 0.409375 0.2234375 0.04765625 0.140625
1 0.3265625 0.6640625 0.046875 0.1484375
0 0.44921875 0.22109375 0.046875 0.14375
0 0.325 0.81875 0.0484375 0.1484375
0 0.53359375 0.66015625 0.05078125 0.15
0 0.24375 0.6671875 0.04765625 0.1484375
0 0.2890625 0.6640625 0.04765625 0.146875
1 0.5734375 0.6625 0.046875 0.15
0 0.365625 0.22578125 0.04453125 0.14453125
1 0.20390625 0.3734375 0.04609375 0.15234375
1 0.3265625 0.2265625 0.04765625 0.146875
0 0.28828125 0.22734375 0.0484375 0.14609375
0 0.41015625 0.36640625 0.05 0.14609375
1 0.365625 0.66484375 0.04609375 0.153125
1 0.36640625 0.8140625 0.0453125 0.14921875
1 0.571875 0.365625 0.0484375 0.14140625
0 0.41015625 0.659375 0.0515625 0.15625
0 0.5328125 0.3640625 0.04765625 0.14296875
1 0.246875 0.22890625 0.046875 0.14375
0 0.571875 0.221875 0.0453125 0.14140625
0 0.159375 0.37421875 0.046875 0.14921875
1 0.74296875 0.80703125 0.04375 0.14609375
0 0.45078125 0.66328125 0.04609375 0.1515625
1 0.5359375 0.21953125 0.0484375 0.14453125
1 0.7796875 0.80625 0.04296875 0.14375
0 0.6125 0.6625 0.0453125 0.15
0 0.57109375 0.809375 0.0484375 0.14765625
0 0.203125 0.809375 0.04140625 0.1421875
0 0.4875 0.66328125 0.04609375 0.14921875
0 0.70078125 0.2203125 0.0453125 0.14375
0 0.24296875 0.8140625 0.046875 0.14453125
0 0.69921875 0.80625 0.04296875 0.14609375
0 0.61328125 0.22421875 0.04375 0.1421875
0 0.696875 0.66328125 0.046875 0.14453125
0 0.28671875 0.8109375 0.04375 0.15
1 0.165625 0.22578125 0.040625 0.15234375
0 0.19921875 0.22734375 0.053125 0.14765625
1 0.20390625 0.66640625 0.04609375 0.146875
0 0.65859375 0.21875 0.04453125 0.13984375
1 0.78203125 0.66484375 0.03828125 0.14609375
0 0.61484375 0.81015625 0.0484375 0.14375
0 0.65625 0.66171875 0.04453125 0.14765625
0 0.69765625 0.36484375 0.04921875 0.14765625
1 0.4890625 0.2265625 0.04296875 0.1390625
0 0.65859375 0.36484375 0.04453125 0.1453125
1 0.4078125 0.8125 0.0390625 0.153125
1 0.81796875 0.659375 0.04375 0.14375
0 0.3234375 0.371875 0.04765625 0.1515625
0 0.36328125 0.3703125 0.04921875 0.14765625
0 0.15859375 0.66328125 0.04609375 0.15390625
0 0.66015625 0.80625 0.04140625 0.14609375
0 0.746875 0.6640625 0.040625 0.1453125
0 0.4859375 0.365625 0.05 0.14296875
0 0.61328125 0.3640625 0.0453125 0.14609375
1 0.82421875 0.80546875 0.04609375 0.140625
0 0.74375 0.2234375 0.03828125 0.140625
0 0.15859375 0.81015625 0.04296875 0.134375
0 0.5328125 0.81484375 0.04609375 0.1484375
1 0.4921875 0.81484375 0.05234375 0.1546875
1 0.2875 0.375 0.04765625 0.1546875
1 0.44921875 0.36640625 0.04921875 0.14296875
1 0.2453125 0.375 0.04765625 0.1515625
0 0.74375 0.36796875 0.0359375 0.14921875