0 0.396875 0.80078125 0.078125 0.1625
1 0.45390625 0.2125 0.06875 0.146875
1 0.303125 0.63515625 0.06875 0.1546875
0 0.49375 0.21640625 0.06875 0.15
0 0.27734375 0.7875 0.0703125 0.1546875
0 0.5078125 0.66328125 0.0734375 0.15625
0 0.22109375 0.625 0.0703125 0.1546875
0 0.265625 0.62890625 0.0703125 0.153125
1 0.546875 0.671875 0.0703125 0.15625
0 0.41015625 0.2078125 0.0671875 0.15
1 0.22734375 0.32890625 0.06875 0.1578125
1 0.37109375 0.203125 0.0703125 0.153125
0 0.33359375 0.19765625 0.0703125 0.1515625
0 0.43203125 0.35390625 0.071875 0.1515625
1 0.34140625 0.64140625 0.06875 0.1578125
1 0.31875 0.7890625 0.06875 0.1546875
1 0.5921875 0.37890625 0.0703125 0.146875
0 0.38671875 0.64296875 0.075 0.1625
0 0.55390625 0.37109375 0.06875 0.1484375
1 0.2921875 0.19296875 0.06875 0.15
0 0.61484375 0.23671875 0.0671875 0.146875
0 0.18359375 0.32265625 0.0703125 0.1546875
1 0.6921875 0.84140625 0.065625 0.1515625
0 0.42578125 0.65390625 0.06875 0.15625
1 0.5796875 0.22890625 0.0703125 0.15
1 0.728125 0.84609375 0.065625 0.1484375
0 0.5859375 0.678125 0.06875 0.1546875
0 0.521875 0.81640625 0.0703125 0.153125
0 0.15859375 0.759375 0.0625 0.146875
0 0.4625 0.659375 0.06875 0.1546875
0 0.7421875 0.25546875 0.0671875 0.1484375
0 0.196875 0.7703125 0.06875 0.15
0 0.64921875 0.83359375 0.065625 0.1515625
0 0.6546875 0.2453125 0.065625 0.146875
0 0.66875 0.6921875 0.06875 0.15
0 0.240625 0.7734375 0.0671875 0.1546875
1 0.2125 0.1765625 0.0640625 0.15625
0 0.2453125 0.18359375 0.075 0.1546875
1 0.18125 0.61796875 0.06875 0.1515625
0 0.70078125 0.246875 0.065625 0.1453125
1 0.753125 0.70703125 0.0609375 0.15
0 0.56484375 0.82421875 0.0703125 0.15
0 0.62890625 0.684375 0.0671875 0.153125
0 0.71640625 0.39765625 0.071875 0.153125
1 0.53203125 0.228125 0.0640625 0.14375
0 0.678125 0.39140625 0.0671875 0.15
1 0.36015625 0.79453125 0.0625 0.1578125
1 0.7890625 0.70703125 0.065625 0.1484375
0 0.3453125 0.34609375 0.0703125 0.1578125
0 0.38515625 0.35078125 0.071875 0.153125
0 0.1375 0.6078125 0.0703125 0.159375
0 0.61015625 0.82734375 0.0640625 0.15
0 0.71796875 0.70078125 0.0625 0.15
0 0.50703125 0.36484375 0.071875 0.1484375
0 0.6328125 0.38359375 0.0671875 0.1515625
1 0.77265625 0.85234375 0.0671875 0.146875
0 0.784375 0.26484375 0.059375 0.1453125
0 0.1140625 0.753125 0.0640625 0.1390625
0 0.4828125 0.81640625 0.06875 0.153125
1 0.44296875 0.809375 0.0765625 0.1609375
1 0.309375 0.34296875 0.071875 0.1609375
1 0.47109375 0.36015625 0.0703125 0.1484375
1 0.26796875 0.33671875 0.0703125 0.1578125
0 0.76171875 0.4078125 0.059375 0.153125