1 0.83671875 0.89140625 0.0796875 0.1640625
1 0.54140625 0.86171875 0.075 0.165625
1 0.68515625 0.72109375 0.0734375 0.1546875
1 0.81796875 0.7359375 0.071875 0.15625
0 0.70234375 0.2390625 0.071875 0.1546875
1 0.5625 0.37578125 0.0671875 0.1609375
1 0.5828125 0.21875 0.0703125 0.1578125
0 0.77265625 0.73125 0.075 0.1546875
1 0.64375 0.38125 0.071875 0.159375
1 0.75390625 0.88046875 0.0828125 0.171875
1 0.85859375 0.40859375 0.06875 0.1609375
1 0.46171875 0.853125 0.078125 0.1734375
1 0.74296875 0.24296875 0.0671875 0.153125
0 0.80078125 0.88359375 0.075 0.165625
0 0.52109375 0.6984375 0.0734375 0.159375
0 0.68671875 0.3859375 0.0703125 0.1625
1 0.89609375 0.41640625 0.06875 0.1609375
0 0.73203125 0.72578125 0.0765625 0.1546875
1 0.85703125 0.73828125 0.071875 0.15625
0 0.50390625 0.8515625 0.0765625 0.1734375
0 0.1328125 0.653125 0.071875 0.165625
0 0.165625 0.32265625 0.071875 0.1703125
1 0.8765625 0.26015625 0.065625 0.153125
1 0.08671875 0.64296875 0.0890625 0.175
1 0.790625 0.24765625 0.065625 0.153125
0 0.5203125 0.3703125 0.071875 0.165625
0 0.72578125 0.3921875 0.0703125 0.1671875
0 0.21796875 0.328125 0.0703125 0.16875
0 0.30546875 0.33671875 0.078125 0.1609375
1 0.19765625 0.82265625 0.06875 0.1671875
1 0.82890625 0.25390625 0.065625 0.1515625
0 0.5640625 0.7046875 0.075 0.1578125
1 0.92421875 0.90234375 0.0765625 0.1640625
0 0.53984375 0.21796875 0.0671875 0.1578125
0 0.18984375 0.16875 0.0625 0.1578125
0 0.15859375 0.81796875 0.071875 0.1671875
0 0.7734375 0.40234375 0.075 0.1671875
1 0.87578125 0.89609375 0.0765625 0.1625
0 0.71484375 0.8796875 0.0828125 0.175
1 0.91484375 0.2640625 0.0671875 0.153125
0 0.62734375 0.22265625 0.078125 0.1609375
1 0.8125 0.40390625 0.06875 0.1625
0 0.6125 0.7171875 0.078125 0.1578125
0 0.25703125 0.33203125 0.06875 0.165625
1 0.6015625 0.37265625 0.0671875 0.15625
1 0.9421875 0.75 0.071875 0.159375
0 0.47890625 0.36328125 0.0640625 0.171875
0 0.32109375 0.18203125 0.06875 0.1578125
0 0.49765625 0.2125 0.0625 0.1546875
0 0.23359375 0.1734375 0.0609375 0.1546875
1 0.975 0.4265625 0.05 0.165625
1 0.98359375 0.27109375 0.0328125 0.1546875
0 0.26953125 0.1765625 0.065625 0.1578125
1 0.95625 0.26640625 0.0671875 0.1546875
1 0.0625 0.3109375 0.0828125 0.171875
1 0.9359375 0.41796875 0.06875 0.1625
1 0.02109375 0.79921875 0.0421875 0.1703125
0 0.66015625 0.88203125 0.0859375 0.1765625
0 0.41484375 0.84609375 0.0765625 0.175
1 0.12578125 0.31953125 0.0828125 0.175
1 0.64765625 0.721875 0.06875 0.153125
0 0.24375 0.828125 0.0765625 0.171875
1 0.89375 0.74765625 0.0734375 0.159375
1 0.14375 0.16171875 0.078125 0.1625
1 0.11328125 0.8109375 0.0734375 0.1640625
1 0.18671875 0.66015625 0.090625 0.165625
0 0.48203125 0.69609375 0.0703125 0.1609375
0 0.26015625 0.66796875 0.071875 0.159375
1 0.08125 0.15234375 0.08125 0.1671875
1 0.628125 0.875 0.0796875 0.171875
0 0.065625 0.8015625 0.0859375 0.1671875
1 0.03203125 0.6359375 0.0640625 0.178125
1 0.58515625 0.86484375 0.0703125 0.15625
1 0.66484375 0.23515625 0.059375 0.159375
0 0.2125 0.6671875 0.0703125 0.1609375