1 0.62890625 0.83828125 0.075 0.1703125
1 0.5140625 0.2046875 0.0703125 0.159375
1 0.92109375 0.796875 0.078125 0.165625
0 0.58984375 0.834375 0.075 0.175
0 0.81953125 0.65546875 0.0734375 0.153125
1 0.90390625 0.64296875 0.0703125 0.1546875
0 0.6359375 0.19609375 0.0703125 0.1546875
1 0.83828125 0.81015625 0.0796875 0.171875
1 0.6765625 0.19296875 0.065625 0.153125
1 0.53203125 0.36328125 0.0671875 0.1625
0 0.57109375 0.6890625 0.075 0.1578125
1 0.55078125 0.84765625 0.0765625 0.175
1 0.73515625 0.66796875 0.0703125 0.1546875
1 0.865625 0.6515625 0.0703125 0.153125
0 0.78125 0.66484375 0.075 0.1546875
0 0.88515625 0.79609375 0.0734375 0.165625
0 0.65390625 0.34375 0.06875 0.1640625
1 0.8265625 0.32265625 0.0703125 0.1609375
1 0.721875 0.184375 0.065625 0.153125
0 0.246875 0.884375 0.0734375 0.1640625
1 0.615625 0.34765625 0.06875 0.159375
1 0.03671875 0.41875 0.0734375 0.171875
0 0.18671875 0.39453125 0.06875 0.1671875
1 0.86484375 0.31640625 0.06875 0.1625
0 0.55625 0.2 0.0765625 0.1625
1 0.76015625 0.18125 0.065625 0.153125
0 0.79765625 0.81640625 0.08125 0.1734375
1 0.2015625 0.88984375 0.0703125 0.1625
0 0.740625 0.334375 0.06875 0.165625
0 0.69453125 0.33984375 0.06875 0.1671875
0 0.1375 0.4046875 0.071875 0.1703125
1 0.84765625 0.16875 0.0671875 0.153125
1 0.53203125 0.69296875 0.071875 0.1578125
0 0.47265625 0.2140625 0.06875 0.1609375
1 0.13671875 0.734375 0.0875 0.1734375
1 0.96015625 0.7921875 0.075 0.1640625
1 0.9859375 0.78671875 0.028125 0.1640625
0 0.27265625 0.38671875 0.075 0.1625
1 0.80859375 0.1734375 0.0671875 0.153125
0 0.20390625 0.2390625 0.0640625 0.1578125
1 0.78046875 0.3296875 0.0703125 0.1625
1 0.696875 0.67109375 0.0671875 0.153125
0 0.49140625 0.3640625 0.06875 0.165625
1 0.97734375 0.634375 0.0453125 0.159375
0 0.22578125 0.39375 0.065625 0.165625
0 0.6625 0.67578125 0.075 0.1609375
1 0.08984375 0.9015625 0.084375 0.165625
1 0.56875 0.3546875 0.06875 0.15625
0 0.16640625 0.2453125 0.0609375 0.15625
0 0.6140625 0.68515625 0.075 0.159375
1 0.9328125 0.15703125 0.0671875 0.15625
0 0.4296875 0.21875 0.0609375 0.1578125
0 0.44765625 0.3734375 0.065625 0.16875
0 0.50078125 0.85078125 0.078125 0.1765625
0 0.11875 0.2453125 0.0625 0.1546875
1 0.884375 0.1640625 0.06875 0.15625
1 0.2859375 0.8765625 0.065625 0.1640625
1 0.09375 0.41015625 0.08125 0.171875
0 0.3328125 0.8734375 0.075 0.1671875
1 0.953125 0.31328125 0.0671875 0.1671875
0 0.74609375 0.828125 0.0890625 0.1796875
1 0.90234375 0.3140625 0.0703125 0.1640625
0 0.184375 0.7390625 0.0703125 0.1640625
0 0.253125 0.23125 0.065625 0.1578125
1 0.234375 0.728125 0.084375 0.1609375
1 0.94453125 0.64296875 0.071875 0.1578125
0 0.3140625 0.72109375 0.075 0.1609375
0 0.2625 0.7234375 0.0703125 0.1578125
1 0.0265625 0.26015625 0.053125 0.1671875
1 0.07578125 0.25546875 0.0765625 0.1609375
1 0.71171875 0.828125 0.078125 0.1734375
1 0.6703125 0.83125 0.0703125 0.1625
1 0.48203125 0.69765625 0.071875 0.159375
1 0.071875 0.7375 0.0859375 0.190625
1 0.15546875 0.89765625 0.0859375 0.1640625
1 0.6 0.196875 0.0609375 0.153125