1 0.75546875 0.5546875 0.0421875 0.121875
0 0.340625 0.209375 0.0421875 0.1125
1 0.78203125 0.196875 0.040625 0.1125
0 0.4453125 0.559375 0.040625 0.125
0 0.45 0.81796875 0.0390625 0.11875
0 0.34453125 0.44453125 0.04375 0.1109375
0 0.7171875 0.2 0.04375 0.109375
1 0.5125 0.44609375 0.0421875 0.1078125
1 0.30859375 0.44765625 0.040625 0.10625
0 0.61875 0.815625 0.040625 0.1265625
0 0.55 0.44296875 0.0421875 0.1046875
1 0.584375 0.55703125 0.0390625 0.1203125
1 0.853125 0.43828125 0.040625 0.1109375
1 0.21171875 0.44921875 0.0390625 0.1046875
0 0.44453125 0.440625 0.040625 0.1109375
1 0.79375 0.81640625 0.0390625 0.121875
1 0.6796875 0.20234375 0.04375 0.1109375
1 0.65390625 0.56015625 0.0421875 0.1171875
1 0.125 0.9421875 0.05625 0.115625
1 0.47734375 0.20625 0.0421875 0.109375
0 0.2109375 0.5625 0.040625 0.1234375
1 0.8890625 0.4359375 0.040625 0.10625
0 0.7890625 0.5515625 0.0421875 0.1234375
0 0.653125 0.44296875 0.040625 0.10625
1 0.4765625 0.446875 0.0421875 0.109375
0 0.4140625 0.5609375 0.0421875 0.121875
1 0.47890625 0.55859375 0.040625 0.121875
1 0.82109375 0.55625 0.040625 0.121875
1 0.278125 0.44765625 0.040625 0.1078125
0 0.41484375 0.4390625 0.040625 0.1140625
0 0.68828125 0.559375 0.04375 0.125
0 0.86015625 0.55625 0.04375 0.1234375
0 0.72265625 0.81328125 0.040625 0.125
1 0.30859375 0.21015625 0.04375 0.1109375
0 0.89921875 0.55234375 0.0484375 0.1265625
1 0.8125 0.01796875 0.034375 0.0359375
1 0.54765625 0.203125 0.0421875 0.1140625
0 0.728125 0.9359375 0.0421875 0.115625
1 0.68984375 0.81875 0.0375 0.1265625
1 0.9640625 0.81328125 0.0359375 0.125
0 0.5828125 0.203125 0.040625 0.115625
0 0.61484375 0.5578125 0.0390625 0.1234375
0 0.55078125 0.55859375 0.0421875 0.1234375
0 0.44296875 0.20703125 0.040625 0.1109375
0 0.7609375 0.8125 0.040625 0.125
1 0.38515625 0.825 0.040625 0.125
1 0.6140625 0.44296875 0.040625 0.1109375
0 0.65859375 0.815625 0.040625 0.125
0 0.24296875 0.44609375 0.0390625 0.1046875
0 0.3125 0.56640625 0.0421875 0.1296875
1 0.91640625 0.015625 0.0359375 0.03125
0 0.14296875 0.446875 0.0390625 0.1109375
0 0.68515625 0.44296875 0.040625 0.10625
0 0.246875 0.94296875 0.040625 0.1140625
0 0.17734375 0.44921875 0.04375 0.1078125
1 0.8171875 0.196875 0.0375 0.1109375
0 0.34921875 0.82421875 0.0390625 0.1203125
1 0.71953125 0.44140625 0.040625 0.109375
1 0.96328125 0.55078125 0.0421875 0.1234375
1 0.91953125 0.19453125 0.0390625 0.1109375
0 0.16796875 0.94140625 0.0546875 0.1171875
1 0.31328125 0.825 0.0390625 0.121875
1 0.9578125 0.43359375 0.040625 0.1140625
1 0.8625 0.81875 0.0375 0.121875
0 0.721875 0.559375 0.040625 0.128125
1 0.95546875 0.19609375 0.040625 0.109375
0 0.765625 0.934375 0.046875 0.1171875
0 0.646875 0.20546875 0.0453125 0.1140625
0 0.3734375 0.21171875 0.040625 0.1125
1 0.41171875 0.20859375 0.0421875 0.1109375
0 0.23828125 0.21171875 0.04375 0.1140625
1 0.40703125 0.025 0.0375 0.046875
0 0.03984375 0.45 0.0390625 0.1125
0 0.86015625 0.196875 0.046875 0.1140625
1 0.27109375 0.0265625 0.0359375 0.0453125
0 0.27578125 0.21328125 0.040625 0.1125
0 0.86171875 0.9359375 0.0421875 0.115625
0 0.865625 0.01640625 0.0625 0.0328125
0 0.075 0.4453125 0.0375 0.1140625
0 0.92109375 0.43515625 0.0421875 0.109375
0 0.7484375 0.01875 0.0375 0.0375
1 0.83125 0.93515625 0.0390625 0.1140625
1 0.5140625 0.20625 0.040625 0.1109375
0 0.38203125 0.940625 0.0453125 0.115625
1 0.04140625 0.03125 0.034375 0.046875
1 0.61171875 0.20546875 0.040625 0.1125
0 0.23828125 0.02734375 0.0390625 0.0453125
0 0.7515625 0.20234375 0.0390625 0.1109375
0 0.06484375 0.94296875 0.0609375 0.1140625
0 0.7875 0.4359375 0.0453125 0.1125
1 0.14140625 0.03046875 0.034375 0.0484375
0 0.37421875 0.56328125 0.0390625 0.125
0 0.8984375 0.93125 0.040625 0.11875
0 0.2796875 0.82421875 0.040625 0.121875
1 0.37421875 0.025 0.0359375 0.0453125
0 0.4796875 0.82421875 0.0359375 0.11875
0 0.51484375 0.56015625 0.040625 0.125
0 0.27265625 0.56484375 0.040625 0.128125
0 0.30234375 0.025 0.0375 0.04375
0 0.41484375 0.821875 0.0359375 0.125
0 0.215625 0.9421875 0.040625 0.115625
0 0.10703125 0.21484375 0.040625 0.1109375
1 0.68984375 0.9359375 0.04375 0.1171875
0 0.20703125 0.2125 0.0421875 0.115625
1 0.44140625 0.025 0.0359375 0.0484375
0 0.28203125 0.94375 0.0421875 0.1125
0 0.75546875 0.43671875 0.0421875 0.1125
0 0.35 0.93984375 0.04375 0.1171875
0 0.11328125 0.82578125 0.040625 0.115625
1 0.778125 0.01875 0.034375 0.0375
0 0.58359375 0.44375 0.0421875 0.109375
1 0.54453125 0.02265625 0.0390625 0.0453125
1 0.14375 0.21484375 0.0421875 0.109375
0 0.109375 0.5703125 0.0375 0.1265625
0 0.62109375 0.9359375 0.0390625 0.1171875
0 0.3453125 0.56328125 0.040625 0.1265625
0 0.24296875 0.56484375 0.0359375 0.1234375
0 0.93046875 0.9296875 0.040625 0.1171875
0 0.2453125 0.825 0.0375 0.1234375
0 0.071875 0.56875 0.040625 0.125
0 0.17578125 0.21328125 0.0375 0.109375
0 0.175 0.56015625 0.0359375 0.1234375
0 0.89921875 0.815625 0.040625 0.115625
0 0.0765625 0.82421875 0.0375 0.115625
0 0.7984375 0.9375 0.0390625 0.1125
1 0.94765625 0.015625 0.0359375 0.03125
0 0.0140625 0.44609375 0.028125 0.1140625
0 0.21484375 0.8234375 0.040625 0.1234375
0 0.17109375 0.02890625 0.0359375 0.046875
0 0.17109375 0.825 0.0375 0.1203125
0 0.3375 0.02578125 0.0390625 0.0453125
1 0.61015625 0.021875 0.0390625 0.04375
1 0.1109375 0.4484375 0.0359375 0.1109375
0 0.0390625 0.56875 0.0390625 0.125
1 0.7140625 0.01953125 0.0375 0.0390625
0 0.42265625 0.940625 0.0390625 0.1171875
0 0.57578125 0.021875 0.0390625 0.04375
0 0.8265625 0.8140625 0.0390625 0.1234375
0 0.14140625 0.56796875 0.034375 0.125
0 0.58671875 0.94140625 0.0375 0.1140625
1 0.146875 0.82734375 0.0328125 0.1171875
0 0.31328125 0.94140625 0.0421875 0.1171875
1 0.50859375 0.02421875 0.0375 0.0484375
1 0.6453125 0.02109375 0.0375 0.0421875
0 0.659375 0.93671875 0.0390625 0.115625
0 0.559375 0.94375 0.0421875 0.1109375
1 0.375 0.4453125 0.040625 0.1140625
1 0.98203125 0.19375 0.0265625 0.1078125
0 0.9296875 0.815625 0.0359375 0.121875
0 0.01796875 0.834375 0.0265625 0.11875
0 0.4546875 0.9390625 0.0390625 0.1171875
0 0.046875 0.82578125 0.034375 0.1171875
0 0.97265625 0.9296875 0.0359375 0.11875
0 0.0984375 0.0296875 0.040625 0.0453125
1 0.68046875 0.0203125 0.0359375 0.040625
0 0.0234375 0.94453125 0.034375 0.1109375
0 0.81875 0.43671875 0.0390625 0.1109375
0 0.07265625 0.21640625 0.0359375 0.1140625
0 0.01171875 0.03125 0.0234375 0.046875
0 0.0671875 0.03046875 0.03125 0.0453125
1 0.47578125 0.0234375 0.0375 0.046875
0 0.01171875 0.56796875 0.0234375 0.1234375
0 0.990625 0.80859375 0.01875 0.1296875
1 0.484375 0.9390625 0.04375 0.115625
1 0.9875 0.54921875 0.025 0.1203125
0 0.0140625 0.215625 0.028125 0.115625
1 0.5875 0.82265625 0.0359375 0.128125
0 0.9890625 0.43203125 0.021875 0.1140625
1 0.04375 0.21875 0.0390625 0.1125
0 0.9359375 0.55078125 0.040625 0.125
0 0.20703125 0.028125 0.0390625 0.046875
0 0.9921875 0.92890625 0.015625 0.1171875
1 0.978125 0.0140625 0.025 0.028125
1 0.51484375 0.8265625 0.028125 0.1234375
1 0.88828125 0.19765625 0.03125 0.1140625
0 0.915625 0.5578125 0.0484375 0.128125
0 0.1828125 0.82890625 0.0359375 0.11875
0 0.1125 0.03046875 0.0265625 0.046875