0 0.4671875 0.81953125 0.065625 0.1625
1 0.19296875 0.39296875 0.0578125 0.153125
1 0.33671875 0.67734375 0.059375 0.1515625
1 0.38984375 0.22890625 0.05625 0.1453125
1 0.38671875 0.825 0.05625 0.1515625
0 0.3453125 0.234375 0.05625 0.15
0 0.34609375 0.825 0.059375 0.15
1 0.584375 0.65859375 0.0578125 0.153125
0 0.26796875 0.24140625 0.0609375 0.1515625
0 0.29921875 0.67890625 0.0578125 0.1515625
1 0.3765625 0.6765625 0.0578125 0.1546875
0 0.5453125 0.65859375 0.0609375 0.1515625
0 0.2546875 0.6875 0.059375 0.15
1 0.21328125 0.68828125 0.059375 0.15
1 0.42890625 0.225 0.053125 0.14375
1 0.5625 0.36015625 0.0578125 0.146875
1 0.30625 0.2390625 0.0609375 0.153125
0 0.709375 0.64609375 0.0578125 0.15
0 0.4203125 0.6671875 0.0609375 0.1609375
1 0.46796875 0.2234375 0.053125 0.1453125
0 0.14921875 0.3984375 0.0578125 0.1515625
0 0.55234375 0.215625 0.0546875 0.1453125
0 0.5015625 0.66171875 0.0578125 0.1515625
0 0.39921875 0.3703125 0.0578125 0.146875
0 0.71796875 0.79296875 0.0546875 0.15
0 0.46171875 0.66796875 0.05625 0.1546875
1 0.765625 0.79140625 0.0546875 0.15
0 0.62421875 0.6546875 0.0546875 0.153125
1 0.80234375 0.7875 0.0546875 0.1484375
0 0.16875 0.68515625 0.0578125 0.1546875
1 0.2234375 0.24609375 0.059375 0.1515625
0 0.68828125 0.34921875 0.0609375 0.1546875
0 0.59296875 0.80546875 0.0609375 0.1515625
0 0.2640625 0.828125 0.0546875 0.1484375
0 0.353125 0.3765625 0.059375 0.15
0 0.6765625 0.20546875 0.0546875 0.14375
0 0.59453125 0.21484375 0.053125 0.1453125
0 0.63828125 0.20625 0.05625 0.146875
0 0.3125 0.38125 0.059375 0.15
0 0.5234375 0.3609375 0.05625 0.146875
1 0.51640625 0.2171875 0.0578125 0.1484375
1 0.27734375 0.3859375 0.0578125 0.153125
1 0.79453125 0.64609375 0.05 0.1546875
0 0.60390625 0.35703125 0.0546875 0.15
1 0.83671875 0.63984375 0.053125 0.1484375
0 0.66875 0.64765625 0.0546875 0.153125
0 0.30859375 0.8328125 0.053125 0.15
1 0.51328125 0.81796875 0.0625 0.1609375
1 0.23359375 0.390625 0.0609375 0.153125
0 0.6484375 0.353125 0.0546875 0.15
0 0.6375 0.80390625 0.059375 0.1484375
0 0.22421875 0.83046875 0.053125 0.1453125
1 0.84609375 0.78359375 0.05625 0.1453125
0 0.68203125 0.79609375 0.053125 0.1484375
0 0.1796875 0.834375 0.0515625 0.14375
1 0.140625 0.25078125 0.0546875 0.140625
0 0.18203125 0.2484375 0.0609375 0.153125
0 0.759375 0.64765625 0.053125 0.15
0 0.47734375 0.365625 0.0578125 0.146875
0 0.725 0.20546875 0.046875 0.1421875
0 0.5546875 0.8140625 0.059375 0.1546875
1 0.42890625 0.82109375 0.0515625 0.1578125
1 0.43828125 0.36875 0.0578125 0.14375
0 0.73828125 0.35234375 0.0453125 0.153125