1 0.82265625 0.2390625 0.053125 0.1171875
1 0.74609375 0.58828125 0.0546875 0.1234375
0 0.3828125 0.19140625 0.053125 0.1171875
0 0.4390625 0.55078125 0.0546875 0.1265625
0 0.3546875 0.4234375 0.0546875 0.115625
0 0.75625 0.2328125 0.0546875 0.1140625
1 0.51953125 0.4484375 0.053125 0.1125
1 0.321875 0.42109375 0.0515625 0.1140625
0 0.40625 0.8078125 0.0515625 0.121875
0 0.55703125 0.45 0.053125 0.1109375
0 0.77890625 0.590625 0.0546875 0.1265625
0 0.5734375 0.8296875 0.0546875 0.13125
0 0.453125 0.43359375 0.053125 0.115625
1 0.64453125 0.58046875 0.0546875 0.121875
1 0.746875 0.85546875 0.0515625 0.125
1 0.71953125 0.23046875 0.0546875 0.115625
1 0.57578125 0.56796875 0.053125 0.1234375
1 0.51953125 0.20625 0.0515625 0.1125
1 0.48984375 0.4421875 0.0515625 0.1109375
0 0.85 0.60625 0.0578125 0.128125
1 0.2875 0.4140625 0.05 0.1109375
0 0.01875 0.88359375 0.0375 0.1234375
1 0.8109375 0.6 0.053125 0.125
0 0.3171875 0.1859375 0.0546875 0.11875
1 0.4734375 0.5546875 0.0546875 0.1265625
0 0.659375 0.46484375 0.053125 0.1109375
0 0.6765625 0.84140625 0.0546875 0.1296875
0 0.8875 0.60703125 0.0625 0.13125
0 0.40625 0.5484375 0.05625 0.125
0 0.20546875 0.52265625 0.053125 0.1265625
0 0.678125 0.58359375 0.05625 0.128125
1 0.64375 0.84296875 0.0515625 0.13125
0 0.253125 0.41015625 0.0484375 0.109375
1 0.3515625 0.1875 0.0546875 0.115625
1 0.91640625 0.87421875 0.05 0.128125
0 0.66484375 0.9515625 0.0546875 0.096875
1 0.61953125 0.46015625 0.0515625 0.1140625
0 0.42421875 0.42734375 0.053125 0.11875
0 0.92578125 0.49375 0.0546875 0.1140625
1 0.5890625 0.2125 0.053125 0.1171875
0 0.7109375 0.5875 0.0546875 0.128125
0 0.60625 0.5734375 0.053125 0.125
0 0.484375 0.203125 0.0515625 0.1140625
1 0.98359375 0.26015625 0.0328125 0.1140625
0 0.6234375 0.21796875 0.053125 0.11875
0 0.6125 0.834375 0.0546875 0.128125
0 0.71484375 0.84609375 0.053125 0.128125
0 0.69140625 0.46953125 0.0515625 0.109375
1 0.89375 0.49140625 0.053125 0.1140625
1 0.9625 0.4984375 0.053125 0.11875
1 0.221875 0.40859375 0.0484375 0.1078125
1 0.85625 0.24375 0.05 0.115625
1 0.95859375 0.2546875 0.0515625 0.1140625
1 0.87890625 0.06484375 0.040625 0.046875
0 0.5421875 0.5640625 0.0546875 0.1265625
1 0.86171875 0.48671875 0.0515625 0.1140625
1 0.81484375 0.86640625 0.05 0.125
1 0.725 0.47265625 0.0515625 0.1125
0 0.41875 0.1953125 0.0515625 0.1140625
1 0.275 0.79453125 0.05625 0.13125
0 0.1875 0.40390625 0.0546875 0.1109375
0 0.3078125 0.01015625 0.04375 0.0203125
0 0.7015625 0.953125 0.059375 0.09375
1 0.98046875 0.075 0.0390625 0.0421875
0 0.68671875 0.22890625 0.0578125 0.1171875
1 0.2109375 0.00546875 0.040625 0.0109375
0 0.30625 0.540625 0.05625 0.134375
1 0.55546875 0.2109375 0.0515625 0.1140625
0 0.36796875 0.5453125 0.053125 0.128125
0 0.15625 0.90078125 0.053125 0.121875
0 0.18671875 0.9046875 0.053125 0.1203125
0 0.8984375 0.24921875 0.0609375 0.11875
1 0.4734375 0.0203125 0.040625 0.040625
1 0.95234375 0.6140625 0.05625 0.128125
0 0.28359375 0.18046875 0.0546875 0.11875
0 0.33515625 0.796875 0.0546875 0.1328125
1 0.45390625 0.19609375 0.053125 0.11875
0 0.7921875 0.2359375 0.05 0.1171875
0 0.796875 0.9609375 0.053125 0.078125
0 0.321875 0.91953125 0.0578125 0.1203125
0 0.30625 0.7984375 0.0515625 0.1265625
1 0.33984375 0.0125 0.0390625 0.025
1 0.44140625 0.0171875 0.0390625 0.034375
0 0.50703125 0.55859375 0.053125 0.1296875
1 0.76640625 0.95859375 0.0515625 0.0828125
0 0.43671875 0.81328125 0.05 0.1234375
0 0.33671875 0.5421875 0.0546875 0.1296875
0 0.79296875 0.47734375 0.0578125 0.115625
1 0.65234375 0.22421875 0.053125 0.1171875
0 0.93046875 0.06875 0.0671875 0.0453125
0 0.14921875 0.165625 0.05625 0.1234375
0 0.221875 0.91171875 0.0546875 0.1203125
0 0.55859375 0.94375 0.0515625 0.1125
1 0.5078125 0.0234375 0.040625 0.046875
0 0.834375 0.96015625 0.053125 0.0796875
0 0.26640625 0.53359375 0.053125 0.13125
0 0.28984375 0.91484375 0.05625 0.1203125
0 0.76171875 0.4734375 0.0546875 0.115625
0 0.203125 0.78359375 0.0515625 0.128125
0 0.10859375 0.89296875 0.0625 0.1234375
0 0.05390625 0.88984375 0.05625 0.1171875
0 0.25 0.17734375 0.0546875 0.1234375
0 0.17265625 0.78046875 0.0515625 0.128125
0 0.8140625 0.05625 0.0421875 0.0453125
0 0.40625 0.01640625 0.04375 0.0328125
0 0.36953125 0.80546875 0.05 0.128125
0 0.16875 0.515625 0.0484375 0.125
0 0.36953125 0.0140625 0.0421875 0.028125
0 0.07265625 0.765625 0.0515625 0.11875
1 0.62734375 0.9484375 0.0546875 0.103125
0 0.0515625 0.3859375 0.05 0.1171875
0 0.590625 0.45625 0.053125 0.1140625
0 0.73359375 0.95859375 0.0515625 0.0828125
0 0.03203125 0.7578125 0.0515625 0.125
0 0.103125 0.515625 0.05 0.1296875
0 0.06875 0.5078125 0.05 0.125
0 0.85234375 0.86796875 0.053125 0.121875
0 0.02578125 0.37890625 0.0421875 0.1171875
0 0.23671875 0.528125 0.0484375 0.1265625
0 0.25390625 0.91328125 0.0546875 0.1203125
0 0.3625 0.92578125 0.0515625 0.1203125
0 0.865625 0.9625 0.053125 0.075
0 0.23671875 0.790625 0.053125 0.125
1 0.675 0.040625 0.0421875 0.0484375
0 0.03359375 0.50390625 0.0515625 0.128125
0 0.08828125 0.390625 0.0515625 0.1171875
1 0.609375 0.0328125 0.0421875 0.05
0 0.525 0.9453125 0.05 0.109375
0 0.153125 0.396875 0.0484375 0.1140625
0 0.23984375 0.00625 0.0390625 0.0125
0 0.7796875 0.85703125 0.053125 0.125
1 0.84296875 0.059375 0.0390625 0.0453125
1 0.38359375 0.428125 0.0515625 0.11875
1 0.77890625 0.05234375 0.0421875 0.046875
0 0.39453125 0.92890625 0.053125 0.1203125
1 0.5421875 0.83125 0.0515625 0.1296875
0 0.49765625 0.9453125 0.0546875 0.109375
0 0.64140625 0.03671875 0.04375 0.05
0 0.8859375 0.87109375 0.046875 0.121875
1 0.57421875 0.03046875 0.0421875 0.053125
1 0.71171875 0.0453125 0.0421875 0.0484375
0 0.1359375 0.5171875 0.0484375 0.1265625
0 0.59609375 0.946875 0.0515625 0.10625
1 0.4234375 0.93203125 0.053125 0.1203125
1 0.1046875 0.77421875 0.0453125 0.1203125
1 0.5421875 0.025 0.040625 0.05
0 0.903125 0.9671875 0.05 0.065625
1 0.1234375 0.39375 0.0484375 0.1171875
1 0.746875 0.0484375 0.040625 0.0484375
0 0.82421875 0.48125 0.05 0.1140625
1 0.18203125 0.17109375 0.053125 0.1203125
0 0.0125 0.49921875 0.025 0.1234375
0 0.0140625 0.7578125 0.028125 0.11875
0 0.12734375 0.7734375 0.046875 0.125
0 0.94609375 0.8734375 0.0390625 0.1328125
0 0.11484375 0.165625 0.0515625 0.125
1 0.9765625 0.6171875 0.0390625 0.121875
0 0.05703125 0.1484375 0.046875 0.1203125
0 0.9875 0.50078125 0.025 0.1171875
1 0.21953125 0.17578125 0.0546875 0.1234375
0 0.275 0.009375 0.04375 0.01875
0 0.925 0.6109375 0.0546875 0.128125
0 0.93125 0.9671875 0.0375 0.065625
1 0.08828125 0.15546875 0.0515625 0.1203125
1 0.47109375 0.8234375 0.04375 0.125
1 0.07734375 0.89296875 0.0484375 0.1203125
1 0.92578125 0.25390625 0.0453125 0.1171875
0 0.9046875 0.6140625 0.0609375 0.13125
0 0.14296875 0.775 0.04375 0.1265625