1 0.778125 0.8625 0.065625 0.1640625
0 0.18203125 0.84296875 0.0625 0.1671875
1 0.21953125 0.8453125 0.0578125 0.1671875
1 0.6375 0.37265625 0.0609375 0.1578125
1 0.8609375 0.87109375 0.06875 0.1625
1 0.56015625 0.215625 0.0625 0.15625
1 0.6984375 0.70859375 0.0625 0.153125
1 0.7234375 0.22890625 0.059375 0.1515625
0 0.7859375 0.71328125 0.0640625 0.1515625
1 0.83125 0.71484375 0.0609375 0.1546875
0 0.6796875 0.2296875 0.0671875 0.1515625
1 0.8015625 0.3828125 0.0625 0.1609375
0 0.57734375 0.7015625 0.065625 0.153125
0 0.14296875 0.68125 0.0640625 0.1625
1 0.55 0.375 0.0609375 0.1625
0 0.7453125 0.71484375 0.0671875 0.1546875
0 0.8234375 0.86328125 0.065625 0.1609375
1 0.9046875 0.86640625 0.065625 0.165625
0 0.76171875 0.38125 0.0625 0.165625
1 0.7703125 0.23046875 0.05625 0.1484375
0 0.67734375 0.378125 0.059375 0.1625
0 0.60703125 0.21875 0.075 0.1578125
1 0.8703125 0.71875 0.0640625 0.1578125
0 0.7140625 0.3796875 0.0625 0.1640625
0 0.73984375 0.8703125 0.0703125 0.1703125
1 0.84765625 0.384375 0.0609375 0.159375
0 0.5359375 0.69765625 0.0640625 0.153125
1 0.48515625 0.86015625 0.0640625 0.1765625
1 0.88671875 0.3859375 0.059375 0.1609375
0 0.1546875 0.35 0.0609375 0.16875
1 0.85546875 0.23515625 0.0578125 0.1484375
0 0.5109375 0.371875 0.0625 0.165625
1 0.89453125 0.23515625 0.0578125 0.15
1 0.5671875 0.86171875 0.0640625 0.165625
0 0.51953125 0.2171875 0.0578125 0.15625
0 0.20546875 0.34921875 0.059375 0.165625
1 0.809375 0.22890625 0.0578125 0.15
0 0.46875 0.36875 0.0578125 0.171875
0 0.24375 0.35390625 0.0609375 0.1640625
1 0.9484375 0.875 0.0640625 0.1609375
0 0.5265625 0.8609375 0.0625 0.1765625
0 0.47734375 0.2140625 0.0546875 0.1546875
0 0.49453125 0.70078125 0.0625 0.15625
0 0.29140625 0.35390625 0.06875 0.159375
1 0.096875 0.6734375 0.078125 0.1734375
1 0.66171875 0.7140625 0.0578125 0.153125
0 0.6265625 0.70546875 0.0640625 0.153125
0 0.1671875 0.1953125 0.053125 0.1546875
1 0.590625 0.3734375 0.0609375 0.1546875
1 0.9265625 0.3890625 0.059375 0.1640625
0 0.21171875 0.196875 0.05 0.1515625
0 0.2484375 0.19765625 0.05625 0.1546875
1 0.97265625 0.39453125 0.0546875 0.1671875
0 0.2640625 0.84921875 0.065625 0.171875
1 0.95546875 0.7234375 0.059375 0.15625
1 0.934375 0.2375 0.05625 0.1515625
0 0.2984375 0.19921875 0.05625 0.15625
1 0.97578125 0.2375 0.0484375 0.153125
1 0.134375 0.8390625 0.0609375 0.1640625
1 0.0578125 0.18671875 0.0703125 0.165625
0 0.68984375 0.871875 0.06875 0.1734375
0 0.271875 0.68671875 0.0640625 0.1578125
1 0.0484375 0.3421875 0.0734375 0.16875
1 0.0296875 0.83671875 0.059375 0.1671875
0 0.43671875 0.85546875 0.065625 0.18125
1 0.909375 0.72109375 0.0609375 0.1578125
0 0.22265625 0.68515625 0.065625 0.159375
1 0.11171875 0.346875 0.0734375 0.171875
1 0.4453125 0.69609375 0.0625 0.15625
1 0.65078125 0.86640625 0.0671875 0.16875
1 0.196875 0.684375 0.078125 0.1609375
0 0.08671875 0.83359375 0.075 0.1671875
1 0.034375 0.66640625 0.06875 0.1859375
1 0.12109375 0.1875 0.06875 0.1609375
1 0.60546875 0.85859375 0.05625 0.1546875
1 0.64375 0.2265625 0.05 0.15625