0 0.38046875 0.0859375 0.0984375 0.15
0 0.13125 0.1421875 0.103125 0.15
1 0.4453125 0.0734375 0.103125 0.146875
0 0.0640625 0.15625 0.103125 0.146875
0 0.29453125 0.30390625 0.128125 0.25
0 0.50390625 0.06640625 0.0984375 0.1328125
0 0.25234375 0.1140625 0.1 0.1484375
1 0.196875 0.1265625 0.0984375 0.1484375
0 0.48828125 0.2578125 0.128125 0.253125
0 0.321875 0.0984375 0.1 0.15
0 0.57109375 0.06328125 0.1015625 0.1265625
0 0.16796875 0.3234375 0.11875 0.246875
0 0.09453125 0.33515625 0.13125 0.2453125
0 0.421875 0.2734375 0.11875 0.2453125
0 0.6390625 0.0515625 0.103125 0.103125
0 0.66015625 0.7421875 0.1296875 0.2703125
0 0.82734375 0.0359375 0.1078125 0.071875
0 0.68828125 0.22578125 0.11875 0.228125
0 0.7 0.0453125 0.103125 0.090625
0 0.23046875 0.3109375 0.121875 0.25
0 0.7703125 0.0390625 0.10625 0.078125
0 0.746875 0.20546875 0.128125 0.2296875
0 0.875 0.1796875 0.134375 0.234375
0 0.728125 0.7265625 0.1375 0.271875
0 0.60078125 0.75625 0.13125 0.26875
1 0.3625 0.2828125 0.121875 0.240625
0 0.8125 0.18984375 0.125 0.2296875
0 0.20546875 0.84765625 0.1390625 0.2875
0 0.6171875 0.23203125 0.1171875 0.234375
0 0.5578125 0.2421875 0.125 0.240625
0 0.40625 0.79140625 0.1296875 0.2625
0 0.79453125 0.709375 0.128125 0.2625
0 0.5359375 0.7671875 0.1265625 0.2640625
0 0.475 0.77890625 0.128125 0.265625
0 0.27734375 0.821875 0.128125 0.2671875
0 0.34375 0.80546875 0.1234375 0.2578125
0 0.8546875 0.70234375 0.1296875 0.259375
0 0.9703125 0.69765625 0.059375 0.2859375
0 0.87421875 0.0234375 0.0640625 0.046875
0 0.93046875 0.7046875 0.1390625 0.25
0 0.9203125 0.16328125 0.078125 0.21875