1 0.56796875 0.09296875 0.1015625 0.1859375
1 0.35625 0.11640625 0.1046875 0.19375
1 0.43125 0.1078125 0.1046875 0.190625
1 0.5 0.09765625 0.0984375 0.1921875
0 0.4734375 0.709375 0.0796875 0.184375
0 0.52578125 0.28671875 0.096875 0.190625
0 0.275 0.32265625 0.078125 0.1921875
0 0.45 0.29765625 0.1015625 0.1953125
1 0.2484375 0.13125 0.0828125 0.19375
0 0.60078125 0.2671875 0.096875 0.1921875
1 0.33515625 0.72890625 0.0828125 0.1875
1 0.28203125 0.73671875 0.0828125 0.1875
0 0.38046875 0.30390625 0.0953125 0.1984375
1 0.30625 0.9140625 0.08125 0.171875
1 0.66953125 0.6890625 0.0828125 0.1859375
1 0.5703125 0.696875 0.08125 0.184375
1 0.378125 0.7234375 0.08125 0.184375
1 0.32109375 0.3109375 0.0828125 0.190625
0 0.86796875 0.06953125 0.0984375 0.1390625
1 0.29453125 0.12578125 0.084375 0.1921875
0 0.63359375 0.0859375 0.0828125 0.171875
1 0.05078125 0.76171875 0.0640625 0.1921875
1 0.71015625 0.259375 0.08125 0.1953125
1 0.3578125 0.909375 0.078125 0.18125
0 0.403125 0.90703125 0.075 0.1859375
1 0.19765625 0.1375 0.084375 0.19375
1 0.42890625 0.715625 0.08125 0.184375
1 0.615625 0.69375 0.08125 0.184375
1 0.1625 0.92421875 0.090625 0.1515625
1 0.65625 0.26171875 0.078125 0.1921875
1 0.21015625 0.9203125 0.0828125 0.159375
1 0.2390625 0.7421875 0.0828125 0.1859375
1 0.265625 0.91640625 0.08125 0.1671875
1 0.13984375 0.75859375 0.0828125 0.184375
0 0.715625 0.6796875 0.08125 0.190625
1 0.08828125 0.7671875 0.0828125 0.1890625
1 0.08125 0.35 0.0828125 0.1921875
0 0.8015625 0.071875 0.0875 0.14375
0 0.9765625 0.64921875 0.046875 0.1921875
0 0.82734375 0.66953125 0.0953125 0.2
0 0.85546875 0.2359375 0.078125 0.1859375
1 0.83828125 0.85546875 0.0765625 0.1921875
1 0.12578125 0.3453125 0.0828125 0.190625
1 0.1828125 0.74921875 0.0828125 0.1859375
1 0.0359375 0.35546875 0.071875 0.1953125
1 0.0765625 0.928125 0.0625 0.14375
1 0.04921875 0.1578125 0.0859375 0.190625
0 0.75703125 0.253125 0.0796875 0.1953125
1 0.51953125 0.70390625 0.0796875 0.1828125
1 0.01171875 0.3625 0.0234375 0.190625
0 0.92578125 0.65234375 0.1046875 0.196875
0 0.771875 0.671875 0.0875 0.196875
0 0.9015625 0.22421875 0.071875 0.1765625
0 0.6890625 0.0828125 0.075 0.165625
1 0.54375 0.8921875 0.0796875 0.190625
1 0.80859375 0.24296875 0.0734375 0.190625
0 0.74140625 0.86953125 0.0828125 0.196875
1 0.11328125 0.9265625 0.0828125 0.146875
1 0.2203125 0.3234375 0.0796875 0.1921875
0 0.73984375 0.07890625 0.0828125 0.1578125
0 0.64453125 0.8828125 0.078125 0.1984375
0 0.496875 0.89765625 0.0796875 0.1921875
1 0.096875 0.1484375 0.0828125 0.190625
1 0.14921875 0.14375 0.0828125 0.190625
0 0.95078125 0.84296875 0.0953125 0.19375
1 0.6953125 0.875 0.078125 0.1953125
1 0.178125 0.3375 0.0828125 0.190625
1 0.01953125 0.1625 0.0390625 0.1875
1 0.88984375 0.84453125 0.084375 0.190625
0 0.79765625 0.86484375 0.0796875 0.19375
1 0.59921875 0.88828125 0.0828125 0.1953125
0 0.98828125 0.8328125 0.0234375 0.190625
1 0.4484375 0.903125 0.078125 0.19375