1 0.47578125 0.2046875 0.0875 0.1625
1 0.66796875 0.821875 0.0921875 0.1703125
1 0.953125 0.7453125 0.09375 0.16875
1 0.590625 0.33671875 0.0890625 0.1609375
1 0.75078125 0.63828125 0.0890625 0.1578125
0 0.5953125 0.1796875 0.0875 0.159375
0 0.8359375 0.61640625 0.0890625 0.1578125
1 0.5125 0.35859375 0.0859375 0.1625
0 0.628125 0.82578125 0.09375 0.1765625
0 0.79765625 0.63046875 0.09375 0.1609375
1 0.63515625 0.17265625 0.084375 0.15625
1 0.8734375 0.7625 0.096875 0.1734375
1 0.88125 0.60546875 0.0875 0.159375
0 0.29453125 0.915625 0.0890625 0.16875
0 0.63125 0.66640625 0.090625 0.1625
0 0.58984375 0.675 0.0875 0.1625
1 0.5890625 0.8421875 0.09375 0.1765625
0 0.54609375 0.684375 0.0890625 0.165625
0 0.9203125 0.75625 0.0890625 0.16875
0 0.63359375 0.325 0.0875 0.1640625
1 0.8390625 0.27265625 0.0859375 0.165625
0 0.671875 0.31640625 0.0875 0.16875
1 0.7546875 0.29375 0.0875 0.1625
1 0.80390625 0.1296875 0.0828125 0.15625
1 0.68125 0.16015625 0.0828125 0.15625
1 0.80234375 0.28359375 0.0875 0.1640625
0 0.12578125 0.45 0.090625 0.175
0 0.25625 0.4140625 0.09375 0.1671875
0 0.2109375 0.77734375 0.0890625 0.1671875
0 0.471875 0.36796875 0.090625 0.1671875
1 0.91875 0.59375 0.0875 0.159375
1 0.1625 0.77734375 0.1046875 0.1796875
0 0.8359375 0.7828125 0.1 0.1796875
0 0.71796875 0.3046875 0.0890625 0.1671875
0 0.090625 0.296875 0.08125 0.159375
0 0.43515625 0.21796875 0.0859375 0.1625
1 0.9734375 0.7359375 0.053125 0.165625
1 0.76484375 0.1359375 0.0859375 0.15625
0 0.51953125 0.19296875 0.0953125 0.1640625
0 0.21015625 0.42734375 0.0890625 0.171875
0 0.68125 0.65625 0.0921875 0.1609375
1 0.71875 0.14921875 0.0828125 0.1546875
0 0.17109375 0.43515625 0.090625 0.1734375
1 0.33203125 0.90703125 0.0828125 0.165625
0 0.39375 0.22890625 0.0796875 0.159375
0 0.43125 0.37890625 0.084375 0.1703125
0 0.13203125 0.284375 0.078125 0.1546875
1 0.88671875 0.10703125 0.0828125 0.15625
1 0.92265625 0.25703125 0.0890625 0.1703125
0 0.16875 0.27734375 0.0828125 0.1609375
0 0.2171875 0.26328125 0.0828125 0.159375
1 0.54921875 0.34765625 0.0859375 0.159375
1 0.840625 0.11875 0.084375 0.15625
1 0.97890625 0.57421875 0.0421875 0.1640625
0 0.54296875 0.85234375 0.096875 0.1796875
1 0.715625 0.6484375 0.0828125 0.153125
1 0.87578125 0.26640625 0.0875 0.165625
0 0.784375 0.79765625 0.1015625 0.178125
1 0.08125 0.46015625 0.1015625 0.1765625
1 0.13671875 0.934375 0.1046875 0.13125
1 0.259375 0.75859375 0.0953125 0.1671875
1 0.034375 0.4734375 0.06875 0.178125
0 0.33515625 0.73984375 0.0875 0.1625
1 0.95703125 0.5875 0.0859375 0.1625
1 0.04609375 0.30703125 0.0921875 0.1671875
1 0.74765625 0.80234375 0.09375 0.1734375
0 0.37578125 0.8953125 0.0921875 0.1703125
1 0.24609375 0.921875 0.0859375 0.15625
0 0.2828125 0.7546875 0.096875 0.1671875
1 0.01484375 0.31875 0.0296875 0.171875
0 0.7125 0.81171875 0.0921875 0.165625
1 0.20078125 0.9265625 0.1015625 0.146875
1 0.50546875 0.7 0.0890625 0.1640625
1 0.09921875 0.79296875 0.1078125 0.1890625