1 0.77890625 0.86796875 0.065625 0.1640625
1 0.56484375 0.2125 0.0609375 0.1578125
1 0.56953125 0.859375 0.0640625 0.1625
0 0.18515625 0.8390625 0.0640625 0.1640625
0 0.5375 0.69921875 0.0609375 0.1515625
0 0.78984375 0.71640625 0.065625 0.1515625
0 0.828125 0.8625 0.0671875 0.159375
1 0.865625 0.86953125 0.0640625 0.159375
1 0.09921875 0.66953125 0.078125 0.171875
0 0.6875 0.22421875 0.0609375 0.153125
1 0.48984375 0.85703125 0.0671875 0.171875
0 0.14453125 0.68203125 0.0625 0.1609375
1 0.55546875 0.36640625 0.05625 0.15625
1 0.64140625 0.371875 0.059375 0.1546875
0 0.7390625 0.86796875 0.0671875 0.165625
1 0.87578125 0.715625 0.0640625 0.15625
1 0.853125 0.38359375 0.059375 0.159375
0 0.57890625 0.70078125 0.0640625 0.1515625
0 0.68203125 0.375 0.059375 0.159375
0 0.53046875 0.85234375 0.0640625 0.1703125
1 0.703125 0.71015625 0.0625 0.153125
0 0.75 0.71015625 0.0640625 0.1515625
1 0.72890625 0.2296875 0.05625 0.15
1 0.8921875 0.38671875 0.059375 0.159375
1 0.9046875 0.871875 0.0671875 0.1578125
0 0.20703125 0.34609375 0.0578125 0.165625
0 0.72109375 0.378125 0.059375 0.1625
1 0.80703125 0.38203125 0.0578125 0.159375
1 0.953125 0.87421875 0.0640625 0.159375
1 0.96171875 0.71953125 0.0625 0.159375
0 0.6078125 0.21484375 0.0671875 0.1609375
1 0.775 0.228125 0.05625 0.15
0 0.15703125 0.34453125 0.059375 0.1671875
0 0.246875 0.3484375 0.0578125 0.165625
1 0.90078125 0.2359375 0.0578125 0.15
1 0.8125 0.23203125 0.0546875 0.15
0 0.2953125 0.35 0.0640625 0.159375
0 0.52265625 0.21328125 0.059375 0.1578125
1 0.8359375 0.715625 0.0625 0.15625
0 0.76796875 0.38046875 0.0578125 0.1609375
1 0.9390625 0.23828125 0.05625 0.15
1 0.59375 0.36484375 0.05625 0.1515625
1 0.8609375 0.2375 0.05625 0.1515625
0 0.51484375 0.3640625 0.0578125 0.1609375
1 0.1140625 0.3421875 0.0703125 0.16875
0 0.16640625 0.1890625 0.0546875 0.1546875
1 0.97421875 0.39296875 0.0515625 0.1671875
0 0.25234375 0.19296875 0.05625 0.1546875
1 0.97890625 0.2421875 0.0421875 0.153125
1 0.66484375 0.7109375 0.059375 0.1515625
0 0.2140625 0.1921875 0.0515625 0.153125
1 0.05 0.33984375 0.071875 0.16875
1 0.91328125 0.72109375 0.0640625 0.159375
1 0.9328125 0.38984375 0.0578125 0.1640625
0 0.26953125 0.84296875 0.065625 0.165625
0 0.43984375 0.85234375 0.06875 0.171875
0 0.69375 0.87109375 0.065625 0.1703125
0 0.62890625 0.70859375 0.0671875 0.1546875
1 0.50078125 0.69609375 0.0671875 0.1625
0 0.47109375 0.365625 0.053125 0.1625
1 0.19375 0.68046875 0.0671875 0.1578125
0 0.4796875 0.21171875 0.05 0.15625
1 0.12265625 0.1859375 0.0671875 0.159375
1 0.13671875 0.83515625 0.0625 0.159375
1 0.03046875 0.8328125 0.0609375 0.16875
1 0.06015625 0.1796875 0.0703125 0.1640625
1 0.2234375 0.840625 0.0546875 0.1625
0 0.2296875 0.6828125 0.059375 0.1546875
0 0.3 0.196875 0.0546875 0.1546875
0 0.27578125 0.68515625 0.0609375 0.1546875
1 0.65625 0.865625 0.0546875 0.1640625
1 0.4484375 0.69453125 0.0640625 0.159375
1 0.61171875 0.8546875 0.0640625 0.1546875
1 0.03515625 0.66015625 0.0703125 0.1859375
1 0.65 0.21796875 0.0515625 0.153125
1 0.67734375 0.86953125 0.0515625 0.1671875
1 0.08828125 0.834375 0.05625 0.15