0 0.778125 0.72734375 0.0703125 0.1515625
1 0.58125 0.21484375 0.0671875 0.159375
1 0.55 0.8578125 0.06875 0.1671875
0 0.51328125 0.846875 0.06875 0.1703125
1 0.471875 0.85078125 0.0734375 0.1734375
0 0.71953125 0.875 0.0734375 0.1734375
0 0.5296875 0.696875 0.065625 0.153125
1 0.759375 0.878125 0.071875 0.171875
1 0.6921875 0.715625 0.065625 0.153125
0 0.7015625 0.234375 0.06875 0.1546875
1 0.56328125 0.37265625 0.0640625 0.1625
1 0.64765625 0.37890625 0.065625 0.159375
1 0.86328125 0.7296875 0.065625 0.153125
0 0.16796875 0.81953125 0.071875 0.1671875
1 0.74140625 0.2421875 0.0640625 0.1515625
0 0.2171875 0.33046875 0.0671875 0.1671875
0 0.68828125 0.38359375 0.0671875 0.1625
1 0.7875 0.2421875 0.0640625 0.153125
1 0.85859375 0.4015625 0.06875 0.1609375
1 0.82421875 0.7296875 0.0671875 0.1515625
1 0.09453125 0.64453125 0.084375 0.1765625
0 0.73828125 0.71875 0.0703125 0.15
1 0.896875 0.40390625 0.0671875 0.1640625
0 0.7265625 0.3875 0.06875 0.1640625
1 0.91328125 0.25546875 0.0640625 0.153125
1 0.84375 0.88515625 0.071875 0.1671875
0 0.625 0.21953125 0.0765625 0.1609375
1 0.82578125 0.2484375 0.0640625 0.153125
0 0.7734375 0.39296875 0.0671875 0.1625
1 0.6015625 0.36875 0.0640625 0.1578125
0 0.809375 0.875 0.06875 0.165625
1 0.87421875 0.25 0.065625 0.153125
1 0.8125 0.396875 0.0671875 0.1609375
1 0.12578125 0.321875 0.0796875 0.171875
0 0.521875 0.3640625 0.06875 0.1640625
0 0.53984375 0.2109375 0.065625 0.159375
1 0.98203125 0.2671875 0.0359375 0.15625
0 0.16875 0.325 0.06875 0.16875
1 0.95078125 0.25859375 0.065625 0.1546875
1 0.653125 0.7125 0.0640625 0.15
0 0.271875 0.18046875 0.0640625 0.1578125
0 0.2328125 0.17734375 0.059375 0.15625
1 0.93203125 0.89375 0.06875 0.1625
0 0.61953125 0.7109375 0.06875 0.15625
1 0.88359375 0.8875 0.06875 0.1625
1 0.48984375 0.69375 0.0671875 0.15625
1 0.9484375 0.740625 0.0671875 0.15625
0 0.41875 0.84453125 0.0796875 0.1796875
0 0.56953125 0.7046875 0.06875 0.15625
1 0.02578125 0.803125 0.0515625 0.165625
0 0.140625 0.65546875 0.0671875 0.1640625
0 0.25859375 0.33828125 0.0671875 0.165625
0 0.30703125 0.33828125 0.0734375 0.1625
0 0.478125 0.36328125 0.0609375 0.16875
1 0.12265625 0.81328125 0.0671875 0.1625
1 0.06328125 0.31484375 0.0796875 0.171875
0 0.18671875 0.171875 0.059375 0.15625
0 0.49453125 0.209375 0.0578125 0.1578125
1 0.078125 0.8046875 0.084375 0.165625
1 0.934375 0.409375 0.0671875 0.1625
1 0.14296875 0.16640625 0.075 0.1609375
1 0.9015625 0.73828125 0.065625 0.1546875
0 0.3203125 0.18828125 0.0625 0.15625
0 0.6828125 0.86953125 0.065625 0.171875
1 0.975 0.41875 0.05 0.165625
1 0.08046875 0.15703125 0.078125 0.165625
1 0.18828125 0.659375 0.075 0.1609375
0 0.26953125 0.67265625 0.0734375 0.159375
0 0.221875 0.66328125 0.065625 0.1578125
0 0.2515625 0.825 0.0796875 0.1703125
0 0.03515625 0.63125 0.0703125 0.190625
1 0.66484375 0.22578125 0.0578125 0.1546875
1 0.6359375 0.86640625 0.0671875 0.1703125
1 0.20859375 0.81796875 0.0640625 0.165625
1 0.5921875 0.8609375 0.0640625 0.1625