0 0.3359375 0.2125 0.0453125 0.1140625
0 0.34453125 0.44765625 0.0453125 0.1125
1 0.75703125 0.55 0.04375 0.121875
0 0.44765625 0.55859375 0.04375 0.1234375
0 0.5484375 0.4421875 0.04375 0.10625
1 0.3078125 0.45078125 0.0421875 0.1078125
0 0.45546875 0.81953125 0.040625 0.11875
0 0.7125 0.1953125 0.04375 0.1078125
0 0.690625 0.55625 0.0421875 0.11875
1 0.1328125 0.9453125 0.059375 0.109375
0 0.21328125 0.56875 0.04375 0.1234375
1 0.27734375 0.4515625 0.04375 0.1078125
1 0.51171875 0.44453125 0.04375 0.109375
1 0.6546875 0.55625 0.0453125 0.11875
0 0.44296875 0.44140625 0.0421875 0.1125
0 0.62421875 0.8140625 0.0453125 0.128125
1 0.36015625 0.9421875 0.0484375 0.115625
1 0.2109375 0.45390625 0.040625 0.10625
0 0.79140625 0.54609375 0.0453125 0.1171875
1 0.5859375 0.55546875 0.04375 0.11875
1 0.4765625 0.446875 0.04375 0.109375
0 0.3546875 0.825 0.040625 0.121875
0 0.57734375 0.20390625 0.040625 0.1109375
1 0.48046875 0.5609375 0.04375 0.1203125
1 0.8046875 0.015625 0.0375 0.03125
1 0.85234375 0.43203125 0.0421875 0.1109375
0 0.2421875 0.45078125 0.0390625 0.10625
1 0.96328125 0.5421875 0.04375 0.121875
1 0.79921875 0.81171875 0.0421875 0.1234375
0 0.415625 0.56328125 0.0453125 0.125
0 0.8625 0.5484375 0.046875 0.1234375
0 0.4140625 0.440625 0.04375 0.115625
1 0.90703125 0.01171875 0.0359375 0.0234375
0 0.6515625 0.43984375 0.040625 0.1078125
0 0.728125 0.809375 0.04375 0.1265625
0 0.17578125 0.94453125 0.0578125 0.1109375
0 0.85625 0.190625 0.05 0.1140625
0 0.61875 0.5578125 0.0421875 0.121875
1 0.07578125 0.4609375 0.040625 0.1109375
1 0.40703125 0.20703125 0.04375 0.115625
1 0.82265625 0.54921875 0.04375 0.121875
0 0.55234375 0.55625 0.04375 0.121875
1 0.30390625 0.2140625 0.04375 0.1125
1 0.67578125 0.19921875 0.0421875 0.1078125
1 0.6953125 0.815625 0.040625 0.1265625
1 0.721875 0.55234375 0.0453125 0.1234375
1 0.11328125 0.5734375 0.0421875 0.1234375
1 0.77734375 0.19140625 0.040625 0.1109375
1 0.96953125 0.8046875 0.0390625 0.1234375
0 0.321875 0.94296875 0.046875 0.1140625
0 0.68671875 0.43828125 0.040625 0.1078125
1 0.31953125 0.82890625 0.0421875 0.1203125
0 0.37265625 0.21171875 0.0421875 0.1109375
1 0.96015625 0.421875 0.040625 0.1140625
0 0.4375 0.20859375 0.0421875 0.1109375
0 0.3140625 0.5671875 0.046875 0.1265625
0 0.6640625 0.8125 0.0453125 0.125
1 0.47421875 0.20703125 0.04375 0.109375
1 0.86953125 0.81171875 0.040625 0.1203125
0 0.2546875 0.94453125 0.04375 0.1109375
0 0.76640625 0.8078125 0.0421875 0.125
0 0.23125 0.03203125 0.040625 0.046875
0 0.740625 0.01640625 0.0375 0.0328125
1 0.54296875 0.203125 0.0421875 0.1109375
0 0.3453125 0.56640625 0.0453125 0.125
0 0.88984375 0.428125 0.04375 0.1109375
1 0.61171875 0.44140625 0.040625 0.1109375
0 0.85703125 0.01328125 0.0640625 0.0265625
0 0.07109375 0.946875 0.0671875 0.10625
0 0.040625 0.45859375 0.0421875 0.1140625
0 0.1765625 0.4546875 0.046875 0.1078125
0 0.3765625 0.565625 0.04375 0.125
1 0.3921875 0.8265625 0.0421875 0.1234375
1 0.76953125 0.01640625 0.0359375 0.0328125
0 0.5078125 0.20546875 0.0421875 0.109375
0 0.73515625 0.93203125 0.0453125 0.1171875
0 0.77265625 0.92890625 0.0484375 0.11875
0 0.51640625 0.55546875 0.0421875 0.1265625
0 0.23359375 0.21640625 0.0453125 0.115625
1 0.71796875 0.4375 0.040625 0.1109375
1 0.91328125 0.1890625 0.0390625 0.109375
0 0.39609375 0.94296875 0.0484375 0.1140625
0 0.07578125 0.57265625 0.0453125 0.125
1 0.03359375 0.03828125 0.0359375 0.046875
1 0.81171875 0.190625 0.0390625 0.109375
0 0.2015625 0.21796875 0.0453125 0.1171875
0 0.9015625 0.5453125 0.0515625 0.128125
0 0.27421875 0.56796875 0.0453125 0.1265625
0 0.6421875 0.203125 0.0453125 0.1140625
0 0.90546875 0.80859375 0.0421875 0.115625
1 0.36640625 0.02734375 0.0359375 0.046875
1 0.39921875 0.0265625 0.0390625 0.046875
0 0.27109375 0.2171875 0.0421875 0.1140625
1 0.95078125 0.1875 0.040625 0.109375
0 0.7484375 0.19453125 0.0390625 0.109375
0 0.28671875 0.82890625 0.04375 0.121875
0 0.86796875 0.9296875 0.04375 0.1171875
1 0.60703125 0.203125 0.040625 0.1109375
0 0.01484375 0.4546875 0.0296875 0.115625
1 0.83828125 0.92890625 0.040625 0.115625
0 0.42421875 0.821875 0.0390625 0.1234375
0 0.4859375 0.82578125 0.0390625 0.11875
1 0.53515625 0.021875 0.0390625 0.04375
1 0.134375 0.03671875 0.0359375 0.05
0 0.90546875 0.9234375 0.0421875 0.1203125
1 0.2640625 0.03046875 0.0375 0.046875
1 0.696875 0.9328125 0.0453125 0.1171875
1 0.9390625 0.01171875 0.0375 0.0234375
1 0.97734375 0.92109375 0.040625 0.11875
1 0.7046875 0.01796875 0.0375 0.0359375
0 0.1015625 0.221875 0.0421875 0.1125
0 0.5671875 0.021875 0.0375 0.04375
0 0.11875 0.8296875 0.0453125 0.1203125
0 0.9203125 0.425 0.040625 0.1125
0 0.5828125 0.44140625 0.04375 0.109375
0 0.22265625 0.94609375 0.0453125 0.1078125
0 0.25234375 0.82890625 0.0390625 0.121875
0 0.17734375 0.56640625 0.040625 0.125
0 0.03984375 0.5765625 0.04375 0.125
0 0.14765625 0.571875 0.0390625 0.121875
0 0.28671875 0.946875 0.0453125 0.10625
0 0.628125 0.934375 0.0421875 0.1171875
0 0.1703125 0.21953125 0.0390625 0.1109375
0 0.29609375 0.0296875 0.0375 0.046875
1 0.1390625 0.22109375 0.0421875 0.1109375
0 0.5953125 0.940625 0.040625 0.1140625
1 0.6015625 0.0203125 0.0375 0.040625
0 0.2203125 0.82890625 0.04375 0.125
1 0.43359375 0.02578125 0.0375 0.0484375
0 0.24453125 0.56796875 0.0390625 0.121875
0 0.32890625 0.02734375 0.0390625 0.0453125
0 0.09140625 0.0390625 0.04375 0.05
0 0.83359375 0.8109375 0.0390625 0.11875
0 0.17734375 0.83203125 0.0421875 0.1203125
0 0.42890625 0.9421875 0.0421875 0.115625
0 0.0828125 0.83046875 0.0390625 0.1171875
1 0.6375 0.01953125 0.0375 0.0390625
0 0.0671875 0.22421875 0.0390625 0.115625
0 0.80546875 0.9328125 0.040625 0.115625
0 0.9359375 0.92265625 0.040625 0.11875
1 0.50234375 0.0234375 0.0390625 0.046875
0 0.66640625 0.93359375 0.0421875 0.1171875
0 0.4625 0.93984375 0.0421875 0.1171875
1 0.671875 0.01875 0.0375 0.0375
0 0.5671875 0.94296875 0.04375 0.1109375
1 0.59296875 0.82265625 0.040625 0.128125
0 0.059375 0.03828125 0.03125 0.0484375
0 0.025 0.84140625 0.0296875 0.1203125
1 0.37421875 0.44765625 0.0421875 0.115625
1 0.97734375 0.1859375 0.0265625 0.10625
0 0.1640625 0.03515625 0.034375 0.0484375
1 0.15390625 0.834375 0.0359375 0.11875
0 0.053125 0.83203125 0.0375 0.11875
0 0.03203125 0.94765625 0.0390625 0.1046875
0 0.93515625 0.809375 0.0375 0.1203125
1 0.4671875 0.0234375 0.0375 0.046875
1 0.11328125 0.45625 0.0421875 0.109375
0 0.00859375 0.04140625 0.0171875 0.0484375
0 0.9921875 0.7984375 0.015625 0.128125
0 0.13125 0.45546875 0.0484375 0.1140625
0 0.0140625 0.57578125 0.0265625 0.121875
1 0.98828125 0.540625 0.0234375 0.11875
1 0.4921875 0.93984375 0.046875 0.1171875
0 0.75546875 0.43203125 0.04375 0.1109375
0 0.14375 0.453125 0.0359375 0.1109375
1 0.0390625 0.2265625 0.040625 0.115625
0 0.01171875 0.22265625 0.0234375 0.1140625
0 0.99453125 0.91640625 0.0109375 0.1203125
0 0.196875 0.034375 0.0390625 0.0484375
0 0.9875 0.421875 0.025 0.115625
0 0.7859375 0.43046875 0.046875 0.1125
1 0.9296875 0.54375 0.0390625 0.1234375
1 0.5234375 0.825 0.0328125 0.1203125
0 0.81640625 0.43046875 0.040625 0.1109375
1 0.96953125 0.01015625 0.0265625 0.0203125
1 0.5484375 0.8265625 0.0453125 0.13125