0 0.41015625 0.18125 0.0625 0.11875
1 0.7375 0.61015625 0.065625 0.1265625
0 0.434375 0.54453125 0.0640625 0.128125
0 0.3609375 0.4109375 0.0640625 0.1171875
0 0.7796875 0.25703125 0.0625 0.115625
1 0.84375 0.26875 0.0609375 0.11875
1 0.325 0.40625 0.059375 0.1125
1 0.52421875 0.45 0.0609375 0.1140625
0 0.771875 0.615625 0.0640625 0.121875
0 0.56171875 0.45546875 0.0609375 0.1109375
1 0.23046875 0.38515625 0.0578125 0.109375
0 0.2046875 0.496875 0.0640625 0.1296875
0 0.67109375 0.59921875 0.0609375 0.1234375
1 0.2953125 0.39921875 0.0609375 0.1125
1 0.25625 0.89765625 0.06875 0.125
1 0.6359375 0.5921875 0.0640625 0.1234375
1 0.7421875 0.25078125 0.0640625 0.1171875
1 0.0375 0.8484375 0.075 0.128125
0 0.3796875 0.7984375 0.0609375 0.125
1 0.940625 0.65234375 0.065625 0.1265625
0 0.9203125 0.2859375 0.0703125 0.121875
0 0.54453125 0.834375 0.0640625 0.13125
1 0.85859375 0.51484375 0.0609375 0.11875
1 0.80078125 0.62578125 0.0640625 0.1265625
0 0.459375 0.4296875 0.0609375 0.1171875
1 0.46640625 0.55390625 0.0640625 0.1265625
1 0.56953125 0.575 0.0625 0.1234375
1 0.71484375 0.875 0.0625 0.1265625
1 0.48984375 0.44296875 0.0609375 0.1140625
0 0.83984375 0.634375 0.0671875 0.128125
1 0.546875 0.209375 0.0625 0.1140625
1 0.09765625 0.36015625 0.0578125 0.1140625
0 0.0765625 0.85703125 0.078125 0.128125
0 0.66015625 0.47890625 0.065625 0.115625
0 0.403125 0.53984375 0.065625 0.128125
1 0.70234375 0.6046875 0.065625 0.128125
1 0.9609375 0.5375 0.0640625 0.121875
0 0.646875 0.85546875 0.0640625 0.1296875
0 0.26171875 0.38984375 0.0578125 0.109375
1 0.61328125 0.853125 0.0625 0.13125
0 0.64609375 0.23203125 0.0609375 0.1171875
1 0.37890625 0.175 0.0625 0.1171875
1 0.91484375 0.0984375 0.04375 0.0484375
0 0.60390625 0.58359375 0.0609375 0.1234375
1 0.6234375 0.47109375 0.0609375 0.115625
0 0.51015625 0.2015625 0.0609375 0.115625
0 0.43046875 0.42109375 0.0625 0.1203125
1 0.61328125 0.221875 0.0625 0.1171875
0 0.303125 0.5203125 0.0671875 0.13125
1 0.8828125 0.909375 0.059375 0.1265625
0 0.69296875 0.48515625 0.059375 0.1109375
1 0.10703125 0.478125 0.0625 0.1265625
1 0.2453125 0.77578125 0.0625 0.1265625
0 0.5375 0.565625 0.0625 0.128125
0 0.6234375 0.95703125 0.0625 0.0859375
0 0.58359375 0.84296875 0.0640625 0.128125
0 0.44609375 0.18984375 0.0609375 0.115625
1 0.87734375 0.27578125 0.0578125 0.115625
1 0.31015625 0.79296875 0.0625 0.1265625
1 0.9734375 0.3 0.053125 0.115625
0 0.28046875 0.7796875 0.0625 0.1265625
0 0.68359375 0.86328125 0.0625 0.128125
0 0.21875 0.88984375 0.065625 0.1234375
0 0.153125 0.87578125 0.0640625 0.1234375
0 0.92578125 0.5296875 0.0609375 0.11875
0 0.2921875 0.90703125 0.0671875 0.1234375
0 0.8515625 0.08515625 0.04375 0.0484375
1 0.48046875 0.1921875 0.0625 0.1203125
1 0.8953125 0.52265625 0.0625 0.11875
0 0.196875 0.37890625 0.0640625 0.1140625
0 0.8125 0.26796875 0.059375 0.115625
1 0.78359375 0.890625 0.0609375 0.125
0 0.36484375 0.5328125 0.0640625 0.128125
0 0.0640625 0.35 0.059375 0.1171875
0 0.57890625 0.21640625 0.0625 0.115625
0 0.66015625 0.96015625 0.0671875 0.0796875
1 0.990625 0.3078125 0.01875 0.11875
0 0.334375 0.5265625 0.065625 0.128125
1 0.67578125 0.2390625 0.0625 0.11875
0 0.40859375 0.80703125 0.0609375 0.1234375
0 0.31015625 0.16015625 0.0640625 0.11875
1 0.88046875 0.09140625 0.0421875 0.0484375
0 0.2125 0.76640625 0.0640625 0.1265625
1 0.72734375 0.49140625 0.0609375 0.1125
0 0.709375 0.24609375 0.065625 0.1203125
0 0.34921875 0.79375 0.059375 0.128125
0 0.00859375 0.8375 0.0171875 0.13125
0 0.3453125 0.1703125 0.0609375 0.1171875
0 0.965625 0.1078125 0.06875 0.05
0 0.06796875 0.46875 0.065625 0.128125
0 0.27890625 0.15390625 0.0625 0.1203125
0 0.26953125 0.5140625 0.0671875 0.1296875
0 0.753125 0.97265625 0.0625 0.0546875
1 0.725 0.96953125 0.059375 0.0609375
0 0.50234375 0.5578125 0.0625 0.13125
1 0.51640625 0.02109375 0.0453125 0.0421875
1 0.384375 0.00703125 0.04375 0.0140625
1 0.48515625 0.01640625 0.0421875 0.0328125
0 0.790625 0.9734375 0.0625 0.053125
0 0.59375 0.4640625 0.0625 0.1140625
0 0.81796875 0.89765625 0.0625 0.1203125
0 0.18125 0.13359375 0.0609375 0.1171875
0 0.1796875 0.759375 0.0609375 0.1265625
0 0.03828125 0.33984375 0.053125 0.1171875
0 0.1234375 0.86953125 0.0640625 0.125
0 0.05 0.72734375 0.0640625 0.125
0 0.184375 0.8859375 0.065625 0.1203125
0 0.51875 0.9453125 0.059375 0.109375
1 0.86171875 0.98125 0.0609375 0.0375
0 0.16953125 0.48671875 0.0609375 0.1296875
1 0.81640625 0.07734375 0.0453125 0.0484375
0 0.878125 0.64140625 0.071875 0.1328125
1 0.21640625 0.1421875 0.0609375 0.115625
1 0.65078125 0.04453125 0.046875 0.053125
0 0.02109375 0.71640625 0.0421875 0.1265625
0 0.03515625 0.46328125 0.0625 0.1296875
0 0.23515625 0.5046875 0.059375 0.125
0 0.140625 0.484375 0.059375 0.125
1 0.58671875 0.953125 0.0640625 0.09375
0 0.2484375 0.14765625 0.0578125 0.1140625
0 0.14921875 0.7515625 0.0640625 0.1296875
0 0.68125 0.05078125 0.046875 0.053125
0 0.41484375 0.009375 0.0453125 0.01875
1 0.55 0.025 0.04375 0.05
1 0.715625 0.05859375 0.046875 0.0515625
0 0.10546875 0.74375 0.0625 0.125
0 0.690625 0.9671875 0.059375 0.065625
0 0.7484375 0.8828125 0.059375 0.1234375
0 0.82109375 0.9765625 0.0609375 0.046875
1 0.75 0.0640625 0.0453125 0.05
0 0.4484375 0.0140625 0.046875 0.028125
0 0.48515625 0.94609375 0.0578125 0.1078125
0 0.4578125 0.94375 0.0625 0.1125
1 0.5125 0.83515625 0.0609375 0.1328125
0 0.146875 0.128125 0.05625 0.11875
0 0.32578125 0.91171875 0.0625 0.121875
0 0.3578125 0.91796875 0.0625 0.121875
1 0.615625 0.03828125 0.046875 0.0546875
1 0.390625 0.41875 0.0609375 0.11875
1 0.134375 0.365625 0.0578125 0.1109375
0 0.7640625 0.4953125 0.0640625 0.1171875
0 0.55703125 0.95 0.0609375 0.1
0 0.165625 0.36875 0.0546875 0.1125
1 0.0828125 0.73984375 0.05625 0.121875
0 0.85234375 0.903125 0.05625 0.121875
0 0.00703125 0.71328125 0.0140625 0.1234375
0 0.01640625 0.45546875 0.0328125 0.1234375
1 0.965625 0.65859375 0.046875 0.1203125
0 0.91171875 0.9109375 0.05 0.128125
0 0.79453125 0.5015625 0.065625 0.11875
1 0.3859375 0.92421875 0.065625 0.121875
0 0.825 0.509375 0.059375 0.1171875
1 0.58359375 0.03046875 0.046875 0.053125
0 0.08828125 0.1125 0.0546875 0.1203125
1 0.11953125 0.1234375 0.0578125 0.11875
0 0.88671875 0.9828125 0.0484375 0.034375
0 0.15078125 0.36953125 0.0671875 0.11875
0 0.984375 0.54296875 0.03125 0.1171875
1 0.90625 0.6453125 0.0609375 0.128125
0 0.7828125 0.0703125 0.046875 0.05
1 0.44453125 0.82109375 0.053125 0.1234375
0 0.1171875 0.74921875 0.059375 0.125