1 0.54375 0.86015625 0.0734375 0.1671875
1 0.753125 0.88359375 0.075 0.1703125
1 0.5859375 0.21640625 0.0703125 0.159375
1 0.8390625 0.89296875 0.0734375 0.165625
0 0.77421875 0.7328125 0.0734375 0.1546875
0 0.50546875 0.85 0.071875 0.1734375
1 0.465625 0.85234375 0.0765625 0.175
1 0.56484375 0.37421875 0.0671875 0.1625
0 0.71328125 0.88046875 0.0765625 0.171875
0 0.70625 0.23671875 0.0703125 0.1578125
0 0.80234375 0.88203125 0.0734375 0.165625
0 0.1609375 0.8140625 0.075 0.165625
1 0.85859375 0.73828125 0.071875 0.15625
0 0.690625 0.38671875 0.06875 0.1625
1 0.81953125 0.73671875 0.0703125 0.153125
1 0.86171875 0.40703125 0.0703125 0.1625
0 0.52421875 0.7015625 0.0703125 0.15625
1 0.65 0.38125 0.0671875 0.159375
0 0.2203125 0.3203125 0.0703125 0.1671875
1 0.79296875 0.24609375 0.065625 0.1546875
1 0.74609375 0.2453125 0.0671875 0.153125
0 0.134375 0.65546875 0.0734375 0.1640625
0 0.7296875 0.39140625 0.06875 0.165625
0 0.62890625 0.22109375 0.078125 0.1609375
1 0.48515625 0.6953125 0.0703125 0.159375
0 0.734375 0.725 0.071875 0.153125
1 0.0890625 0.6390625 0.0875 0.1765625
1 0.68828125 0.72109375 0.06875 0.15625
1 0.11484375 0.80703125 0.071875 0.1625
0 0.77578125 0.396875 0.0671875 0.1640625
0 0.1703125 0.31796875 0.0703125 0.16875
1 0.8984375 0.4125 0.0671875 0.1625
1 0.81171875 0.40390625 0.06875 0.1640625
0 0.54296875 0.2140625 0.0703125 0.1625
1 0.83125 0.253125 0.065625 0.153125
1 0.91796875 0.2625 0.0671875 0.1515625
1 0.8796875 0.25703125 0.0671875 0.153125
1 0.65 0.7140625 0.065625 0.1546875
0 0.27421875 0.1765625 0.0640625 0.159375
1 0.92578125 0.903125 0.0734375 0.1625
0 0.525 0.365625 0.06875 0.165625
1 0.06328125 0.30625 0.0828125 0.171875
0 0.3078125 0.33515625 0.0765625 0.165625
0 0.25859375 0.3296875 0.06875 0.1671875
1 0.87734375 0.896875 0.0734375 0.1625
1 0.9453125 0.74921875 0.0703125 0.159375
1 0.603125 0.37109375 0.065625 0.1578125
1 0.95703125 0.26640625 0.0671875 0.1546875
1 0.975 0.42578125 0.05 0.1671875
0 0.2375 0.17109375 0.0609375 0.15625
1 0.12734375 0.31328125 0.0828125 0.171875
1 0.9390625 0.41875 0.0703125 0.165625
0 0.56640625 0.7078125 0.071875 0.1578125
1 0.18359375 0.65703125 0.0796875 0.1625
0 0.415625 0.84375 0.0796875 0.178125
0 0.48046875 0.36484375 0.0625 0.1671875
0 0.615625 0.7140625 0.0734375 0.159375
1 0.89609375 0.746875 0.071875 0.1578125
1 0.20078125 0.8140625 0.0671875 0.1640625
0 0.5 0.209375 0.0609375 0.1578125
1 0.98515625 0.2765625 0.0296875 0.15625
0 0.19296875 0.16484375 0.0609375 0.1578125
1 0.084375 0.14765625 0.0828125 0.1671875
0 0.32265625 0.18203125 0.0640625 0.1578125
0 0.66875 0.88046875 0.0734375 0.1765625
1 0.02265625 0.790625 0.0453125 0.16875
0 0.246875 0.8234375 0.075 0.165625
0 0.21796875 0.66171875 0.06875 0.159375
0 0.265625 0.67109375 0.0765625 0.1609375
1 0.43515625 0.68828125 0.0703125 0.159375
0 0.06875 0.80390625 0.0875 0.16875
1 0.5859375 0.86328125 0.06875 0.1625
1 0.146875 0.15859375 0.078125 0.1609375
1 0.6703125 0.228125 0.0609375 0.1546875
1 0.63046875 0.86953125 0.075 0.16875
0 0.03515625 0.625 0.0703125 0.190625