0 0.36171875 0.2 0.046875 0.115625
1 0.803125 0.2171875 0.0453125 0.115625
1 0.7515625 0.571875 0.046875 0.121875
0 0.34921875 0.434375 0.0484375 0.1125
0 0.4421875 0.5546875 0.046875 0.125
1 0.31640625 0.43515625 0.0453125 0.1109375
1 0.58046875 0.5625 0.0453125 0.121875
0 0.428125 0.8140625 0.04375 0.121875
1 0.51640625 0.446875 0.0453125 0.109375
0 0.78515625 0.57109375 0.046875 0.125
0 0.20859375 0.54296875 0.046875 0.1234375
0 0.55390625 0.446875 0.0453125 0.10625
1 0.65 0.56953125 0.046875 0.11875
0 0.03125 0.91640625 0.0625 0.1203125
0 0.73828125 0.21484375 0.046875 0.1109375
0 0.4484375 0.43671875 0.0453125 0.1125
1 0.63359375 0.2109375 0.0453125 0.1109375
1 0.475 0.559375 0.0484375 0.1234375
0 0.596875 0.8234375 0.0453125 0.128125
1 0.5 0.2046875 0.0453125 0.109375
0 0.3265625 0.8109375 0.04375 0.1234375
1 0.77109375 0.8375 0.0453125 0.1234375
0 0.85625 0.58125 0.05 0.125
1 0.48125 0.4453125 0.046875 0.1109375
1 0.7046875 0.2140625 0.0453125 0.1109375
0 0.89453125 0.58046875 0.0546875 0.128125
0 0.41015625 0.55546875 0.0484375 0.1265625
0 0.215625 0.92578125 0.046875 0.11875
1 0.81640625 0.57734375 0.0453125 0.1234375
0 0.65625 0.453125 0.0453125 0.109375
1 0.3296875 0.1984375 0.046875 0.1125
1 0.28203125 0.4296875 0.04375 0.109375
0 0.68359375 0.5703125 0.0484375 0.125
0 0.92421875 0.46484375 0.046875 0.1109375
0 0.603125 0.2109375 0.04375 0.1109375
0 0.29609375 0.2 0.046875 0.1171875
0 0.246875 0.428125 0.0421875 0.10625
1 0.61640625 0.45234375 0.0453125 0.1125
0 0.7 0.82890625 0.0453125 0.1265625
1 0.8921875 0.4640625 0.0453125 0.1109375
1 0.66640625 0.83125 0.04375 0.1296875
0 0.4640625 0.20390625 0.04375 0.1109375
1 0.9609375 0.46640625 0.04375 0.115625
0 0.6109375 0.56640625 0.0453125 0.1234375
1 0.94140625 0.84375 0.040625 0.125
1 0.9765625 0.2265625 0.0453125 0.1109375
1 0.846875 0.0390625 0.0375 0.0453125
1 0.8984375 0.95 0.046875 0.1
0 0.546875 0.5609375 0.046875 0.125
0 0.696875 0.9453125 0.046875 0.109375
0 0.30859375 0.5515625 0.0484375 0.128125
1 0.8375 0.21953125 0.0421875 0.1125
0 0.68828125 0.45625 0.04375 0.1078125
1 0.671875 0.2125 0.0453125 0.1109375
1 0.93984375 0.2234375 0.04375 0.1125
0 0.39765625 0.20234375 0.0453125 0.1125
0 0.73828125 0.83125 0.04375 0.125
0 0.71796875 0.57265625 0.0453125 0.1265625
0 0.18515625 0.92421875 0.0484375 0.1203125
1 0.215625 0.42890625 0.0421875 0.10625
1 0.56875 0.20625 0.0453125 0.115625
1 0.86015625 0.46171875 0.0453125 0.1109375
0 0.41875 0.43359375 0.0453125 0.115625
1 0.72265625 0.45703125 0.0453125 0.1109375
0 0.35703125 0.809375 0.0484375 0.128125
0 0.18125 0.42734375 0.0484375 0.109375
0 0.63515625 0.82578125 0.0453125 0.1265625
0 0.340625 0.5515625 0.046875 0.1265625
1 0.840625 0.840625 0.04375 0.1234375
1 0.94921875 0.0421875 0.0375 0.040625
1 0.4328125 0.2 0.0453125 0.1171875
0 0.86640625 0.9484375 0.0421875 0.103125
1 0.075 0.0125 0.0375 0.025
0 0.14765625 0.421875 0.0421875 0.1140625
0 0.271875 0.01640625 0.040625 0.0328125
0 0.228125 0.1953125 0.05 0.128125
0 0.37109375 0.553125 0.046875 0.1265625
0 0.39296875 0.81171875 0.04375 0.1265625
0 0.734375 0.94609375 0.05 0.1078125
0 0.26015625 0.196875 0.0484375 0.1203125
0 0.13828125 0.91953125 0.05625 0.1203125
1 0.175 0.015625 0.0375 0.03125
0 0.88046875 0.221875 0.0515625 0.115625
1 0.4390625 0.02109375 0.0375 0.0421875
0 0.8296875 0.95 0.046875 0.1
0 0.77265625 0.21875 0.040625 0.1109375
1 0.30625 0.01796875 0.0375 0.0359375
1 0.79921875 0.94921875 0.0421875 0.1015625
0 0.27421875 0.55078125 0.0484375 0.1265625
1 0.53515625 0.20703125 0.04375 0.1109375
1 0.6578125 0.94375 0.046875 0.1125
0 0.51171875 0.55703125 0.04375 0.128125
0 0.17265625 0.53828125 0.040625 0.125
1 0.9578125 0.58203125 0.0484375 0.125
0 0.08203125 0.9203125 0.05 0.115625
0 0.0453125 0.4171875 0.04375 0.1171875
1 0.40625 0.01953125 0.0375 0.0390625
0 0.2484375 0.93046875 0.05 0.115625
0 0.3515625 0.9359375 0.0515625 0.115625
0 0.7828125 0.03515625 0.0390625 0.0421875
0 0.9 0.03984375 0.0640625 0.0421875
0 0.45703125 0.82265625 0.0421875 0.1203125
0 0.10703125 0.540625 0.0421875 0.1265625
0 0.2609375 0.809375 0.046875 0.1203125
0 0.0796875 0.415625 0.0421875 0.1171875
0 0.91015625 0.84140625 0.0375 0.1203125
0 0.75859375 0.4546875 0.046875 0.1140625
0 0.01875 0.41328125 0.0359375 0.115625
0 0.0921875 0.79453125 0.04375 0.1171875
1 0.47421875 0.02265625 0.0390625 0.0453125
0 0.06953125 0.53828125 0.0453125 0.125
0 0.5890625 0.9421875 0.04375 0.115625
0 0.79140625 0.45625 0.05 0.1140625
0 0.93984375 0.95 0.0421875 0.1
0 0.23984375 0.5453125 0.0421875 0.1234375
0 0.03515625 0.53671875 0.04375 0.1265625
0 0.31953125 0.92890625 0.046875 0.11875
1 0.74765625 0.034375 0.0390625 0.0453125
1 0.57734375 0.02578125 0.040625 0.046875
0 0.334375 0.0171875 0.040625 0.034375
0 0.5875 0.45 0.0453125 0.1109375
0 0.28984375 0.81484375 0.04375 0.115625
0 0.05546875 0.7921875 0.040625 0.11875
0 0.76640625 0.95 0.0421875 0.1
0 0.19296875 0.803125 0.0453125 0.125
0 0.13828125 0.54296875 0.040625 0.1265625
1 0.64375 0.0296875 0.0390625 0.046875
0 0.371875 0.01953125 0.040625 0.0390625
0 0.22421875 0.80625 0.040625 0.121875
0 0.8765625 0.8421875 0.04375 0.11875
1 0.11484375 0.4203125 0.040625 0.115625
0 0.284375 0.928125 0.046875 0.11875
1 0.8125 0.03671875 0.0375 0.04375
0 0.80390625 0.83671875 0.04375 0.125
0 0.628125 0.94375 0.04375 0.1125
1 0.37890625 0.4375 0.04375 0.115625
0 0.3921875 0.93359375 0.04375 0.1203125
1 0.125 0.8015625 0.0359375 0.1171875
1 0.6796875 0.03125 0.0390625 0.046875
1 0.98125 0.04375 0.0375 0.040625
0 0.14921875 0.80234375 0.040625 0.1203125
1 0.54140625 0.0265625 0.040625 0.0515625
0 0.55625 0.94453125 0.040625 0.1109375
0 0.609375 0.02734375 0.0390625 0.046875
0 0.528125 0.9453125 0.046875 0.109375
0 0.20390625 0.015625 0.0390625 0.03125
1 0.99375 0.228125 0.0125 0.109375
0 0.040625 0.0109375 0.034375 0.021875
0 0.13125 0.01171875 0.040625 0.0234375
0 0.00546875 0.9171875 0.0109375 0.115625
0 0.42421875 0.93515625 0.0453125 0.11875
0 0.821875 0.459375 0.04375 0.1125
1 0.71484375 0.0328125 0.0375 0.0453125
0 0.00546875 0.79453125 0.0109375 0.1296875
1 0.50859375 0.0234375 0.0390625 0.046875
0 0.12578125 0.19296875 0.0484375 0.1234375
0 0.0109375 0.53359375 0.021875 0.1234375
1 0.45390625 0.9375 0.0484375 0.11875
1 0.98359375 0.584375 0.03125 0.121875
0 0.10234375 0.0125 0.0328125 0.025
0 0.97109375 0.840625 0.0296875 0.1296875
0 0.02578125 0.790625 0.0375 0.121875
0 0.0921875 0.19296875 0.046875 0.1234375
0 0.98828125 0.46484375 0.0234375 0.1171875
1 0.56484375 0.828125 0.0421875 0.128125
0 0.03203125 0.18203125 0.0390625 0.11875
0 0.23984375 0.0171875 0.0421875 0.034375
0 0.93359375 0.58125 0.0484375 0.1265625
0 0.96484375 0.95078125 0.0265625 0.0984375
1 0.16171875 0.19765625 0.0484375 0.125
1 0.48828125 0.82578125 0.0328125 0.128125
1 0.90859375 0.225 0.0359375 0.115625
0 0.9109375 0.5859375 0.053125 0.128125
1 0.1953125 0.196875 0.046875 0.125
1 0.06484375 0.1859375 0.0453125 0.1203125
1 0.10546875 0.921875 0.0421875 0.1171875
0 0.16171875 0.80625 0.0390625 0.1203125