0 0.39921875 0.18515625 0.059375 0.11875
1 0.8359375 0.25625 0.059375 0.1171875
0 0.5578125 0.45390625 0.0609375 0.1140625
1 0.70546875 0.59765625 0.0609375 0.128125
1 0.58984375 0.4609375 0.05625 0.1109375
0 0.76953125 0.24765625 0.059375 0.115625
1 0.8078125 0.96875 0.059375 0.0625
0 0.66015625 0.4734375 0.0625 0.115625
1 0.52265625 0.44921875 0.0578125 0.1140625
0 0.671875 0.5953125 0.0609375 0.1296875
1 0.571875 0.5734375 0.0609375 0.1296875
1 0.728125 0.8671875 0.059375 0.128125
1 0.94453125 0.6375 0.0609375 0.128125
1 0.73359375 0.2421875 0.059375 0.115625
0 0.45625 0.43125 0.059375 0.1171875
0 0.43515625 0.54765625 0.059375 0.128125
0 0.74140625 0.60234375 0.0609375 0.1265625
1 0.63984375 0.5875 0.0609375 0.1265625
0 0.84375 0.6234375 0.0640625 0.1296875
0 0.55625 0.834375 0.059375 0.1296875
1 0.90078125 0.084375 0.0421875 0.0484375
0 0.63671875 0.22734375 0.059375 0.1171875
1 0.965625 0.52109375 0.0578125 0.11875
1 0.5359375 0.20859375 0.059375 0.115625
0 0.89765625 0.51328125 0.0625 0.11875
0 0.428125 0.42265625 0.059375 0.121875
1 0.8125 0.61328125 0.0609375 0.125
1 0.4875 0.44296875 0.059375 0.1140625
0 0.77578125 0.96640625 0.0578125 0.0671875
1 0.60390625 0.21875 0.059375 0.1171875
0 0.69375 0.47734375 0.059375 0.115625
0 0.88515625 0.6265625 0.075 0.1328125
0 0.7734375 0.61015625 0.059375 0.125
1 0.62421875 0.46796875 0.0578125 0.1140625
0 0.65859375 0.84921875 0.0609375 0.13125
1 0.85859375 0.5078125 0.0609375 0.11875
1 0.9703125 0.2796875 0.05625 0.115625
0 0.9109375 0.27109375 0.065625 0.1203125
0 0.2046875 0.50703125 0.059375 0.128125
0 0.503125 0.02109375 0.046875 0.0421875
1 0.36796875 0.1796875 0.0609375 0.11875
1 0.2546875 0.7828125 0.05625 0.1234375
0 0.49921875 0.20234375 0.0578125 0.115625
1 0.896875 0.896875 0.05625 0.1296875
0 0.83671875 0.0734375 0.04375 0.046875
1 0.46796875 0.55625 0.0609375 0.128125
0 0.40390625 0.5453125 0.0609375 0.1296875
1 0.98828125 0.28671875 0.0234375 0.1140625
1 0.8703125 0.2640625 0.05625 0.1171875
0 0.59609375 0.8390625 0.059375 0.1296875
0 0.0578125 0.36171875 0.0578125 0.1203125
1 0.79609375 0.8796875 0.0578125 0.1265625
1 0.990625 0.1 0.01875 0.04375
0 0.696875 0.86015625 0.059375 0.1296875
0 0.43515625 0.19296875 0.0578125 0.1171875
0 0.9265625 0.5140625 0.0578125 0.1171875
1 0.62578125 0.8484375 0.0578125 0.13125
0 0.5671875 0.21328125 0.059375 0.1140625
1 0.46953125 0.19375 0.059375 0.1203125
0 0.359375 0.41328125 0.0625 0.1234375
0 0.63984375 0.9546875 0.0609375 0.090625
0 0.29765625 0.1671875 0.059375 0.1203125
0 0.6015625 0.57890625 0.059375 0.1296875
0 0.19375 0.3890625 0.059375 0.1125
0 0.5390625 0.5671875 0.0609375 0.1296875
0 0.390625 0.80078125 0.0578125 0.1265625
1 0.86640625 0.078125 0.0421875 0.046875
1 0.66796875 0.2328125 0.0578125 0.1171875
1 0.7265625 0.484375 0.059375 0.1140625
0 0.70078125 0.2390625 0.0625 0.11875
0 0.80390625 0.25703125 0.05625 0.115625
0 0.953125 0.0921875 0.0671875 0.0484375
1 0.2265625 0.39453125 0.0546875 0.1109375
0 0.1171875 0.75625 0.0609375 0.125
0 0.36484375 0.53828125 0.059375 0.1296875
0 0.165625 0.8890625 0.05625 0.11875
0 0.25703125 0.396875 0.0546875 0.1125
0 0.071875 0.74609375 0.0671875 0.1265625
0 0.67734375 0.9578125 0.0640625 0.084375
0 0.30390625 0.52890625 0.0640625 0.1359375
0 0.1703125 0.49921875 0.0546875 0.1265625
0 0.31953125 0.7890625 0.059375 0.13125
0 0.2671875 0.1625 0.0609375 0.121875
0 0.83828125 0.97109375 0.0578125 0.0578125
1 0.80234375 0.06796875 0.04375 0.0484375
0 0.153125 0.38203125 0.0609375 0.1203125
0 0.1359375 0.8828125 0.05625 0.1203125
1 0.29140625 0.78671875 0.05625 0.128125
0 0.08671875 0.8765625 0.0671875 0.121875
0 0.334375 0.1765625 0.059375 0.11875
0 0.32265625 0.4046875 0.0625 0.1234375
0 0.16796875 0.1453125 0.0578125 0.1171875
0 0.221875 0.77578125 0.0578125 0.125
0 0.503125 0.5625 0.0609375 0.13125
0 0.3359375 0.5328125 0.059375 0.1328125
1 0.8796875 0.975 0.05625 0.05
0 0.3 0.91015625 0.0625 0.121875
0 0.83203125 0.88515625 0.0578125 0.121875
1 0.46640625 0.0171875 0.0421875 0.034375
0 0.26796875 0.9046875 0.0609375 0.1203125
0 0.15703125 0.765625 0.0578125 0.125
0 0.04296875 0.86875 0.065625 0.121875
1 0.36640625 0.009375 0.0421875 0.01875
0 0.2640625 0.5203125 0.0609375 0.1328125
0 0.0109375 0.85703125 0.021875 0.1265625
0 0.103125 0.49296875 0.05625 0.128125
0 0.196875 0.896875 0.059375 0.1171875
0 0.06875 0.4859375 0.05625 0.1234375
0 0.709375 0.9640625 0.05625 0.071875
0 0.41953125 0.8125 0.053125 0.1234375
0 0.53515625 0.9453125 0.0578125 0.109375
1 0.2046875 0.15234375 0.0578125 0.115625
1 0.7703125 0.06171875 0.0421875 0.0484375
0 0.2359375 0.15703125 0.053125 0.1140625
1 0.7421875 0.965625 0.05625 0.06875
0 0.03203125 0.35390625 0.046875 0.1171875
0 0.18828125 0.7703125 0.0546875 0.1265625
0 0.025 0.73203125 0.05 0.1265625
1 0.7 0.05078125 0.0453125 0.0515625
0 0.340625 0.9171875 0.05625 0.121875
1 0.60234375 0.9515625 0.0609375 0.096875
1 0.63515625 0.03984375 0.0453125 0.0515625
1 0.534375 0.0234375 0.04375 0.046875
1 0.73515625 0.05703125 0.0453125 0.05
0 0.665625 0.04453125 0.0453125 0.0515625
0 0.034375 0.4796875 0.0578125 0.1296875
1 0.3875 0.42109375 0.0578125 0.1234375
0 0.23203125 0.9 0.05625 0.11875
0 0.39765625 0.0109375 0.0453125 0.021875
0 0.3578125 0.7953125 0.0546875 0.1296875
0 0.43125 0.0140625 0.04375 0.028125
1 0.0921875 0.36796875 0.05 0.1125
0 0.23515625 0.5140625 0.053125 0.1265625
0 0.50234375 0.9453125 0.0546875 0.109375
0 0.1359375 0.49765625 0.0546875 0.128125
1 0.5671875 0.02734375 0.0453125 0.0515625
0 0.76171875 0.8703125 0.0578125 0.1265625
0 0.7640625 0.48671875 0.0609375 0.11875
0 0.4734375 0.94453125 0.059375 0.1109375
1 0.59921875 0.034375 0.0453125 0.053125
0 0.134375 0.14140625 0.0546875 0.1203125
1 0.290625 0.40078125 0.053125 0.11875
0 0.12109375 0.37421875 0.0515625 0.115625
0 0.37265625 0.92265625 0.0578125 0.121875
0 0.5734375 0.94921875 0.05625 0.1015625
0 0.86171875 0.89296875 0.0546875 0.125
0 0.79453125 0.4921875 0.0625 0.11875
1 0.52421875 0.83359375 0.05625 0.13125
1 0.40078125 0.928125 0.0609375 0.121875
0 0.92578125 0.89609375 0.0453125 0.1296875
0 0.82421875 0.4984375 0.0578125 0.1171875
0 0.0140625 0.47265625 0.028125 0.1234375
1 0.9703125 0.6421875 0.04375 0.121875
0 0.009375 0.73203125 0.01875 0.1171875
0 0.9046875 0.9765625 0.04375 0.046875
1 0.10625 0.1375 0.0546875 0.11875
0 0.9859375 0.5265625 0.028125 0.115625
0 0.075 0.1265625 0.0515625 0.1171875
1 0.91171875 0.63203125 0.05625 0.128125
1 0.45546875 0.821875 0.05 0.125
1 0.9390625 0.27734375 0.05 0.1171875