1 0.88203125 0.85 0.05546875 0.15625
1 0.79765625 0.846875 0.05546875 0.1609375
1 0.71015625 0.69765625 0.053125 0.14921875
1 0.62734375 0.3671875 0.05546875 0.15390625
0 0.84453125 0.8453125 0.053125 0.15546875
1 0.84375 0.69765625 0.0515625 0.1515625
0 0.54609375 0.69609375 0.053125 0.15
1 0.54609375 0.36640625 0.05 0.15625
0 0.796875 0.69765625 0.053125 0.14765625
1 0.54765625 0.2125 0.05234375 0.15390625
1 0.5859375 0.85625 0.05234375 0.1609375
1 0.8421875 0.36640625 0.05234375 0.15703125
1 0.709375 0.21796875 0.05078125 0.1484375
0 0.15390625 0.6984375 0.0515625 0.159375
0 0.6671875 0.21875 0.05703125 0.15078125
1 0.8828125 0.6953125 0.0515625 0.15234375
0 0.75703125 0.696875 0.05625 0.14921875
1 0.75625 0.215625 0.05 0.14765625
1 0.5046875 0.8578125 0.0546875 0.1703125
0 0.6734375 0.36796875 0.05 0.1578125
0 0.2015625 0.85859375 0.05390625 0.1625
0 0.5875 0.69765625 0.0546875 0.15
1 0.8828125 0.36953125 0.05078125 0.15859375
0 0.5453125 0.85703125 0.05078125 0.16953125
0 0.71015625 0.3671875 0.05078125 0.1609375
1 0.84296875 0.2171875 0.05078125 0.14609375
0 0.75859375 0.85703125 0.05703125 0.16640625
1 0.796875 0.3671875 0.05078125 0.159375
0 0.7578125 0.3671875 0.05234375 0.1625
0 0.5 0.70078125 0.05234375 0.1515625
1 0.2390625 0.85859375 0.0484375 0.1625
0 0.2 0.36640625 0.05234375 0.1625
0 0.5921875 0.21328125 0.0625 0.1546875
0 0.28515625 0.36484375 0.0609375 0.1578125
0 0.50625 0.21640625 0.05078125 0.15390625
0 0.1484375 0.3671875 0.05234375 0.165625
0 0.4625 0.36875 0.046875 0.16484375
0 0.50546875 0.36953125 0.05625 0.1609375
1 0.88203125 0.2171875 0.05 0.14609375
0 0.23828125 0.3671875 0.0515625 0.1609375
0 0.63828125 0.6984375 0.0546875 0.15
1 0.9203125 0.85078125 0.05546875 0.15546875
0 0.1515625 0.2125 0.04453125 0.15390625
1 0.79453125 0.2171875 0.04921875 0.14765625
1 0.96953125 0.85 0.05390625 0.15703125
0 0.4625 0.21640625 0.04453125 0.15234375
1 0.584375 0.3671875 0.05234375 0.1515625
0 0.28359375 0.2125 0.05 0.153125
1 0.96796875 0.6953125 0.04921875 0.1546875
0 0.19765625 0.20625 0.04296875 0.15078125
0 0.23359375 0.21015625 0.046875 0.15390625
1 0.1078125 0.69375 0.0671875 0.16953125
1 0.15390625 0.85703125 0.05078125 0.159375
1 0.04140625 0.36796875 0.0640625 0.1671875
1 0.92265625 0.69921875 0.05234375 0.1546875
1 0.921875 0.3671875 0.05078125 0.16015625
1 0.10546875 0.3671875 0.06328125 0.16796875
1 0.9703125 0.3703125 0.0484375 0.1640625
1 0.96796875 0.2125 0.04765625 0.15078125
1 0.6734375 0.70546875 0.04765625 0.14765625
0 0.284375 0.859375 0.05390625 0.1671875
1 0.92265625 0.2140625 0.05 0.14921875
0 0.28203125 0.69765625 0.053125 0.15390625
0 0.45625 0.85546875 0.05390625 0.16953125
1 0.040625 0.86171875 0.065625 0.165625
0 0.7078125 0.8609375 0.05625 0.16875
1 0.2046875 0.69921875 0.0625 0.15703125
0 0.234375 0.6984375 0.0484375 0.15546875
1 0.66875 0.86484375 0.04609375 0.17109375
0 0.10625 0.85390625 0.06640625 0.16171875
1 0.45546875 0.7 0.053125 0.15
1 0.625 0.85078125 0.05078125 0.15703125
1 0.04140625 0.69296875 0.065625 0.17734375
1 0.04375 0.20390625 0.059375 0.16484375
1 0.63125 0.21953125 0.04140625 0.15390625
1 0.10625 0.20546875 0.0625 0.15703125