1 0.84296875 0.88671875 0.071875 0.1625
1 0.759375 0.8734375 0.071875 0.1671875
1 0.54765625 0.86171875 0.0703125 0.165625
0 0.16484375 0.8234375 0.0703125 0.1671875
1 0.68828125 0.71796875 0.0703125 0.1546875
0 0.80703125 0.87734375 0.0703125 0.1625
0 0.775 0.72578125 0.0703125 0.153125
1 0.640625 0.37890625 0.06875 0.159375
1 0.73828125 0.2390625 0.0640625 0.153125
1 0.57734375 0.215625 0.06875 0.159375
1 0.85546875 0.40234375 0.065625 0.159375
1 0.82109375 0.73125 0.06875 0.15625
0 0.71953125 0.8734375 0.0734375 0.1671875
0 0.56640625 0.70234375 0.0703125 0.15625
0 0.734375 0.72578125 0.0734375 0.15625
1 0.5578125 0.37421875 0.0671875 0.1625
0 0.5078125 0.853125 0.071875 0.175
1 0.78515625 0.23984375 0.0625 0.153125
0 0.6859375 0.384375 0.065625 0.1625
0 0.13359375 0.66015625 0.06875 0.1625
1 0.46640625 0.85546875 0.071875 0.1734375
0 0.69765625 0.23359375 0.06875 0.15625
1 0.87109375 0.25390625 0.0640625 0.153125
1 0.86015625 0.7328125 0.0671875 0.1546875
1 0.89453125 0.40859375 0.065625 0.1609375
1 0.20234375 0.82734375 0.0640625 0.165625
0 0.52421875 0.69765625 0.06875 0.159375
1 0.91015625 0.25703125 0.0640625 0.153125
1 0.08671875 0.65390625 0.084375 0.171875
0 0.3 0.33984375 0.0765625 0.1609375
0 0.721875 0.3890625 0.0671875 0.1640625
0 0.51796875 0.36875 0.071875 0.16875
0 0.1625 0.32734375 0.06875 0.16875
1 0.81015625 0.3984375 0.065625 0.1625
0 0.534375 0.215625 0.0671875 0.159375
0 0.7703125 0.396875 0.0703125 0.1671875
1 0.82265625 0.24765625 0.0625 0.153125
0 0.25234375 0.3359375 0.06875 0.165625
0 0.1828125 0.1734375 0.0609375 0.159375
0 0.4921875 0.2109375 0.0609375 0.1578125
0 0.21328125 0.32890625 0.0671875 0.16875
0 0.62109375 0.2203125 0.078125 0.165625
1 0.1203125 0.3234375 0.0828125 0.1734375
1 0.021875 0.809375 0.04375 0.171875
0 0.61640625 0.71484375 0.071875 0.15625
0 0.2265625 0.17734375 0.0578125 0.1546875
1 0.59765625 0.375 0.0671875 0.15625
0 0.47578125 0.365625 0.065625 0.1734375
1 0.13671875 0.1671875 0.078125 0.165625
0 0.2640625 0.18046875 0.065625 0.1578125
1 0.93046875 0.89609375 0.06875 0.1625
0 0.3140625 0.1875 0.065625 0.15625
1 0.94921875 0.2578125 0.065625 0.1546875
1 0.93359375 0.41015625 0.065625 0.1625
1 0.88125 0.89140625 0.071875 0.1609375
1 0.97421875 0.41953125 0.0515625 0.1671875
1 0.9453125 0.74453125 0.065625 0.15625
0 0.4203125 0.8484375 0.0734375 0.175
1 0.98203125 0.26171875 0.0359375 0.1546875
1 0.653125 0.71953125 0.0640625 0.153125
1 0.9 0.740625 0.06875 0.1578125
0 0.67109375 0.878125 0.0734375 0.1734375
0 0.2609375 0.671875 0.065625 0.15625
0 0.47890625 0.6921875 0.0671875 0.1640625
1 0.05859375 0.31640625 0.0796875 0.1703125
1 0.18359375 0.6640625 0.071875 0.1609375
1 0.11640625 0.8140625 0.06875 0.165625
1 0.07421875 0.15703125 0.078125 0.1703125
0 0.21171875 0.66875 0.0703125 0.1609375
1 0.590625 0.8625 0.0671875 0.1578125
0 0.62890625 0.87734375 0.071875 0.1734375
0 0.246875 0.8265625 0.0734375 0.1671875
1 0.03203125 0.64296875 0.0640625 0.1796875
1 0.06875 0.8140625 0.0828125 0.165625
0 0.65078125 0.878125 0.0734375 0.1765625