0 0.32109375 0.221875 0.0484375 0.115625
0 0.45078125 0.5625 0.05 0.125
1 0.7609375 0.17734375 0.0484375 0.1140625
0 0.69609375 0.1859375 0.05 0.1125
0 0.340625 0.45625 0.0515625 0.1140625
0 0.5453125 0.43984375 0.0484375 0.1078125
1 0.84765625 0.4140625 0.0484375 0.1125
1 0.309375 0.4609375 0.046875 0.1109375
1 0.50859375 0.4453125 0.0484375 0.1109375
1 0.58828125 0.55078125 0.05 0.121875
0 0.640625 0.80703125 0.05 0.1296875
1 0.45703125 0.20859375 0.0484375 0.1125
0 0.47265625 0.8203125 0.046875 0.1234375
0 0.440625 0.44453125 0.0484375 0.1140625
1 0.6578125 0.54921875 0.0515625 0.1203125
1 0.88359375 0.409375 0.046875 0.109375
0 0.7921875 0.53125 0.05 0.125
1 0.659375 0.19140625 0.05 0.1140625
1 0.815625 0.79609375 0.0484375 0.125
1 0.48359375 0.5625 0.0515625 0.125
0 0.6484375 0.43203125 0.0484375 0.109375
0 0.2171875 0.58359375 0.0484375 0.125
0 0.41875 0.565625 0.0515625 0.125
1 0.4734375 0.4484375 0.0484375 0.1109375
0 0.8640625 0.53125 0.053125 0.1265625
0 0.90234375 0.52421875 0.0578125 0.1296875
1 0.82421875 0.5328125 0.05 0.1234375
1 0.15703125 0.95390625 0.0640625 0.0921875
1 0.75859375 0.5359375 0.0515625 0.1234375
0 0.41015625 0.4453125 0.05 0.1171875
1 0.77890625 0.00859375 0.0390625 0.0171875
1 0.71484375 0.428125 0.046875 0.1140625
1 0.7109375 0.8046875 0.0484375 0.1296875
0 0.69296875 0.546875 0.053125 0.128125
0 0.74296875 0.796875 0.05 0.128125
0 0.5546875 0.55390625 0.0515625 0.125
1 0.27421875 0.46015625 0.0453125 0.109375
1 0.98125 0.77890625 0.0375 0.1265625
1 0.609375 0.4359375 0.0484375 0.1125
0 0.62109375 0.5515625 0.0484375 0.125
1 0.9515625 0.4015625 0.0484375 0.1171875
0 0.7578125 0.91875 0.05 0.11875
1 0.20859375 0.46796875 0.0453125 0.1078125
0 0.4234375 0.2125 0.0484375 0.1140625
0 0.68046875 0.4296875 0.0484375 0.109375
0 0.2 0.9515625 0.0625 0.096875
0 0.23984375 0.46328125 0.0453125 0.1078125
1 0.2890625 0.22421875 0.05 0.1140625
1 0.52734375 0.20078125 0.0484375 0.115625
0 0.56171875 0.19921875 0.046875 0.1171875
0 0.78203125 0.79375 0.0484375 0.1265625
1 0.7953125 0.175 0.0453125 0.1125
0 0.31796875 0.578125 0.0515625 0.1296875
0 0.27734375 0.95 0.0484375 0.1
0 0.91484375 0.40546875 0.05 0.1125
0 0.6796875 0.803125 0.05 0.128125
0 0.17421875 0.47109375 0.05 0.1109375
0 0.09765625 0.9578125 0.0703125 0.084375
1 0.884375 0.79296875 0.0453125 0.1234375
0 0.353125 0.21796875 0.0484375 0.1125
0 0.8390625 0.17265625 0.0546875 0.115625
0 0.21796875 0.2296875 0.0484375 0.115625
0 0.7140625 0.0109375 0.040625 0.021875
0 0.35 0.57421875 0.05 0.128125
1 0.89765625 0.165625 0.046875 0.1125
0 0.7953125 0.91484375 0.0546875 0.1203125
1 0.37421875 0.0328125 0.0390625 0.0484375
1 0.93359375 0.1640625 0.046875 0.1109375
0 0.83125 0.00546875 0.065625 0.0109375
1 0.33671875 0.8359375 0.046875 0.1265625
0 0.6265625 0.19609375 0.0515625 0.1171875
0 0.89140625 0.909375 0.05 0.11875
1 0.3921875 0.21640625 0.05 0.1140625
0 0.25625 0.2296875 0.046875 0.1140625
0 0.4125 0.94375 0.053125 0.1125
0 0.73046875 0.1859375 0.0453125 0.1125
0 0.3796875 0.571875 0.0484375 0.1265625
1 0.40859375 0.03046875 0.0390625 0.05
1 0.23984375 0.04453125 0.0390625 0.05
1 0.34140625 0.034375 0.0375 0.0484375
1 0.965625 0.51796875 0.0515625 0.1265625
0 0.2078125 0.04609375 0.040625 0.0484375
1 0.01328125 0.06328125 0.0265625 0.0484375
1 0.11015625 0.05625 0.0375 0.05
1 0.8609375 0.9109375 0.046875 0.1171875
1 0.49375 0.20546875 0.046875 0.1125
0 0.08671875 0.24453125 0.05 0.115625
0 0.92734375 0.90234375 0.0484375 0.1203125
0 0.50234375 0.825 0.04375 0.1203125
0 0.303125 0.8390625 0.0484375 0.125
0 0.26953125 0.040625 0.0390625 0.046875
0 0.51875 0.5546875 0.046875 0.1296875
0 0.246875 0.95078125 0.05 0.0984375
0 0.071875 0.4765625 0.0453125 0.1125
0 0.65078125 0.9265625 0.046875 0.1203125
1 0.59296875 0.19765625 0.046875 0.1140625
0 0.01484375 0.4796875 0.0296875 0.115625
0 0.18125 0.58359375 0.0453125 0.1265625
0 0.03828125 0.48203125 0.046875 0.115625
0 0.278125 0.58046875 0.05 0.1296875
0 0.38046875 0.94453125 0.0515625 0.1109375
0 0.18671875 0.23359375 0.05 0.11875
0 0.13984375 0.471875 0.0453125 0.1125
0 0.3140625 0.95 0.05 0.1
0 0.5796875 0.43828125 0.05 0.1125
0 0.371875 0.83046875 0.0453125 0.128125
1 0.71953125 0.921875 0.05 0.11875
0 0.13671875 0.85 0.05 0.121875
1 0.74375 0.009375 0.0375 0.01875
1 0.5109375 0.02265625 0.040625 0.0453125
0 0.4375 0.82421875 0.0453125 0.1328125
0 0.26875 0.840625 0.0453125 0.125
0 0.115625 0.596875 0.046875 0.128125
0 0.959375 0.89921875 0.05 0.1203125
1 0.575 0.01796875 0.040625 0.0359375
0 0.078125 0.5984375 0.0484375 0.1265625
0 0.3046875 0.0375 0.040625 0.0484375
0 0.2484375 0.58203125 0.04375 0.125
0 0.10078125 0.85234375 0.0453125 0.11875
0 0.5421875 0.0203125 0.040625 0.040625
0 0.75 0.41953125 0.05 0.1140625
0 0.92109375 0.78671875 0.05 0.1203125
1 0.12421875 0.2421875 0.046875 0.1140625
1 0.678125 0.01328125 0.040625 0.0265625
0 0.23828125 0.84296875 0.0484375 0.125
0 0.8265625 0.91640625 0.046875 0.1171875
0 0.0453125 0.60078125 0.046875 0.128125
0 0.6171875 0.934375 0.0453125 0.1171875
0 0.14765625 0.59296875 0.04375 0.128125
1 0.6125 0.0171875 0.040625 0.034375
0 0.1390625 0.05234375 0.0375 0.0484375
0 0.84765625 0.790625 0.0484375 0.125
0 0.58984375 0.93828125 0.05 0.1140625
0 0.453125 0.9421875 0.046875 0.115625
1 0.64765625 0.01484375 0.0390625 0.0296875
0 0.72734375 0.5421875 0.05 0.128125
0 0.1953125 0.8484375 0.046875 0.121875
1 0.17109375 0.8515625 0.0421875 0.11875
1 0.475 0.025 0.040625 0.05
0 0.9546875 0.7828125 0.0421875 0.121875
1 0.40390625 0.8265625 0.05 0.1375
1 0.10859375 0.47734375 0.04375 0.109375
0 0.3453125 0.946875 0.05 0.10625
0 0.78203125 0.41640625 0.053125 0.115625
0 0.68984375 0.92421875 0.046875 0.11875
0 0.04375 0.86640625 0.0359375 0.121875
1 0.44296875 0.0265625 0.040625 0.05
1 0.37109375 0.45390625 0.0484375 0.1171875
0 0.484375 0.940625 0.046875 0.11875
1 0.959375 0.15859375 0.034375 0.1078125
0 0.15390625 0.2390625 0.0421875 0.1140625
0 0.06875 0.85859375 0.04375 0.1203125
0 0.98984375 0.89453125 0.0203125 0.1203125
0 0.06640625 0.05859375 0.0421875 0.0484375
0 0.05625 0.96015625 0.04375 0.0796875
0 0.01796875 0.6015625 0.0328125 0.1234375
1 0.98671875 0.515625 0.0265625 0.121875
0 0.0359375 0.06171875 0.0328125 0.0484375
1 0.5140625 0.93984375 0.0515625 0.11875
1 0.609375 0.81640625 0.046875 0.1296875
0 0.053125 0.25234375 0.04375 0.1203125
0 0.81328125 0.41484375 0.046875 0.1140625
0 0.98203125 0.3984375 0.03125 0.1140625
0 0.00703125 0.24921875 0.0140625 0.1171875
0 0.175 0.05078125 0.0421875 0.05
0 0.93984375 0.5203125 0.05 0.1265625
1 0.02578125 0.253125 0.046875 0.1203125
1 0.53984375 0.8234375 0.0390625 0.121875
0 0.9171875 0.528125 0.059375 0.1296875
1 0.86640625 0.171875 0.0375 0.115625