0 0.42734375 0.17734375 0.06875 0.1203125
0 0.36640625 0.4046875 0.06875 0.11875
1 0.73125 0.62265625 0.0703125 0.1265625
0 0.43203125 0.540625 0.0703125 0.128125
0 0.56328125 0.45859375 0.065625 0.1109375
1 0.33046875 0.39609375 0.0640625 0.1125
0 0.3640625 0.79296875 0.065625 0.1234375
0 0.7921875 0.27109375 0.065625 0.1140625
0 0.665625 0.609375 0.0671875 0.1234375
1 0.0296875 0.8234375 0.059375 0.128125
0 0.20546875 0.48203125 0.06875 0.128125
1 0.30078125 0.38828125 0.065625 0.1140625
1 0.52734375 0.45078125 0.065625 0.1140625
1 0.63125 0.59921875 0.0703125 0.1234375
0 0.4625 0.428125 0.0671875 0.11875
0 0.52734375 0.83671875 0.071875 0.1328125
1 0.2359375 0.88359375 0.0734375 0.125
1 0.23671875 0.37109375 0.0625 0.1109375
0 0.765625 0.6296875 0.06875 0.1234375
1 0.565625 0.578125 0.06875 0.1234375
1 0.49296875 0.4421875 0.0671875 0.115625
0 0.26640625 0.76796875 0.0671875 0.125
0 0.66015625 0.23984375 0.0640625 0.115625
1 0.46328125 0.55234375 0.06875 0.125
1 0.9359375 0.12109375 0.0453125 0.05
1 0.85703125 0.53828125 0.065625 0.115625
0 0.2671875 0.378125 0.0625 0.1109375
1 0.93046875 0.67578125 0.0703125 0.1265625
1 0.6953125 0.88515625 0.06875 0.128125
0 0.40078125 0.5359375 0.071875 0.13125
0 0.8328125 0.65234375 0.071875 0.128125
0 0.43515625 0.41796875 0.0671875 0.1203125
0 0.6625 0.48671875 0.0640625 0.1125
0 0.62734375 0.8625 0.0703125 0.13125
0 0.059375 0.83515625 0.0828125 0.128125
0 0.93125 0.30859375 0.0734375 0.121875
0 0.59609375 0.58984375 0.0671875 0.1265625
1 0.10546875 0.33828125 0.0640625 0.115625
1 0.496875 0.1921875 0.06875 0.1203125
1 0.79453125 0.64140625 0.06875 0.1265625
0 0.53359375 0.56875 0.0703125 0.1265625
1 0.39609375 0.16875 0.06875 0.11875
1 0.75546875 0.26328125 0.0640625 0.1140625
1 0.59453125 0.85859375 0.06875 0.13125
1 0.69609375 0.61484375 0.0703125 0.1296875
1 0.10859375 0.45703125 0.06875 0.128125
1 0.85546875 0.28671875 0.0640625 0.115625
1 0.86015625 0.92890625 0.0640625 0.1265625
0 0.19921875 0.87421875 0.0703125 0.1234375
0 0.696875 0.4953125 0.0625 0.1125
1 0.23046875 0.76171875 0.0671875 0.125
0 0.4625 0.1875 0.065625 0.1171875
1 0.9625 0.56015625 0.0640625 0.11875
0 0.52578125 0.20234375 0.065625 0.115625
0 0.30234375 0.51015625 0.0734375 0.1328125
0 0.565625 0.846875 0.071875 0.1296875
1 0.5609375 0.2125 0.065625 0.1140625
1 0.7625 0.90625 0.065625 0.125
0 0.134375 0.85703125 0.06875 0.1234375
0 0.66484375 0.87265625 0.06875 0.1296875
0 0.87265625 0.10390625 0.046875 0.05
1 0.628125 0.228125 0.065625 0.115625
0 0.3328125 0.51796875 0.071875 0.13125
0 0.89375 0.54453125 0.0671875 0.115625
1 0.62421875 0.4765625 0.0640625 0.115625
0 0.97578125 0.1328125 0.0484375 0.053125
0 0.07265625 0.3265625 0.065625 0.11875
0 0.20390625 0.3625 0.06875 0.1140625
0 0.3625 0.5265625 0.0703125 0.1296875
1 0.30078125 0.78046875 0.06875 0.128125
1 0.90078125 0.11171875 0.04375 0.0484375
0 0.59375 0.22109375 0.065625 0.115625
0 0.5984375 0.96015625 0.06875 0.0796875
0 0.63515625 0.96328125 0.0734375 0.0734375
0 0.49921875 0.5578125 0.06875 0.13125
0 0.328125 0.15078125 0.06875 0.1203125
1 0.72734375 0.50390625 0.0640625 0.115625
1 0.97734375 0.32265625 0.0453125 0.1140625
0 0.27109375 0.8953125 0.0734375 0.1234375
0 0.07265625 0.4453125 0.071875 0.13125
1 0.8890625 0.2953125 0.0625 0.1140625
0 0.296875 0.14296875 0.06875 0.121875
0 0.87109375 0.6609375 0.078125 0.134375
0 0.2640625 0.49921875 0.071875 0.13125
0 0.72265625 0.2578125 0.06875 0.11875
0 0.79765625 0.9140625 0.0671875 0.1203125
1 0.51015625 0.0171875 0.0453125 0.034375
1 0.5421875 0.02265625 0.046875 0.0453125
0 0.3640625 0.1625 0.0671875 0.11875
0 0.8265625 0.28046875 0.0625 0.1140625
0 0.19921875 0.7515625 0.06875 0.1265625
0 0.72578125 0.97890625 0.0671875 0.0421875
1 0.6890625 0.24765625 0.0640625 0.115625
0 0.04765625 0.31484375 0.0578125 0.1171875
1 0.6984375 0.97421875 0.065625 0.0515625
0 0.33359375 0.78515625 0.065625 0.128125
0 0.390625 0.80703125 0.0640625 0.121875
1 0.6734375 0.05234375 0.0484375 0.053125
0 0.76328125 0.98046875 0.0671875 0.0390625
1 0.56171875 0.9546875 0.0703125 0.090625
1 0.8390625 0.09609375 0.046875 0.05
0 0.20078125 0.1171875 0.0671875 0.1171875
0 0.70390625 0.0609375 0.046875 0.053125
0 0.0390625 0.70390625 0.0703125 0.125
0 0.9234375 0.5515625 0.0640625 0.1171875
0 0.596875 0.46875 0.065625 0.1140625
0 0.10390625 0.85078125 0.0703125 0.1234375
0 0.16640625 0.7421875 0.065625 0.125
0 0.171875 0.46953125 0.0671875 0.1296875
0 0.0375 0.43828125 0.0703125 0.1296875
0 0.1421875 0.465625 0.0640625 0.1265625
0 0.1640625 0.86875 0.06875 0.1203125
0 0.4953125 0.9453125 0.065625 0.109375
0 0.2671875 0.13515625 0.0625 0.1140625
0 0.4421875 0.00859375 0.046875 0.0171875
1 0.23671875 0.12734375 0.065625 0.115625
0 0.46171875 0.94453125 0.0640625 0.1109375
1 0.7375 0.06953125 0.046875 0.053125
0 0.13671875 0.7328125 0.0703125 0.1296875
1 0.57421875 0.0265625 0.0453125 0.053125
0 0.2359375 0.490625 0.0640625 0.1265625
0 0.4734375 0.01171875 0.046875 0.0234375
0 0.728125 0.8953125 0.0640625 0.1234375
0 0.09375 0.72265625 0.0671875 0.125
0 0.303125 0.90390625 0.0671875 0.1234375
0 0.01796875 0.69375 0.0359375 0.121875
1 0.77265625 0.07890625 0.046875 0.053125
0 0.1671875 0.11015625 0.0625 0.1203125
0 0.665625 0.97109375 0.065625 0.0578125
0 0.79375 0.984375 0.065625 0.03125
1 0.6421875 0.04453125 0.046875 0.0546875
0 0.53203125 0.95078125 0.0671875 0.0984375
0 0.33515625 0.909375 0.0671875 0.121875
1 0.80625 0.08671875 0.0453125 0.0515625
0 0.43359375 0.94296875 0.0671875 0.1140625
1 0.49453125 0.8359375 0.06875 0.13125
1 0.39453125 0.4125 0.0671875 0.1203125
1 0.07109375 0.71796875 0.0609375 0.121875
0 0.82578125 0.92265625 0.0625 0.1234375
1 0.6078125 0.034375 0.046875 0.053125
1 0.14296875 0.3453125 0.065625 0.115625
0 0.88984375 0.93125 0.05625 0.1296875
0 0.16015625 0.35 0.071875 0.1203125
0 0.01953125 0.43046875 0.0390625 0.1234375
1 0.95625 0.6828125 0.053125 0.1203125
1 0.3640625 0.91796875 0.071875 0.1234375
0 0.7640625 0.509375 0.0671875 0.1171875
0 0.17265625 0.35078125 0.059375 0.1140625
1 0.1390625 0.10390625 0.0640625 0.11875
0 0.109375 0.090625 0.0609375 0.1171875
0 0.98203125 0.56796875 0.0359375 0.1171875
0 0.79375 0.5171875 0.0703125 0.11875
1 0.8984375 0.6671875 0.065625 0.128125
1 0.42734375 0.81796875 0.059375 0.1234375
0 0.8234375 0.52578125 0.0640625 0.115625
1 0.45078125 0.8265625 0.0734375 0.1359375