1 0.8875 0.8421875 0.059375 0.159375
1 0.846875 0.68984375 0.05625 0.153125
1 0.8046875 0.84140625 0.0609375 0.1640625
1 0.5921875 0.853125 0.05625 0.1609375
0 0.80078125 0.69140625 0.059375 0.15
1 0.625 0.36328125 0.05625 0.15625
0 0.66328125 0.21328125 0.0578125 0.153125
0 0.20703125 0.86328125 0.05625 0.1625
1 0.71328125 0.69375 0.0578125 0.1515625
0 0.76015625 0.69609375 0.0625 0.153125
1 0.540625 0.21015625 0.0546875 0.1578125
1 0.70546875 0.21171875 0.053125 0.15
1 0.840625 0.359375 0.053125 0.15625
1 0.54375 0.36875 0.0515625 0.159375
0 0.5515625 0.8484375 0.05625 0.16875
0 0.5484375 0.69296875 0.05625 0.153125
0 0.8515625 0.8375 0.05625 0.159375
0 0.59140625 0.69453125 0.059375 0.153125
1 0.5109375 0.85625 0.0578125 0.16875
1 0.75234375 0.21015625 0.0515625 0.1484375
0 0.6703125 0.36328125 0.0515625 0.159375
1 0.8390625 0.2109375 0.0515625 0.15
0 0.15625 0.703125 0.053125 0.1609375
1 0.8859375 0.68671875 0.05625 0.1515625
1 0.8796875 0.36171875 0.0515625 0.1578125
0 0.76484375 0.84609375 0.0625 0.16875
0 0.50234375 0.36875 0.0578125 0.1625
0 0.14375 0.371875 0.053125 0.1671875
0 0.50078125 0.2140625 0.053125 0.15625
1 0.7953125 0.3609375 0.053125 0.159375
0 0.7546875 0.3609375 0.05625 0.1640625
0 0.2828125 0.36640625 0.059375 0.15625
0 0.70703125 0.36328125 0.053125 0.1625
1 0.878125 0.209375 0.0515625 0.1484375
0 0.19453125 0.3703125 0.0515625 0.165625
0 0.146875 0.21640625 0.046875 0.1546875
1 0.9265625 0.8421875 0.0578125 0.1578125
0 0.234375 0.36953125 0.053125 0.1625
1 0.10859375 0.69921875 0.06875 0.1703125
1 0.9734375 0.8390625 0.053125 0.159375
1 0.790625 0.2109375 0.0515625 0.15
0 0.5875 0.20859375 0.065625 0.1609375
0 0.64140625 0.69453125 0.059375 0.153125
1 0.58203125 0.36484375 0.053125 0.153125
0 0.4578125 0.21484375 0.0484375 0.1546875
0 0.228125 0.21171875 0.0515625 0.1546875
0 0.190625 0.21484375 0.04375 0.1515625
1 0.2453125 0.8625 0.05 0.1640625
1 0.91875 0.20625 0.053125 0.1515625
0 0.459375 0.36796875 0.05 0.1703125
1 0.9203125 0.35859375 0.053125 0.159375
1 0.97265625 0.6890625 0.053125 0.153125
1 0.9640625 0.2046875 0.0515625 0.1515625
1 0.04453125 0.86796875 0.06875 0.1671875
1 0.92578125 0.69140625 0.05625 0.1546875
1 0.96953125 0.3609375 0.0515625 0.1640625
0 0.27734375 0.21328125 0.0484375 0.153125
0 0.4609375 0.85625 0.059375 0.171875
0 0.28515625 0.7 0.0546875 0.1546875
1 0.1578125 0.8625 0.053125 0.159375
0 0.7125 0.85625 0.0625 0.1703125
1 0.09921875 0.21484375 0.0625 0.159375
1 0.678125 0.69921875 0.0515625 0.1515625
0 0.228125 0.70234375 0.0671875 0.159375
1 0.10234375 0.37265625 0.0640625 0.1703125
0 0.50859375 0.69765625 0.0546875 0.153125
0 0.28984375 0.8625 0.05625 0.16875
1 0.6734375 0.853125 0.05625 0.165625
1 0.0390625 0.37578125 0.0625 0.16875
0 0.11015625 0.86015625 0.06875 0.1625
1 0.03515625 0.2125 0.0625 0.1640625
0 0.63671875 0.85390625 0.0578125 0.1578125
1 0.209375 0.70625 0.0625 0.159375
1 0.04453125 0.70078125 0.065625 0.1734375
1 0.6265625 0.2140625 0.04375 0.15625