0 0.30703125 0.23203125 0.0546875 0.11875
0 0.59453125 0.54765625 0.0578125 0.1265625
1 0.60859375 0.43125 0.053125 0.1125
1 0.74296875 0.16484375 0.0546875 0.1171875
0 0.45390625 0.5640625 0.0578125 0.1265625
0 0.67890625 0.17578125 0.05625 0.115625
0 0.54140625 0.4359375 0.0546875 0.109375
1 0.725 0.52890625 0.0578125 0.1265625
1 0.5734375 0.434375 0.053125 0.109375
1 0.946875 0.87890625 0.05625 0.121875
0 0.6953125 0.53515625 0.05625 0.1265625
1 0.659375 0.5390625 0.0578125 0.125
0 0.621875 0.54375 0.0546875 0.128125
1 0.84375 0.3921875 0.0546875 0.1171875
1 0.475 0.44453125 0.053125 0.115625
0 0.6453125 0.42265625 0.0546875 0.109375
1 0.965625 0.49375 0.0578125 0.1265625
1 0.50546875 0.44140625 0.053125 0.1109375
1 0.83046875 0.77890625 0.0546875 0.1265625
0 0.76171875 0.52109375 0.05625 0.1265625
0 0.65625 0.79921875 0.05625 0.1296875
0 0.421875 0.56953125 0.0578125 0.125
0 0.821875 0.1546875 0.0640625 0.1203125
0 0.4890625 0.82265625 0.0515625 0.121875
1 0.64296875 0.18359375 0.05625 0.115625
0 0.865625 0.5109375 0.059375 0.128125
0 0.91484375 0.884375 0.0546875 0.1203125
1 0.4859375 0.5625 0.0578125 0.125
0 0.4078125 0.21796875 0.0546875 0.1171875
1 0.83125 0.5109375 0.05625 0.1234375
1 0.94921875 0.37421875 0.0546875 0.11875
0 0.79296875 0.515625 0.05625 0.1265625
0 0.5578125 0.5484375 0.0546875 0.1296875
1 0.51171875 0.20234375 0.05625 0.1171875
0 0.759375 0.78359375 0.05625 0.1296875
1 0.440625 0.21171875 0.05625 0.115625
0 0.7796875 0.9046875 0.05625 0.1203125
1 0.72734375 0.79296875 0.0546875 0.13125
0 0.22109375 0.59765625 0.0546875 0.1265625
0 0.353125 0.58046875 0.05625 0.1296875
0 0.43828125 0.44453125 0.0546875 0.1203125
0 0.54609375 0.2 0.053125 0.1171875
1 0.9859375 0.753125 0.028125 0.128125
0 0.33828125 0.2265625 0.053125 0.1171875
1 0.8796875 0.14609375 0.053125 0.115625
1 0.42578125 0.8375 0.0546875 0.128125
0 0.6765625 0.4203125 0.0546875 0.109375
0 0.8828125 0.38828125 0.0578125 0.11875
1 0.778125 0.16015625 0.0515625 0.115625
1 0.35390625 0.84375 0.0546875 0.125
1 0.9 0.76953125 0.053125 0.125
0 0.68828125 0.00625 0.0421875 0.0125
0 0.7984375 0.78125 0.0546875 0.128125
0 0.6953125 0.79375 0.05625 0.128125
0 0.33828125 0.46015625 0.059375 0.121875
0 0.30234375 0.95546875 0.0578125 0.0890625
0 0.478125 0.2078125 0.0546875 0.11875
1 0.3890625 0.84140625 0.0546875 0.128125
1 0.275 0.23671875 0.0546875 0.1171875
0 0.90625 0.5015625 0.071875 0.13125
0 0.20546875 0.2453125 0.0546875 0.1171875
0 0.29765625 0.465625 0.0640625 0.125
1 0.71015625 0.4140625 0.0546875 0.1125
1 0.20703125 0.48359375 0.0515625 0.1109375
0 0.91015625 0.38046875 0.053125 0.1171875
0 0.38359375 0.5765625 0.05625 0.128125
1 0.1234375 0.6140625 0.053125 0.125
0 0.8171875 0.8984375 0.0609375 0.121875
0 0.7140625 0.1703125 0.0515625 0.1171875
1 0.91640625 0.1421875 0.0546875 0.1140625
0 0.1734375 0.4890625 0.05625 0.1109375
0 0.40859375 0.4484375 0.0546875 0.1234375
0 0.97578125 0.875 0.0484375 0.121875
0 0.52265625 0.55390625 0.05625 0.1296875
1 0.00390625 0.08984375 0.0078125 0.0515625
0 0.32109375 0.5875 0.0578125 0.1328125
0 0.51875 0.82109375 0.053125 0.121875
0 0.45859375 0.828125 0.053125 0.125
0 0.27109375 0.9578125 0.0578125 0.084375
0 0.61015625 0.190625 0.0578125 0.11875
1 0.57734375 0.19453125 0.053125 0.1171875
1 0.7171875 0.0046875 0.040625 0.009375
0 0.24296875 0.24296875 0.053125 0.115625
0 0.28046875 0.590625 0.05625 0.128125
1 0.378125 0.2203125 0.0546875 0.115625
0 0.23671875 0.47421875 0.0515625 0.115625
1 0.0421875 0.509375 0.0484375 0.10625
0 0.22265625 0.95859375 0.0703125 0.0828125
0 0.11484375 0.86953125 0.0578125 0.125
1 0.74140625 0.909375 0.0578125 0.1203125
1 0.0734375 0.50390625 0.0484375 0.10625
1 0.34921875 0.0390625 0.0421875 0.05
1 0.3171875 0.04375 0.040625 0.05
0 0.40546875 0.9484375 0.0609375 0.103125
1 0.653125 0.009375 0.04375 0.01875
0 0.32421875 0.846875 0.0578125 0.125
0 0.334375 0.95546875 0.059375 0.0890625
0 0.18046875 0.0625 0.0453125 0.05
0 0.08359375 0.61953125 0.0578125 0.125
0 0.178125 0.9625 0.065625 0.075
1 0.88125 0.89140625 0.0515625 0.1171875
0 0.07578125 0.265625 0.0546875 0.1140625
0 0.17421875 0.25078125 0.0546875 0.11875
1 0.2171875 0.05859375 0.040625 0.0515625
0 0.4359375 0.94609375 0.059375 0.1078125
1 0.15703125 0.86796875 0.053125 0.1203125
0 0.28671875 0.85234375 0.053125 0.1265625
0 0.01640625 0.51015625 0.0328125 0.1109375
0 0.184375 0.60390625 0.0546875 0.125
0 0.934375 0.7640625 0.0546875 0.1203125
1 0.1109375 0.26015625 0.053125 0.1125
0 0.6734375 0.91796875 0.053125 0.121875
0 0.01484375 0.08671875 0.0296875 0.0484375
0 0.36875 0.95078125 0.05625 0.0984375
1 0.4859375 0.02265625 0.04375 0.0453125
0 0.04140625 0.271875 0.05 0.1171875
1 0.384375 0.03515625 0.040625 0.0515625
0 0.11796875 0.96875 0.0671875 0.0625
0 0.05 0.62421875 0.0546875 0.1265625
0 0.21015625 0.8625 0.053125 0.125
0 0.14296875 0.25546875 0.05 0.1125
0 0.74609375 0.40546875 0.05625 0.1171875
0 0.47578125 0.94296875 0.0546875 0.1140625
0 0.84921875 0.8984375 0.0515625 0.11875
1 0.55 0.01796875 0.04375 0.0359375
0 0.8640625 0.775 0.0515625 0.1234375
1 0.58671875 0.01484375 0.0421875 0.0296875
0 0.246875 0.053125 0.0421875 0.05
0 0.12734375 0.4953125 0.065625 0.11875
0 0.25625 0.859375 0.05625 0.128125
0 0.253125 0.59375 0.05 0.125
0 0.51640625 0.01953125 0.0421875 0.0390625
1 0.62109375 0.01171875 0.0421875 0.0234375
0 0.15625 0.60859375 0.0484375 0.121875
0 0.28203125 0.0484375 0.04375 0.05
0 0.63984375 0.92734375 0.0515625 0.1171875
0 0.06328125 0.8890625 0.0421875 0.1203125
0 0.71171875 0.91328125 0.053125 0.1203125
0 0.61328125 0.9328125 0.05625 0.115625
0 0.50859375 0.940625 0.0546875 0.11875
1 0.940625 0.134375 0.0390625 0.109375
1 0.36875 0.4578125 0.0515625 0.121875
0 0.0453125 0.0828125 0.04375 0.0515625
1 0.45078125 0.02734375 0.04375 0.053125
1 0.53828125 0.93828125 0.0578125 0.1203125
0 0.9640625 0.76171875 0.05 0.125
0 0.77734375 0.40078125 0.059375 0.11875
0 0.08671875 0.8828125 0.046875 0.115625
0 0.0234375 0.625 0.0390625 0.121875
1 0.26953125 0.47109375 0.0484375 0.115625
1 0.41875 0.03046875 0.0421875 0.0515625
1 0.6265625 0.81015625 0.0515625 0.1296875
1 0.98515625 0.48828125 0.0296875 0.1234375
0 0.08671875 0.0765625 0.0421875 0.0515625
0 0.08046875 0.971875 0.0453125 0.05625
1 0.01953125 0.27578125 0.0390625 0.1171875
0 0.11484375 0.07265625 0.0390625 0.05
0 0.80859375 0.39765625 0.053125 0.1171875
1 0.190625 0.86796875 0.0453125 0.121875
0 0.9765625 0.371875 0.0359375 0.11875
1 0.11171875 0.4984375 0.0546875 0.109375
0 0.15078125 0.06875 0.04375 0.0515625
1 0.93125 0.4984375 0.0515625 0.128125
1 0.55703125 0.821875 0.04375 0.1203125
1 0.14375 0.96796875 0.053125 0.0640625
1 0.846875 0.15078125 0.046875 0.1171875
0 0.09375 0.96875 0.053125 0.0625