0 0.3671875 0.09296875 0.1 0.1578125
0 0.11796875 0.15390625 0.1046875 0.15625
0 0.3046875 0.10859375 0.1 0.1578125
1 0.17890625 0.13984375 0.1 0.1578125
0 0.2421875 0.12421875 0.1015625 0.1578125
0 0.49296875 0.06953125 0.0984375 0.1390625
0 0.09296875 0.34765625 0.13125 0.2421875
0 0.2859375 0.309375 0.1296875 0.2484375
0 0.0515625 0.1703125 0.103125 0.15625
1 0.35078125 0.29296875 0.125 0.24375
0 0.4125 0.278125 0.1234375 0.25
0 0.47890625 0.26640625 0.1296875 0.2515625
0 0.15859375 0.33984375 0.1203125 0.240625
0 0.21796875 0.325 0.1234375 0.246875
0 0.27890625 0.8296875 0.134375 0.26875
0 0.40625 0.79453125 0.1328125 0.25625
1 0.43046875 0.07734375 0.1046875 0.1546875
0 0.684375 0.04609375 0.10625 0.0921875
0 0.6078125 0.240625 0.11875 0.2203125
0 0.8125 0.03046875 0.109375 0.0609375
0 0.5984375 0.7578125 0.1328125 0.2671875
0 0.6703125 0.2203125 0.125 0.23125
0 0.79765625 0.18515625 0.13125 0.2328125
0 0.61875 0.05390625 0.103125 0.1078125
0 0.72421875 0.7265625 0.1328125 0.2640625
0 0.54375 0.25625 0.1203125 0.228125
0 0.853125 0.69453125 0.1328125 0.25625
0 0.91015625 0.15859375 0.0890625 0.221875
0 0.965625 0.6859375 0.06875 0.25625
0 0.8640625 0.01875 0.065625 0.0375
0 0.55390625 0.0625 0.0890625 0.125
0 0.74609375 0.04140625 0.0890625 0.0828125
0 0.8578125 0.165625 0.1078125 0.228125
0 0.7296875 0.19453125 0.1140625 0.2328125
0 0.5296875 0.7609375 0.109375 0.2296875
0 0.46796875 0.77578125 0.1109375 0.2515625
0 0.6578125 0.73125 0.11875 0.246875
0 0.9171875 0.675 0.1078125 0.234375
0 0.7828125 0.703125 0.11875 0.2515625
0 0.215625 0.840625 0.103125 0.2375
0 0.33828125 0.7953125 0.1046875 0.2203125