0 0.3734375 0.08828125 0.1015625 0.1515625
0 0.125 0.14921875 0.10625 0.1515625
1 0.43828125 0.0734375 0.1046875 0.146875
0 0.0578125 0.1640625 0.1046875 0.1484375
0 0.290625 0.30703125 0.13125 0.2515625
0 0.49609375 0.0671875 0.1015625 0.134375
0 0.2453125 0.11796875 0.1015625 0.1484375
1 0.18984375 0.13203125 0.1015625 0.1484375
0 0.484375 0.25859375 0.1328125 0.2546875
0 0.31484375 0.1015625 0.1015625 0.15
0 0.56328125 0.0625 0.1046875 0.125
0 0.16484375 0.32890625 0.121875 0.246875
0 0.0921875 0.3421875 0.1359375 0.2453125
0 0.41796875 0.275 0.121875 0.2453125
0 0.63046875 0.05078125 0.1046875 0.1015625
0 0.6640625 0.7390625 0.134375 0.2703125
0 0.81953125 0.0328125 0.1109375 0.065625
0 0.68359375 0.22265625 0.121875 0.228125
0 0.690625 0.04375 0.10625 0.0875
0 0.22734375 0.31640625 0.125 0.25
0 0.76015625 0.03671875 0.1078125 0.0734375
0 0.7421875 0.2015625 0.1328125 0.23125
0 0.86953125 0.1734375 0.1375 0.234375
0 0.73203125 0.72265625 0.140625 0.271875
0 0.60546875 0.7546875 0.134375 0.26875
1 0.35859375 0.2859375 0.125 0.240625
0 0.80703125 0.184375 0.128125 0.2296875
0 0.21171875 0.853125 0.14375 0.2875
0 0.6125 0.2296875 0.1203125 0.234375
0 0.553125 0.24140625 0.128125 0.240625
0 0.4109375 0.79296875 0.134375 0.2625
0 0.7984375 0.70390625 0.1328125 0.2625
0 0.540625 0.7671875 0.1296875 0.2640625
0 0.4796875 0.7796875 0.1328125 0.265625
0 0.28359375 0.82578125 0.1328125 0.2671875
0 0.34921875 0.8078125 0.128125 0.259375
0 0.8578125 0.69609375 0.134375 0.259375
0 0.97109375 0.68984375 0.0578125 0.2859375
0 0.86484375 0.0203125 0.0671875 0.040625
0 0.93203125 0.69765625 0.1359375 0.2515625
0 0.9140625 0.15625 0.08125 0.2171875