0 0.46171875 0.0734375 0.0703125 0.146875
0 0.2046875 0.078125 0.0734375 0.146875
0 0.39765625 0.07421875 0.0703125 0.146875
1 0.4015625 0.2671875 0.075 0.2375
1 0.26796875 0.0765625 0.0734375 0.146875
0 0.33203125 0.07578125 0.0703125 0.146875
0 0.46484375 0.2640625 0.071875 0.2390625
0 0.53203125 0.26484375 0.078125 0.2421875
0 0.59140625 0.071875 0.0671875 0.14375
0 0.13671875 0.078125 0.078125 0.14375
0 0.13828125 0.26171875 0.08125 0.23125
0 0.334375 0.26875 0.078125 0.2375
0 0.203125 0.26875 0.0703125 0.2328125
0 0.3421875 0.76796875 0.0796875 0.25
0 0.265625 0.2703125 0.071875 0.2375
0 0.5375 0.775 0.078125 0.2609375
0 0.6546875 0.0734375 0.071875 0.146875
0 0.85546875 0.07109375 0.0765625 0.1421875
1 0.52578125 0.07265625 0.0734375 0.1453125
0 0.209375 0.77265625 0.0765625 0.2640625
0 0.72265625 0.07109375 0.0734375 0.1421875
0 0.728125 0.2640625 0.078125 0.2234375
0 0.8609375 0.26015625 0.084375 0.2234375
0 0.78984375 0.071875 0.0734375 0.14375
0 0.6671875 0.77421875 0.0765625 0.2578125
0 0.8015625 0.7671875 0.078125 0.24375
0 0.971875 0.06796875 0.040625 0.1359375
0 0.9765625 0.259375 0.040625 0.2203125
0 0.95078125 0.79765625 0.09375 0.234375
0 0.59921875 0.27578125 0.0734375 0.21875
0 0.1421875 0.7703125 0.0625 0.23125
0 0.27421875 0.76640625 0.0484375 0.24375
0 0.41171875 0.76484375 0.06875 0.253125
0 0.4703125 0.759375 0.0625 0.25625
0 0.59921875 0.7671875 0.0640625 0.2390625
0 0.734375 0.77265625 0.0671875 0.2546875
0 0.86640625 0.76875 0.0625 0.2515625
0 0.92578125 0.2703125 0.05625 0.2515625
0 0.9171875 0.07109375 0.059375 0.1421875
0 0.659375 0.2625 0.0578125 0.234375
0 0.78984375 0.25859375 0.075 0.23125