0 0.45859375 0.06796875 0.0734375 0.134375
0 0.19765625 0.07578125 0.078125 0.1328125
1 0.26171875 0.0734375 0.0734375 0.1328125
0 0.39296875 0.06953125 0.0734375 0.134375
1 0.52421875 0.06796875 0.0796875 0.1359375
0 0.128125 0.0765625 0.08125 0.13125
0 0.328125 0.07109375 0.0734375 0.1328125
0 0.58828125 0.06640625 0.0734375 0.1328125
0 0.33046875 0.25859375 0.0828125 0.24375
0 0.4640625 0.2546875 0.075 0.240625
0 0.7203125 0.065625 0.084375 0.13125
0 0.52890625 0.2546875 0.0828125 0.24375
0 0.13203125 0.25546875 0.0859375 0.2359375
1 0.39765625 0.25390625 0.0796875 0.2390625
0 0.8546875 0.06328125 0.084375 0.1265625
0 0.26171875 0.2609375 0.0796875 0.246875
0 0.665625 0.26015625 0.0828125 0.221875
0 0.93203125 0.2453125 0.096875 0.234375
0 0.346875 0.76484375 0.084375 0.25625
0 0.79765625 0.2453125 0.090625 0.23125
0 0.54375 0.76796875 0.0828125 0.2671875
0 0.2125 0.771875 0.0828125 0.26875
0 0.6765625 0.76484375 0.084375 0.2578125
0 0.809375 0.76015625 0.08125 0.246875
0 0.9640625 0.05859375 0.040625 0.1171875
0 0.95625 0.78671875 0.0875 0.2515625
0 0.8828125 0.7640625 0.0921875 0.2546875
0 0.14765625 0.77421875 0.065625 0.259375
0 0.28203125 0.76484375 0.059375 0.25
0 0.1984375 0.25078125 0.0796875 0.2609375
0 0.4140625 0.75390625 0.071875 0.240625
0 0.47421875 0.75390625 0.065625 0.2296875
0 0.6078125 0.74609375 0.078125 0.23125
0 0.74296875 0.76015625 0.0671875 0.25625
0 0.86484375 0.2546875 0.0625 0.25625
0 0.7234375 0.246875 0.0640625 0.2453125
0 0.5921875 0.24375 0.075 0.225
0 0.64921875 0.07109375 0.0796875 0.1421875
0 0.78984375 0.06953125 0.0609375 0.1390625
0 0.91796875 0.06328125 0.0578125 0.1265625