1 0.79375 0.9203125 0.09375 0.159375
1 0.6625 0.740625 0.0875 0.159375
1 0.7109375 0.90859375 0.09375 0.171875
1 0.5046875 0.8640625 0.0890625 0.1671875
0 0.746875 0.7578125 0.0890625 0.15625
1 0.61171875 0.228125 0.0859375 0.1609375
1 0.57578125 0.3796875 0.084375 0.1609375
1 0.76953125 0.2703125 0.08125 0.15625
0 0.759375 0.91171875 0.090625 0.1671875
1 0.83125 0.77421875 0.0875 0.1609375
1 0.66015625 0.3984375 0.0859375 0.1609375
0 0.7078125 0.753125 0.090625 0.1578125
1 0.075 0.5984375 0.103125 0.1796875
0 0.7359375 0.41484375 0.0875 0.16875
0 0.7296875 0.259375 0.0859375 0.159375
0 0.6734375 0.896875 0.09375 0.1703125
0 0.128125 0.77890625 0.090625 0.1671875
1 0.425 0.8484375 0.09375 0.1765625
0 0.46796875 0.85 0.0921875 0.1765625
0 0.69921875 0.4078125 0.084375 0.1640625
1 0.9046875 0.45234375 0.084375 0.1640625
0 0.50234375 0.69921875 0.0875 0.159375
0 0.11875 0.61796875 0.0875 0.1671875
1 0.815625 0.2796875 0.0796875 0.1546875
1 0.8203125 0.43359375 0.084375 0.1625
1 0.8671875 0.44609375 0.084375 0.1625
0 0.2375 0.30078125 0.0859375 0.171875
0 0.784375 0.42578125 0.0890625 0.16875
1 0.9 0.2984375 0.0828125 0.1546875
0 0.1875 0.2890625 0.0859375 0.1734375
1 0.0828125 0.76796875 0.0859375 0.1640625
1 0.93671875 0.309375 0.08125 0.1546875
1 0.85234375 0.290625 0.08125 0.1546875
1 0.0859375 0.26640625 0.0984375 0.1734375
0 0.54296875 0.7109375 0.0890625 0.159375
0 0.2765625 0.3078125 0.0859375 0.171875
0 0.53515625 0.37265625 0.090625 0.16875
0 0.5703125 0.221875 0.084375 0.1609375
0 0.22734375 0.13984375 0.0765625 0.159375
0 0.38046875 0.83984375 0.0890625 0.1765625
0 0.46484375 0.69296875 0.090625 0.16875
1 0.79140625 0.76953125 0.0875 0.1578125
0 0.65703125 0.23828125 0.09375 0.1640625
1 0.8796875 0.93046875 0.090625 0.1390625
0 0.32421875 0.3171875 0.0921875 0.1671875
0 0.309375 0.15078125 0.0828125 0.1609375
1 0.61328125 0.38828125 0.084375 0.159375
0 0.271875 0.14375 0.075 0.1546875
0 0.58984375 0.72734375 0.090625 0.159375
1 0.62421875 0.7359375 0.084375 0.1546875
0 0.4953125 0.36171875 0.08125 0.171875
1 0.990625 0.32578125 0.01875 0.1578125
1 0.971875 0.47578125 0.05625 0.1703125
1 0.83203125 0.925 0.0921875 0.15
1 0.9671875 0.31484375 0.065625 0.1578125
1 0.915625 0.7953125 0.0875 0.1640625
0 0.52890625 0.2140625 0.0765625 0.1578125
1 0.14609375 0.2796875 0.0984375 0.178125
1 0.01171875 0.746875 0.0234375 0.175
1 0.940625 0.46328125 0.0859375 0.165625
1 0.1828125 0.1265625 0.09375 0.1671875
0 0.61953125 0.89453125 0.103125 0.1796875
1 0.16796875 0.78984375 0.0828125 0.16875
0 0.24609375 0.6421875 0.084375 0.159375
0 0.35546875 0.16875 0.078125 0.1578125
1 0.86875 0.78828125 0.0875 0.1625
0 0.21015625 0.79765625 0.0890625 0.1703125
1 0.1703125 0.62578125 0.0953125 0.165625
0 0.04375 0.7546875 0.0875 0.171875
0 0.19453125 0.63046875 0.090625 0.1625
1 0.58515625 0.88359375 0.0953125 0.1734375
1 0.546875 0.87109375 0.084375 0.1609375
1 0.41796875 0.6828125 0.0875 0.1671875
1 0.03125 0.57890625 0.0625 0.1921875
1 0.12578125 0.11015625 0.090625 0.15625