0 0.52265625 0.071875 0.0859375 0.14375
0 0.2703125 0.05234375 0.0875 0.1046875
0 0.46484375 0.06640625 0.0859375 0.1328125
1 0.3359375 0.0578125 0.084375 0.115625
1 0.590625 0.0765625 0.0921875 0.1453125
0 0.56796875 0.26484375 0.103125 0.246875
0 0.39765625 0.06171875 0.0859375 0.1234375
0 0.7171875 0.09453125 0.0921875 0.15
0 0.65 0.08359375 0.0828125 0.1453125
0 0.7890625 0.103125 0.0921875 0.15
0 0.4984375 0.2546875 0.0953125 0.2453125
0 0.36953125 0.2375 0.103125 0.2484375
0 0.19609375 0.05078125 0.0921875 0.1015625
0 0.171875 0.20625 0.1046875 0.2359375
0 0.9203125 0.1203125 0.090625 0.1515625
0 0.76796875 0.30390625 0.1015625 0.2265625
0 0.8484375 0.11015625 0.0890625 0.1484375
0 0.2421875 0.21875 0.0953125 0.2390625
0 0.30625 0.23046875 0.0984375 0.2484375
0 0.30546875 0.74140625 0.10625 0.259375
0 0.965625 0.13046875 0.06875 0.1546875
0 0.82734375 0.30703125 0.103125 0.2296875
0 0.69921875 0.2859375 0.1 0.234375
0 0.9515625 0.32578125 0.096875 0.2328125
0 0.8953125 0.315625 0.103125 0.2296875
0 0.50234375 0.78046875 0.1 0.2640625
0 0.175 0.7296875 0.10625 0.2703125
0 0.56171875 0.7875 0.1 0.271875
0 0.63125 0.79609375 0.103125 0.265625
1 0.4390625 0.25 0.1 0.24375
0 0.43671875 0.7734375 0.0953125 0.2578125
0 0.69921875 0.8 0.103125 0.253125
0 0.2375 0.73359375 0.103125 0.2609375
0 0.63046875 0.27265625 0.1015625 0.2421875
0 0.7609375 0.8140625 0.1046875 0.2625
0 0.103125 0.725 0.1140625 0.28125
0 0.903125 0.853125 0.134375 0.29375
0 0.83359375 0.83515625 0.1203125 0.2828125
0 0.37421875 0.76171875 0.103125 0.2453125
0 0.98828125 0.33359375 0.0234375 0.2265625