0 0.46953125 0.07265625 0.0671875 0.1453125
0 0.21328125 0.071875 0.071875 0.14296875
0 0.40546875 0.07265625 0.0671875 0.1453125
1 0.27578125 0.07265625 0.0671875 0.1453125
0 0.340625 0.07265625 0.06875 0.1453125
0 0.6 0.07265625 0.065625 0.1453125
0 0.1421875 0.25390625 0.07734375 0.23046875
0 0.33828125 0.26328125 0.075 0.2375
0 0.14375 0.071875 0.07421875 0.14296875
1 0.40546875 0.26328125 0.0703125 0.234375
0 0.46875 0.26328125 0.06796875 0.240625
0 0.5359375 0.26796875 0.07421875 0.24140625
0 0.2078125 0.26171875 0.065625 0.23203125
0 0.26875 0.26171875 0.06796875 0.2375
0 0.20546875 0.76640625 0.0734375 0.25859375
0 0.3375 0.76328125 0.075 0.24609375
1 0.5359375 0.07265625 0.071875 0.1453125
0 0.79765625 0.07265625 0.0734375 0.1453125
0 0.6671875 0.27421875 0.06953125 0.209375
0 0.92890625 0.07265625 0.0765625 0.1453125
0 0.5328125 0.77421875 0.07265625 0.25703125
0 0.7328125 0.26953125 0.07421875 0.21953125
0 0.86484375 0.26640625 0.08125 0.21953125
0 0.7296875 0.07265625 0.07109375 0.14296875
0 0.6625 0.77421875 0.0734375 0.25390625
0 0.6015625 0.27421875 0.06953125 0.21796875
0 0.7953125 0.77421875 0.075 0.24609375
0 0.98046875 0.26796875 0.0375 0.21953125
0 0.9453125 0.80234375 0.09296875 0.240625
0 0.98203125 0.0703125 0.0328125 0.140625
0 0.66171875 0.07421875 0.0546875 0.14765625
0 0.86015625 0.0765625 0.053125 0.153125
0 0.928125 0.2625 0.05625 0.221875
0 0.796875 0.259375 0.06171875 0.22421875
0 0.465625 0.76015625 0.0578125 0.22265625
0 0.40234375 0.76015625 0.05390625 0.2453125
0 0.596875 0.7625 0.06328125 0.23828125
0 0.8625 0.77109375 0.0546875 0.22734375
0 0.725 0.765625 0.0609375 0.24453125
0 0.14140625 0.76171875 0.0484375 0.2328125
0 0.271875 0.74765625 0.0546875 0.21328125