1 0.875 0.753125 0.0953125 0.171875
1 0.46796875 0.2046875 0.09375 0.1640625
1 0.95390625 0.73671875 0.0921875 0.1703125
0 0.5875 0.17734375 0.09375 0.1625
0 0.7984375 0.62421875 0.09375 0.159375
0 0.83671875 0.60859375 0.0921875 0.1578125
1 0.58515625 0.334375 0.0921875 0.1640625
1 0.75234375 0.6328125 0.090625 0.1578125
1 0.7953125 0.278125 0.090625 0.165625
1 0.88125 0.596875 0.0890625 0.1578125
1 0.50703125 0.35703125 0.0921875 0.165625
1 0.59296875 0.8375 0.0953125 0.178125
0 0.83984375 0.77265625 0.0984375 0.178125
1 0.74921875 0.2875 0.0921875 0.1703125
1 0.628125 0.16796875 0.0875 0.1578125
1 0.67265625 0.15546875 0.0875 0.1578125
0 0.63046875 0.321875 0.0921875 0.16875
0 0.63203125 0.8203125 0.096875 0.178125
1 0.671875 0.8171875 0.09375 0.1703125
0 0.084375 0.30390625 0.084375 0.1578125
1 0.75703125 0.1328125 0.0875 0.15625
0 0.91953125 0.740625 0.0921875 0.1703125
0 0.63359375 0.6640625 0.09375 0.159375
1 0.14296875 0.9375 0.1078125 0.125
0 0.3875 0.228125 0.0828125 0.159375
0 0.3 0.91640625 0.09375 0.1671875
0 0.21328125 0.7765625 0.090625 0.165625
0 0.71171875 0.30078125 0.09375 0.1703125
0 0.42890625 0.21875 0.0890625 0.1640625
0 0.59296875 0.67109375 0.0921875 0.159375
1 0.91875 0.5890625 0.0890625 0.159375
0 0.12109375 0.453125 0.0921875 0.171875
1 0.97421875 0.71875 0.0515625 0.165625
1 0.165625 0.7828125 0.109375 0.18125
0 0.51328125 0.1921875 0.1 0.1640625
0 0.253125 0.41484375 0.096875 0.1640625
0 0.6671875 0.31484375 0.0921875 0.16875
1 0.8328125 0.2671875 0.0875 0.1640625
0 0.5484375 0.6828125 0.090625 0.1625
1 0.71015625 0.1453125 0.0859375 0.15625
0 0.46875 0.36796875 0.0953125 0.1703125
1 0.7953125 0.12265625 0.0859375 0.15625
1 0.33515625 0.90625 0.090625 0.16875
0 0.42734375 0.378125 0.0921875 0.1765625
0 0.6828125 0.6515625 0.09375 0.1609375
0 0.128125 0.29375 0.08125 0.15625
0 0.20703125 0.42890625 0.0921875 0.16875
0 0.16953125 0.43984375 0.090625 0.16875
0 0.546875 0.84765625 0.103125 0.18125
1 0.034375 0.48203125 0.06875 0.1796875
0 0.16328125 0.28203125 0.0859375 0.159375
0 0.2109375 0.26953125 0.084375 0.1578125
1 0.71796875 0.646875 0.0875 0.1578125
1 0.5453125 0.3453125 0.090625 0.1609375
0 0.3375 0.74765625 0.09375 0.1640625
1 0.83203125 0.1140625 0.0890625 0.159375
1 0.871875 0.2578125 0.090625 0.1671875
1 0.9796875 0.56640625 0.040625 0.1578125
1 0.878125 0.096875 0.0859375 0.159375
1 0.9203125 0.2484375 0.0890625 0.16875
0 0.38046875 0.89609375 0.096875 0.171875
1 0.95625 0.578125 0.0875 0.159375
1 0.253125 0.92265625 0.090625 0.1546875
1 0.2625 0.76796875 0.096875 0.1671875
0 0.79609375 0.78671875 0.09375 0.178125
1 0.0796875 0.46640625 0.103125 0.1796875
1 0.01328125 0.328125 0.0265625 0.171875
1 0.04453125 0.3140625 0.0890625 0.165625
1 0.1015625 0.79609375 0.1109375 0.1953125
1 0.20859375 0.928125 0.1046875 0.14375
0 0.7578125 0.8015625 0.1 0.1796875
1 0.70625 0.803125 0.090625 0.1640625
0 0.77578125 0.79609375 0.096875 0.1828125
0 0.28359375 0.75859375 0.1 0.1671875
1 0.50625 0.69765625 0.09375 0.159375
1 0.5515625 0.1890625 0.08125 0.1625