0 0.4703125 0.07109375 0.06953125 0.14140625
0 0.21640625 0.06640625 0.071875 0.1328125
0 0.4125 0.06875 0.0703125 0.13671875
1 0.28203125 0.06796875 0.06875 0.1359375
1 0.53828125 0.06875 0.07578125 0.1375
0 0.5390625 0.25859375 0.075 0.2390625
0 0.34375 0.06796875 0.06953125 0.1359375
0 0.66640625 0.07109375 0.075 0.1421875
0 0.5984375 0.06875 0.0671875 0.1375
0 0.73828125 0.07109375 0.07578125 0.14140625
0 0.46875 0.25703125 0.0671875 0.23828125
0 0.33828125 0.25546875 0.075 0.240625
0 0.14140625 0.07109375 0.0765625 0.13515625
0 0.13828125 0.2484375 0.07734375 0.228125
0 0.87109375 0.071875 0.07421875 0.14296875
0 0.7421875 0.27265625 0.075 0.21953125
0 0.7984375 0.0703125 0.071875 0.140625
0 0.21015625 0.25234375 0.06796875 0.2328125
0 0.275 0.25625 0.0703125 0.24140625
0 0.33671875 0.76328125 0.07578125 0.2515625
0 0.9296875 0.07578125 0.075 0.14609375
0 0.8015625 0.26875 0.07734375 0.221875
0 0.671875 0.26328125 0.0734375 0.2265625
0 0.934375 0.27109375 0.084375 0.2234375
0 0.86953125 0.26875 0.0765625 0.22265625
0 0.53671875 0.778125 0.06953125 0.25703125
0 0.20546875 0.7671875 0.075 0.26328125
0 0.59609375 0.778125 0.06875 0.265625
0 0.66640625 0.778125 0.07265625 0.25859375
1 0.409375 0.259375 0.071875 0.2375
0 0.4703125 0.77890625 0.065625 0.25234375
0 0.734375 0.7734375 0.07421875 0.24609375
0 0.26796875 0.7640625 0.07265625 0.2546875
0 0.6015625 0.25859375 0.07421875 0.23515625
0 0.796875 0.7796875 0.0734375 0.25546875
0 0.13359375 0.771875 0.08203125 0.2734375
0 0.98046875 0.071875 0.0359375 0.14375
0 0.94453125 0.80546875 0.09921875 0.28984375
0 0.871875 0.7921875 0.0875 0.27421875
0 0.40703125 0.775 0.075 0.2375
0 0.9828125 0.27421875 0.034375 0.2234375