0 0.34609375 0.20703125 0.03984375 0.11171875
1 0.78828125 0.2015625 0.03984375 0.1125
0 0.34609375 0.4421875 0.0421875 0.1109375
1 0.31015625 0.44453125 0.03828125 0.10625
0 0.721875 0.20390625 0.04140625 0.109375
0 0.4453125 0.55703125 0.03984375 0.12265625
1 0.71953125 0.56015625 0.040625 0.1234375
0 0.55078125 0.44375 0.03984375 0.10390625
1 0.27890625 0.44453125 0.03984375 0.10703125
1 0.34375 0.9390625 0.046875 0.11875
1 0.88984375 0.9375 0.0390625 0.11796875
1 0.2125 0.44375 0.03671875 0.10390625
1 0.65234375 0.5609375 0.04140625 0.11953125
1 0.8546875 0.44453125 0.040625 0.1109375
0 0.2109375 0.55859375 0.03984375 0.1234375
0 0.44453125 0.81875 0.03671875 0.11953125
0 0.4453125 0.43984375 0.0390625 0.11171875
1 0.51328125 0.4453125 0.0390625 0.1078125
1 0.6859375 0.20546875 0.04140625 0.1109375
0 0.78828125 0.55625 0.0390625 0.121875
0 0.68828125 0.5625 0.03828125 0.12265625
1 0.96171875 0.55859375 0.040625 0.121875
0 0.75625 0.55625 0.0390625 0.12265625
1 0.58359375 0.5578125 0.0390625 0.11875
1 0.7875 0.821875 0.03828125 0.121875
1 0.82265625 0.02109375 0.0359375 0.0421875
0 0.8921875 0.44140625 0.04140625 0.1109375
1 0.478125 0.44609375 0.03984375 0.109375
1 0.47734375 0.5609375 0.04140625 0.12109375
0 0.61328125 0.81796875 0.03984375 0.1265625
0 0.86015625 0.5609375 0.04296875 0.12265625
0 0.85703125 0.93828125 0.03828125 0.11640625
1 0.82734375 0.55703125 0.040625 0.11953125
0 0.65390625 0.44453125 0.03984375 0.10625
0 0.41328125 0.559375 0.04140625 0.1234375
0 0.24375 0.4421875 0.0359375 0.1046875
1 0.07734375 0.44609375 0.03671875 0.10859375
0 0.5875 0.2078125 0.0390625 0.1109375
1 0.484375 0.20625 0.040625 0.1078125
1 0.684375 0.821875 0.03671875 0.128125
1 0.95859375 0.82109375 0.034375 0.12421875
1 0.55390625 0.2046875 0.040625 0.11171875
0 0.7171875 0.8171875 0.03984375 0.125
0 0.61796875 0.559375 0.03828125 0.11875
0 0.23828125 0.93984375 0.0421875 0.11796875
1 0.3140625 0.20703125 0.040625 0.1109375
1 0.38046875 0.8234375 0.03984375 0.125
1 0.925 0.01953125 0.03515625 0.03828125
0 0.44765625 0.20625 0.0390625 0.109375
0 0.34453125 0.8203125 0.03828125 0.121875
0 0.55 0.5578125 0.03984375 0.12265625
1 0.92421875 0.20390625 0.0375 0.1078125
1 0.4171875 0.203125 0.0390625 0.1140625
0 0.30546875 0.93984375 0.04375 0.1171875
0 0.31171875 0.5609375 0.0421875 0.125
1 0.82265625 0.20234375 0.03671875 0.1109375
0 0.86484375 0.20234375 0.04609375 0.11328125
1 0.9625 0.4390625 0.03828125 0.11328125
0 0.6859375 0.4453125 0.0390625 0.1046875
0 0.75625 0.8203125 0.03828125 0.12265625
1 0.96171875 0.203125 0.03984375 0.109375
1 0.1109375 0.56015625 0.03828125 0.121875
0 0.65234375 0.81796875 0.0390625 0.125
0 0.7578125 0.02109375 0.03671875 0.04140625
1 0.3078125 0.8234375 0.03828125 0.12109375
0 0.415625 0.43828125 0.03984375 0.1140625
1 0.6140625 0.4453125 0.0390625 0.109375
1 0.85859375 0.82265625 0.03671875 0.12109375
0 0.38203125 0.20703125 0.0390625 0.109375
0 0.7203125 0.93984375 0.040625 0.11640625
0 0.38125 0.94140625 0.0453125 0.11640625
1 0.7203125 0.44453125 0.03984375 0.10859375
0 0.24765625 0.02265625 0.0390625 0.0453125
0 0.37421875 0.56015625 0.03984375 0.1234375
0 0.178125 0.44375 0.04296875 0.10625
0 0.34453125 0.559375 0.0390625 0.12421875
0 0.875 0.01953125 0.0625 0.0390625
0 0.51640625 0.20625 0.03984375 0.10859375
0 0.75703125 0.20703125 0.0375 0.11015625
0 0.7578125 0.93828125 0.04453125 0.1171875
1 0.7875 0.02109375 0.03515625 0.04140625
0 0.47421875 0.8203125 0.03828125 0.11875
0 0.0421875 0.44375 0.0375 0.11171875
0 0.4140625 0.81953125 0.0359375 0.12421875
0 0.65234375 0.2078125 0.04375 0.11328125
1 0.05 0.0234375 0.034375 0.046875
0 0.27734375 0.56171875 0.04296875 0.1234375
1 0.61875 0.20703125 0.0390625 0.1109375
0 0.2078125 0.9390625 0.04296875 0.11796875
0 0.92265625 0.43984375 0.03828125 0.11171875
0 0.90078125 0.559375 0.05 0.12734375
1 0.3828125 0.0234375 0.03515625 0.04609375
0 0.24375 0.20625 0.03984375 0.11328125
1 0.415625 0.0234375 0.03671875 0.046875
0 0.071875 0.559375 0.0421875 0.12265625
0 0.27109375 0.825 0.04296875 0.11953125
0 0.21171875 0.20703125 0.03984375 0.11484375
0 0.1578125 0.94140625 0.0578125 0.11640625
0 0.92109375 0.9375 0.0375 0.11796875
1 0.28046875 0.0234375 0.03515625 0.046875
0 0.2703125 0.9421875 0.0453125 0.115625
0 0.0546875 0.93984375 0.0625 0.1203125
1 0.72265625 0.021875 0.0375 0.04296875
0 0.28046875 0.20859375 0.0390625 0.11015625
0 0.5140625 0.55625 0.03671875 0.12734375
1 0.9625 0.93828125 0.03671875 0.1171875
1 0.8234375 0.940625 0.03671875 0.1140625
0 0.01484375 0.43828125 0.0296875 0.1140625
0 0.58359375 0.44609375 0.03671875 0.1046875
1 0.45 0.0234375 0.0359375 0.046875
0 0.240625 0.8203125 0.0375 0.12109375
0 0.175 0.55546875 0.03671875 0.125
0 0.0375 0.56015625 0.0390625 0.12421875
0 0.1453125 0.559375 0.03515625 0.12109375
1 0.553125 0.0234375 0.03828125 0.046875
0 0.11171875 0.21015625 0.03828125 0.1125
1 0.95703125 0.01953125 0.0359375 0.03828125
1 0.68203125 0.9390625 0.0421875 0.11640625
0 0.89375 0.821875 0.0375 0.11640625
0 0.6125 0.93828125 0.0375 0.1171875
0 0.10703125 0.815625 0.0421875 0.1171875
0 0.3109375 0.02265625 0.0375 0.0453125
0 0.11328125 0.9421875 0.0546875 0.115625
0 0.346875 0.02265625 0.0375 0.0453125
0 0.0765625 0.0234375 0.0296875 0.046875
0 0.584375 0.0234375 0.03828125 0.04609375
0 0.2421875 0.559375 0.03515625 0.12109375
1 0.61796875 0.02265625 0.03828125 0.0453125
0 0.07734375 0.209375 0.03359375 0.1140625
1 0.14921875 0.2078125 0.03828125 0.10859375
0 0.20859375 0.81875 0.04140625 0.1234375
0 0.18046875 0.2078125 0.03515625 0.109375
0 0.0671875 0.81328125 0.0390625 0.12109375
0 0.82265625 0.82265625 0.0359375 0.11953125
0 0.16484375 0.82109375 0.0390625 0.11953125
0 0.1078125 0.0234375 0.0375 0.046875
1 0.68984375 0.021875 0.03671875 0.04375
1 0.51875 0.0234375 0.0375 0.046875
0 0.7578125 0.44140625 0.04140625 0.1125
1 0.6546875 0.02265625 0.0375 0.0453125
0 0.78984375 0.94296875 0.0359375 0.11328125
0 0.5796875 0.94375 0.03515625 0.1125
0 0.4140625 0.940625 0.0390625 0.11796875
0 0.5515625 0.94453125 0.040625 0.1109375
1 0.9875 0.203125 0.02421875 0.10859375
0 0.13515625 0.44296875 0.0421875 0.1125
1 0.14140625 0.821875 0.03203125 0.1171875
1 0.484375 0.0234375 0.0375 0.046875
0 0.7890625 0.44140625 0.04375 0.1125
0 0.01640625 0.02421875 0.0328125 0.04765625
0 0.01328125 0.825 0.0265625 0.11953125
0 0.446875 0.93828125 0.03828125 0.1171875
0 0.1484375 0.02421875 0.0359375 0.04765625
0 0.6515625 0.9390625 0.0375 0.115625
1 0.58203125 0.825 0.0359375 0.128125
1 0.37578125 0.44296875 0.03828125 0.11484375
1 0.11328125 0.44453125 0.03671875 0.10546875
0 0.92421875 0.8234375 0.03359375 0.1203125
0 0.178125 0.0234375 0.03359375 0.046875
0 0.04140625 0.81640625 0.0328125 0.1171875
0 0.98828125 0.81640625 0.02265625 0.12734375
0 0.01640625 0.940625 0.03203125 0.11875
1 0.98828125 0.55859375 0.0234375 0.11953125
0 0.01171875 0.55859375 0.02265625 0.12109375
1 0.47578125 0.9390625 0.04375 0.11640625
0 0.81953125 0.4421875 0.03828125 0.1109375
1 0.04921875 0.2109375 0.03515625 0.11328125
0 0.2140625 0.02421875 0.0375 0.0484375
0 0.01640625 0.20625 0.03203125 0.115625
0 0.98828125 0.93671875 0.02265625 0.11875
0 0.98984375 0.440625 0.0203125 0.115625
1 0.92734375 0.55859375 0.03515625 0.1234375
1 0.51171875 0.82734375 0.02734375 0.11875
1 0.89375 0.20390625 0.03046875 0.1140625
1 0.9875 0.01875 0.025 0.0375
1 0.5359375 0.82890625 0.04140625 0.12890625