0 0.284375 0.25 0.0640625 0.1203125
0 0.5359375 0.434375 0.0609375 0.109375
1 0.72734375 0.51015625 0.0671875 0.1296875
0 0.96484375 0.45390625 0.065625 0.128125
0 0.65078125 0.1625 0.065625 0.1171875
1 0.97265625 0.83828125 0.0546875 0.1234375
1 0.459375 0.56796875 0.0671875 0.125
1 0.56796875 0.42890625 0.0609375 0.1109375
0 0.4046875 0.4578125 0.0640625 0.121875
1 0.8328125 0.36640625 0.065625 0.11875
1 0.71484375 0.14609375 0.065625 0.1203125
1 0.50078125 0.4453125 0.0625 0.1140625
1 0.66328125 0.52578125 0.0671875 0.1265625
0 0.4328125 0.45390625 0.0625 0.1171875
0 0.7625 0.5 0.065625 0.128125
0 0.428125 0.57578125 0.0671875 0.125
0 0.6953125 0.51953125 0.065625 0.1296875
0 0.23125 0.621875 0.065625 0.1265625
0 0.5171875 0.82109375 0.0609375 0.1234375
0 0.63671875 0.4125 0.065625 0.115625
0 0.68203125 0.784375 0.065625 0.13125
0 0.865625 0.48046875 0.0703125 0.1328125
0 0.94609375 0.846875 0.0625 0.121875
1 0.93515625 0.3421875 0.065625 0.121875
1 0.61484375 0.171875 0.0640625 0.1171875
1 0.8265625 0.48828125 0.0671875 0.1296875
1 0.46640625 0.45234375 0.0640625 0.1140625
0 0.51953125 0.1953125 0.0625 0.115625
1 0.59453125 0.54140625 0.0640625 0.128125
1 0.853125 0.74765625 0.0640625 0.1296875
1 0.60234375 0.42265625 0.0609375 0.1140625
0 0.81328125 0.87890625 0.0640625 0.121875
0 0.34453125 0.9625 0.0640625 0.075
1 0.48203125 0.946875 0.0640625 0.10625
0 0.87109375 0.35703125 0.0671875 0.11875
1 0.253125 0.25703125 0.065625 0.11875
0 0.79453125 0.48984375 0.0640625 0.1234375
1 0.41953125 0.2171875 0.0625 0.1140625
0 0.7828125 0.759375 0.065625 0.13125
1 0.48515625 0.2 0.0625 0.1171875
0 0.3359375 0.4765625 0.0671875 0.121875
0 0.17421875 0.51484375 0.0640625 0.1171875
1 0.7515625 0.77109375 0.0640625 0.13125
0 0.18359375 0.27265625 0.065625 0.121875
0 0.51640625 0.94375 0.0640625 0.1125
0 0.0390625 0.54375 0.065625 0.1234375
1 0.49609375 0.56015625 0.0640625 0.1265625
1 0.35234375 0.23046875 0.0640625 0.121875
0 0.3828125 0.2265625 0.0625 0.115625
0 0.89921875 0.346875 0.0625 0.1171875
0 0.62421875 0.5328125 0.0671875 0.1296875
0 0.31328125 0.053125 0.0484375 0.053125
0 0.56171875 0.54609375 0.0640625 0.128125
0 0.90234375 0.46796875 0.071875 0.1328125
0 0.66875 0.4046875 0.0625 0.1125
0 0.44609375 0.95078125 0.0640625 0.0984375
1 0.846875 0.1171875 0.0609375 0.115625
0 0.821875 0.75390625 0.0640625 0.1296875
0 0.31953125 0.2421875 0.0625 0.1171875
0 0.72109375 0.775 0.065625 0.1296875
0 0.36015625 0.59375 0.0671875 0.1296875
1 0.9203125 0.734375 0.0625 0.128125
1 0.20703125 0.50703125 0.0609375 0.115625
1 0.88359375 0.1078125 0.0640625 0.115625
0 0.390625 0.5859375 0.065625 0.128125
0 0.3140625 0.965625 0.065625 0.06875
0 0.45 0.21015625 0.0625 0.1140625
0 0.05546875 0.30546875 0.065625 0.121875
1 0.44296875 0.0234375 0.0453125 0.046875
0 0.26484375 0.97265625 0.0765625 0.0546875
0 0.52734375 0.55234375 0.0640625 0.1296875
0 0.38203125 0.85859375 0.0609375 0.121875
0 0.22109375 0.2671875 0.065625 0.1203125
0 0.47734375 0.0203125 0.0453125 0.040625
0 0.85078125 0.86953125 0.06875 0.1234375
1 0.55 0.18828125 0.0609375 0.1171875
0 0.13359375 0.525 0.06875 0.1234375
0 0.33125 0.60390625 0.0703125 0.134375
0 0.196875 0.628125 0.0625 0.1265625
0 0.146875 0.09140625 0.046875 0.053125
0 0.2984375 0.48046875 0.0703125 0.125
0 0.096875 0.6546875 0.0625 0.1234375
1 0.70234375 0.39609375 0.0625 0.1140625
0 0.353125 0.86484375 0.0609375 0.1203125
0 0.290625 0.61015625 0.0671875 0.13125
0 0.15390625 0.28203125 0.0671875 0.1265625
1 0.99375 0.70703125 0.0125 0.1296875
0 0.40859375 0.03125 0.0484375 0.053125
0 0.44609375 0.8375 0.065625 0.1296875
0 0.2359375 0.4984375 0.059375 0.1140625
0 0.5828125 0.18203125 0.0671875 0.1203125
0 0.68515625 0.1546875 0.059375 0.115625
0 0.24453125 0.8859375 0.0671875 0.1265625
0 0.22421875 0.978125 0.0734375 0.04375
0 0.1640625 0.9828125 0.08125 0.034375
0 0.13203125 0.64609375 0.0625 0.125
0 0.98828125 0.83046875 0.0234375 0.1234375
0 0.12421875 0.2875 0.0609375 0.1171875
1 0.0921875 0.29609375 0.0640625 0.1171875
0 0.75390625 0.13828125 0.0640625 0.1203125
1 0.365625 0.46875 0.0640625 0.121875
0 0.5484375 0.821875 0.059375 0.121875
0 0.375 0.96171875 0.065625 0.0765625
1 0.178125 0.084375 0.04375 0.0515625
0 0.70859375 0.9015625 0.0609375 0.121875
1 0.775 0.88671875 0.065625 0.1234375
1 0.9140625 0.85625 0.0609375 0.11875
1 0.27734375 0.0609375 0.0453125 0.05
0 0.02734375 0.31640625 0.0546875 0.1234375
1 0.0734375 0.53671875 0.05625 0.1140625
0 0.01953125 0.54765625 0.0390625 0.1203125
0 0.8828125 0.86640625 0.0609375 0.11875
0 0.2046875 0.89375 0.06875 0.1265625
1 0.26875 0.48984375 0.059375 0.11875
0 0.06328125 0.66328125 0.065625 0.1296875
0 0.40859375 0.9546875 0.0640625 0.090625
1 0.34453125 0.046875 0.0453125 0.053125
1 0.50859375 0.01640625 0.0453125 0.0328125
0 0.95625 0.72265625 0.065625 0.128125
0 0.16796875 0.63828125 0.0625 0.125
0 0.2875 0.87578125 0.065625 0.128125
1 0.4203125 0.8515625 0.0625 0.125
0 0.48203125 0.83203125 0.0609375 0.1265625
0 0.14921875 0.90234375 0.0671875 0.1265625
0 0.2625 0.615625 0.059375 0.125
0 0.7921875 0.128125 0.065625 0.11875
0 0.31953125 0.871875 0.0609375 0.1234375
1 0.653125 0.7984375 0.0609375 0.1265625
0 0.09921875 0.92578125 0.053125 0.121875
1 0.54296875 0.0125 0.0453125 0.025
1 0.3765625 0.03828125 0.0453125 0.0515625
0 0.0171875 0.121875 0.034375 0.053125
0 0.88515625 0.7375 0.0640625 0.1296875
0 0.678125 0.91328125 0.059375 0.11875
0 0.2078125 0.0765625 0.0453125 0.05
0 0.65078125 0.92109375 0.0625 0.115625
0 0.24296875 0.06953125 0.046875 0.0515625
1 0.5765625 0.0078125 0.04375 0.015625
1 0.9078125 0.09765625 0.0484375 0.109375
0 0.10234375 0.53046875 0.053125 0.1140625
0 0.74609375 0.89375 0.0609375 0.1203125
0 0.7375 0.38359375 0.065625 0.1203125
0 0.546875 0.9390625 0.0625 0.121875
0 0.12421875 0.9125 0.0546875 0.11875
0 0.0515625 0.1140625 0.0453125 0.053125
0 0.978125 0.71796875 0.04375 0.1265625
1 0.9265625 0.46484375 0.0625 0.1328125
0 0.03671875 0.66875 0.046875 0.121875
1 0.01328125 0.31796875 0.0265625 0.1234375
0 0.078125 0.1078125 0.0421875 0.0515625
0 0.9640625 0.3375 0.046875 0.121875
0 0.76796875 0.3765625 0.0671875 0.1203125
0 0.11328125 0.09921875 0.0453125 0.0515625
1 0.815625 0.12421875 0.0578125 0.11875
0 0.79765625 0.37109375 0.0625 0.11875
1 0.98203125 0.45078125 0.0359375 0.1203125
1 0.5765625 0.9328125 0.0671875 0.1234375
1 0.58515625 0.815625 0.053125 0.1203125
1 0.18515625 0.9015625 0.053125 0.1234375
0 0.1828125 0.98046875 0.071875 0.0390625