1 0.7125 0.903125 0.0921875 0.1703125
1 0.79296875 0.92109375 0.0921875 0.1578125
1 0.503125 0.86484375 0.090625 0.16875
1 0.790625 0.76875 0.0875 0.159375
1 0.6546875 0.396875 0.0875 0.1625
0 0.12734375 0.78046875 0.0875 0.16875
1 0.66015625 0.7390625 0.0875 0.159375
0 0.74609375 0.7578125 0.0890625 0.1578125
0 0.75703125 0.9171875 0.0890625 0.165625
0 0.728125 0.26171875 0.0875 0.159375
1 0.6109375 0.228125 0.0859375 0.1625
0 0.70546875 0.753125 0.0921875 0.1625
1 0.57421875 0.3828125 0.084375 0.165625
0 0.46484375 0.85078125 0.0921875 0.178125
1 0.76875 0.2703125 0.08125 0.15625
1 0.8640625 0.44609375 0.084375 0.1640625
0 0.671875 0.89765625 0.09375 0.16875
0 0.54140625 0.7109375 0.0890625 0.159375
1 0.4234375 0.84765625 0.0921875 0.1765625
0 0.69921875 0.4078125 0.084375 0.165625
0 0.5015625 0.69921875 0.0875 0.1609375
1 0.90234375 0.4578125 0.084375 0.1640625
1 0.16484375 0.78828125 0.0828125 0.1671875
1 0.8296875 0.775 0.0859375 0.159375
1 0.81484375 0.27890625 0.0796875 0.153125
1 0.8984375 0.3015625 0.0796875 0.1546875
0 0.1171875 0.61328125 0.084375 0.165625
0 0.534375 0.37265625 0.090625 0.1703125
1 0.07109375 0.6015625 0.1015625 0.175
0 0.73515625 0.41640625 0.084375 0.16875
0 0.22421875 0.1375 0.0796875 0.1625
0 0.1859375 0.28671875 0.0875 0.1734375
0 0.78046875 0.42578125 0.0875 0.16875
0 0.46171875 0.69375 0.090625 0.165625
0 0.32109375 0.31640625 0.09375 0.165625
0 0.56953125 0.221875 0.084375 0.1609375
1 0.9359375 0.30859375 0.08125 0.1546875
1 0.8203125 0.4359375 0.084375 0.165625
0 0.590625 0.72265625 0.0890625 0.159375
0 0.27421875 0.30625 0.0875 0.1703125
1 0.87890625 0.93125 0.0890625 0.1375
1 0.83125 0.92578125 0.090625 0.1484375
1 0.8515625 0.2890625 0.0796875 0.1546875
0 0.52734375 0.21171875 0.078125 0.159375
0 0.2359375 0.2953125 0.0859375 0.171875
0 0.49296875 0.36015625 0.0859375 0.178125
0 0.37890625 0.8375 0.090625 0.175
0 0.3046875 0.153125 0.0828125 0.1625
0 0.26796875 0.14765625 0.0765625 0.1578125
0 0.65625 0.23671875 0.09375 0.165625
1 0.96796875 0.31484375 0.0640625 0.1578125
1 0.6125 0.38828125 0.084375 0.159375
1 0.9140625 0.7953125 0.0859375 0.1625
1 0.08359375 0.26328125 0.0984375 0.1765625
1 0.9421875 0.4640625 0.084375 0.165625
1 0.990625 0.32578125 0.01875 0.1578125
1 0.9734375 0.478125 0.053125 0.16875
1 0.14453125 0.278125 0.1 0.1796875
0 0.353125 0.16640625 0.08125 0.159375
1 0.8671875 0.7875 0.0875 0.1625
1 0.62265625 0.7375 0.084375 0.15625
0 0.2421875 0.640625 0.0828125 0.159375
0 0.6234375 0.896875 0.09375 0.175
1 0.18046875 0.125 0.0953125 0.1671875
1 0.165625 0.62421875 0.0890625 0.165625
0 0.209375 0.79765625 0.090625 0.171875
1 0.11953125 0.10625 0.096875 0.1734375
0 0.1921875 0.63125 0.090625 0.165625
1 0.0796875 0.76796875 0.0828125 0.1640625
0 0.58203125 0.88984375 0.0921875 0.1765625
1 0.54609375 0.8703125 0.0859375 0.1625
1 0.0296875 0.584375 0.059375 0.18125
1 0.41328125 0.68125 0.0921875 0.1640625
1 0.04140625 0.7578125 0.0828125 0.16875
0 0.36328125 0.8359375 0.0734375 0.1703125