0 0.36171875 0.19921875 0.0453125 0.1140625
1 0.75234375 0.571875 0.046875 0.1234375
0 0.3484375 0.434375 0.046875 0.1125
0 0.4421875 0.55390625 0.0484375 0.125
0 0.7375 0.215625 0.046875 0.1125
1 0.51640625 0.446875 0.0453125 0.1109375
1 0.3125 0.434375 0.04375 0.1078125
1 0.215625 0.4296875 0.0421875 0.10625
0 0.78671875 0.57109375 0.046875 0.11875
0 0.20859375 0.54375 0.0453125 0.125
0 0.55390625 0.446875 0.0453125 0.10625
1 0.80234375 0.21796875 0.0453125 0.115625
1 0.58046875 0.5625 0.0453125 0.1203125
1 0.65 0.5703125 0.046875 0.11875
0 0.428125 0.81484375 0.0421875 0.121875
1 0.321875 0.93046875 0.0515625 0.1203125
0 0.68515625 0.571875 0.04375 0.1203125
1 0.47421875 0.559375 0.0484375 0.1234375
1 0.7 0.215625 0.046875 0.1125
1 0.0953125 0.9171875 0.0609375 0.1203125
1 0.28203125 0.43203125 0.0453125 0.109375
0 0.41953125 0.43359375 0.0453125 0.1171875
1 0.81640625 0.5765625 0.0453125 0.121875
0 0.59609375 0.82421875 0.046875 0.128125
1 0.9578125 0.58203125 0.046875 0.121875
1 0.48125 0.4453125 0.046875 0.1109375
0 0.4484375 0.43671875 0.0453125 0.1140625
0 0.41015625 0.55546875 0.0484375 0.1265625
1 0.77109375 0.83671875 0.0453125 0.1234375
1 0.08046875 0.42421875 0.04375 0.1125
0 0.88203125 0.22421875 0.053125 0.1171875
1 0.66640625 0.83125 0.04375 0.1296875
0 0.85546875 0.5796875 0.05 0.1234375
1 0.5 0.20546875 0.0453125 0.109375
0 0.246875 0.428125 0.0421875 0.10625
0 0.60234375 0.2125 0.0453125 0.1140625
0 0.7 0.828125 0.046875 0.1265625
0 0.6546875 0.45390625 0.05 0.1109375
1 0.6171875 0.45234375 0.0453125 0.1125
0 0.546875 0.56015625 0.0484375 0.1234375
0 0.46328125 0.20390625 0.0453125 0.1125
0 0.328125 0.8109375 0.0453125 0.125
1 0.10859375 0.53984375 0.04375 0.1234375
1 0.71640625 0.571875 0.0484375 0.125
1 0.84765625 0.03828125 0.0375 0.04375
0 0.61328125 0.5671875 0.04375 0.121875
1 0.9421875 0.84453125 0.040625 0.1234375
0 0.309375 0.55078125 0.0484375 0.1265625
1 0.9390625 0.228125 0.04375 0.1140625
1 0.56875 0.2078125 0.046875 0.1140625
0 0.13828125 0.91953125 0.059375 0.121875
1 0.3296875 0.19765625 0.046875 0.1125
1 0.8375 0.221875 0.0421875 0.1171875
1 0.85625 0.4609375 0.04375 0.1171875
1 0.96484375 0.4625 0.0453125 0.115625
0 0.73828125 0.83046875 0.0453125 0.125
1 0.3640625 0.81640625 0.046875 0.1265625
0 0.696875 0.9453125 0.046875 0.109375
1 0.8921875 0.45859375 0.04375 0.11875
0 0.28359375 0.92890625 0.0484375 0.11875
0 0.63515625 0.82578125 0.0453125 0.1265625
0 0.18046875 0.42734375 0.05 0.109375
0 0.68828125 0.45546875 0.0453125 0.10625
1 0.29140625 0.8125 0.0453125 0.125
0 0.53359375 0.2078125 0.046875 0.1109375
0 0.340625 0.5515625 0.0484375 0.125
1 0.94921875 0.0421875 0.0375 0.0390625
0 0.39765625 0.20234375 0.0453125 0.1125
0 0.7828125 0.034375 0.0390625 0.0421875
0 0.37109375 0.553125 0.046875 0.1265625
0 0.734375 0.94609375 0.05 0.1078125
1 0.840625 0.8421875 0.0421875 0.121875
0 0.0453125 0.41640625 0.04375 0.1140625
0 0.35859375 0.934375 0.05 0.11875
1 0.72265625 0.45625 0.04375 0.109375
0 0.259375 0.19375 0.046875 0.115625
0 0.8765625 0.84375 0.0453125 0.115625
0 0.6671875 0.21640625 0.0484375 0.115625
0 0.771875 0.221875 0.0421875 0.1125
1 0.6328125 0.2140625 0.0453125 0.115625
0 0.396875 0.81484375 0.0421875 0.125
0 0.26875 0.5484375 0.046875 0.1265625
1 0.175 0.01484375 0.0375 0.0296875
0 0.27109375 0.015625 0.0390625 0.03125
1 0.4328125 0.203125 0.0453125 0.1125
0 0.9265625 0.4625 0.0453125 0.1171875
0 0.06875 0.53671875 0.0484375 0.125
0 0.296875 0.1984375 0.0453125 0.1125
1 0.4390625 0.02109375 0.0375 0.0421875
0 0.034375 0.91640625 0.0671875 0.1234375
0 0.82890625 0.95 0.0453125 0.1
0 0.2578125 0.8078125 0.046875 0.1234375
0 0.22734375 0.19296875 0.0453125 0.1171875
1 0.8 0.94921875 0.04375 0.1015625
0 0.9 0.03984375 0.0640625 0.0421875
0 0.45703125 0.8234375 0.0421875 0.1203125
0 0.2171875 0.92578125 0.0453125 0.1203125
0 0.51171875 0.55703125 0.0453125 0.128125
1 0.07578125 0.0125 0.0359375 0.025
1 0.30546875 0.01796875 0.0359375 0.0359375
1 0.9765625 0.23125 0.0453125 0.1171875
1 0.81171875 0.0359375 0.0359375 0.0421875
0 0.12734375 0.1890625 0.0453125 0.1140625
0 0.8671875 0.9484375 0.04375 0.103125
0 0.01875 0.4140625 0.0359375 0.1140625
1 0.40703125 0.0203125 0.0359375 0.040625
0 0.5875 0.45 0.046875 0.1109375
0 0.171875 0.5390625 0.0421875 0.1265625
0 0.5890625 0.9421875 0.04375 0.115625
1 0.65859375 0.94375 0.0484375 0.1125
0 0.8953125 0.58046875 0.053125 0.128125
0 0.09140625 0.79609375 0.0453125 0.1171875
0 0.03515625 0.5359375 0.0453125 0.1265625
0 0.18515625 0.92578125 0.046875 0.11875
0 0.22421875 0.80625 0.0421875 0.1234375
0 0.2484375 0.93046875 0.0484375 0.115625
0 0.33671875 0.01796875 0.0390625 0.0359375
1 0.93828125 0.95 0.0421875 0.1
1 0.578125 0.0265625 0.040625 0.0484375
0 0.14296875 0.540625 0.040625 0.121875
0 0.05546875 0.79375 0.0421875 0.1171875
1 0.1640625 0.190625 0.0453125 0.1125
1 0.47421875 0.02265625 0.0390625 0.0453125
1 0.74609375 0.03359375 0.0390625 0.04375
0 0.371875 0.01953125 0.040625 0.0390625
0 0.2390625 0.54609375 0.0421875 0.1234375
1 0.64375 0.0296875 0.0390625 0.046875
0 0.76640625 0.95 0.0421875 0.1
0 0.19609375 0.1921875 0.040625 0.1125
0 0.19296875 0.80390625 0.046875 0.125
0 0.89765625 0.94921875 0.0421875 0.1015625
0 0.60859375 0.0265625 0.0375 0.0453125
1 0.98125 0.04296875 0.0375 0.0390625
0 0.09296875 0.18828125 0.0390625 0.1171875
1 0.6796875 0.03046875 0.0390625 0.0453125
0 0.528125 0.9453125 0.046875 0.109375
0 0.55546875 0.94453125 0.0421875 0.1109375
1 0.5640625 0.828125 0.04375 0.128125
0 0.39140625 0.9359375 0.04375 0.11875
0 0.80390625 0.83671875 0.04375 0.1234375
0 0.1375 0.42421875 0.0484375 0.1140625
0 0.20390625 0.015625 0.0359375 0.03125
0 0.42421875 0.93515625 0.0453125 0.11875
0 0.15 0.803125 0.04375 0.1203125
1 0.12578125 0.80234375 0.0375 0.1171875
1 0.11640625 0.4234375 0.040625 0.10625
0 0.9109375 0.84296875 0.0375 0.11875
0 0.76015625 0.45390625 0.046875 0.1125
1 0.54140625 0.0265625 0.040625 0.0515625
0 0.13359375 0.01328125 0.0390625 0.0265625
0 0.00625 0.79921875 0.0125 0.1203125
1 0.71484375 0.03203125 0.0375 0.04375
0 0.628125 0.94375 0.04375 0.1125
0 0.821875 0.45859375 0.0421875 0.1140625
1 0.37890625 0.4375 0.04375 0.115625
0 0.0421875 0.0109375 0.034375 0.021875
0 0.790625 0.45546875 0.05 0.1140625
0 0.02578125 0.79296875 0.0390625 0.1203125
0 0.00703125 0.91484375 0.0140625 0.1203125
0 0.0109375 0.53125 0.021875 0.121875
0 0.10078125 0.01171875 0.0296875 0.0234375
1 0.45390625 0.9375 0.0484375 0.1171875
1 0.99296875 0.2265625 0.0140625 0.109375
0 0.97109375 0.84140625 0.0296875 0.128125
1 0.984375 0.58359375 0.0296875 0.1203125
1 0.51015625 0.0234375 0.0390625 0.046875
1 0.06484375 0.18828125 0.0421875 0.1171875
0 0.03359375 0.18046875 0.0390625 0.1140625
0 0.96484375 0.95 0.0296875 0.1
0 0.9890625 0.46484375 0.021875 0.1171875
1 0.9234375 0.58046875 0.0421875 0.125
0 0.240625 0.0171875 0.040625 0.034375
1 0.49453125 0.8265625 0.0359375 0.1203125
0 0.1453125 0.0140625 0.028125 0.028125