1 0.54296875 0.0921875 0.1140625 0.184375
1 0.33203125 0.1296875 0.1171875 0.1984375
0 0.49375 0.71328125 0.0921875 0.1875
1 0.4734375 0.10078125 0.1109375 0.1953125
1 0.40703125 0.11640625 0.1140625 0.1921875
0 0.51328125 0.28671875 0.1078125 0.19375
0 0.5859375 0.2625 0.109375 0.1953125
0 0.26484375 0.340625 0.0921875 0.19375
0 0.43828125 0.303125 0.1140625 0.2
0 0.3703125 0.31640625 0.1078125 0.196875
1 0.1609375 0.78828125 0.0953125 0.1875
1 0.2265625 0.15 0.096875 0.2
1 0.30234375 0.7546875 0.0953125 0.1890625
1 0.17421875 0.16015625 0.096875 0.1984375
1 0.31015625 0.33046875 0.0953125 0.19375
1 0.353125 0.7484375 0.0953125 0.1890625
1 0.69609375 0.2484375 0.09375 0.196875
1 0.68359375 0.67578125 0.0921875 0.1890625
1 0.27109375 0.140625 0.096875 0.1984375
1 0.0734375 0.38046875 0.096875 0.196875
1 0.115625 0.36953125 0.0953125 0.1984375
1 0.2125 0.35078125 0.09375 0.19375
1 0.64140625 0.253125 0.090625 0.1921875
0 0.83671875 0.05625 0.1078125 0.1125
0 0.60703125 0.084375 0.0921875 0.16875
1 0.25625 0.7671875 0.0953125 0.1890625
1 0.20546875 0.77890625 0.096875 0.1890625
1 0.33828125 0.921875 0.0921875 0.15625
1 0.071875 0.796875 0.0765625 0.190625
1 0.109375 0.79921875 0.09375 0.1890625
1 0.03515625 0.390625 0.0703125 0.2
0 0.43359375 0.9109375 0.0859375 0.178125
1 0.24453125 0.93125 0.0953125 0.1375
1 0.0390625 0.18984375 0.078125 0.1953125
1 0.39453125 0.734375 0.0921875 0.1875
1 0.1953125 0.9359375 0.103125 0.128125
0 0.7296875 0.6671875 0.09375 0.1921875
0 0.840625 0.215625 0.090625 0.1890625
1 0.390625 0.915625 0.090625 0.16875
1 0.865625 0.83203125 0.0890625 0.19375
0 0.746875 0.23828125 0.103125 0.2015625
1 0.63203125 0.68671875 0.090625 0.1859375
0 0.84140625 0.646875 0.1078125 0.203125
1 0.29453125 0.92578125 0.0921875 0.1484375
0 0.771875 0.06171875 0.096875 0.1234375
1 0.0109375 0.39921875 0.021875 0.1953125
1 0.53671875 0.7046875 0.090625 0.1859375
0 0.6734375 0.871875 0.0875 0.196875
0 0.8234375 0.8421875 0.0921875 0.1984375
1 0.58828125 0.69296875 0.0921875 0.1859375
1 0.44765625 0.72265625 0.0953125 0.1890625
1 0.16875 0.3609375 0.09375 0.1921875
1 0.1109375 0.94453125 0.078125 0.1109375
1 0.075 0.17890625 0.0953125 0.19375
1 0.1296875 0.16796875 0.0953125 0.196875
0 0.7859375 0.65390625 0.0984375 0.196875
0 0.76875 0.85234375 0.09375 0.1953125
0 0.6625 0.078125 0.0875 0.15625
0 0.884375 0.19921875 0.084375 0.18125
0 0.52734375 0.9 0.0921875 0.1953125
0 0.709375 0.07109375 0.09375 0.1421875
0 0.9359375 0.62265625 0.109375 0.203125
0 0.9609375 0.81875 0.078125 0.184375
1 0.79453125 0.2234375 0.0875 0.1921875
1 0.01015625 0.19921875 0.0203125 0.1890625
1 0.58125 0.88984375 0.0921875 0.1921875
1 0.97734375 0.60859375 0.0453125 0.1890625
1 0.146875 0.940625 0.09375 0.11875
1 0.7234375 0.8625 0.0921875 0.196875
1 0.47890625 0.90625 0.0890625 0.1875
1 0.9171875 0.82265625 0.090625 0.1875
1 0.63125 0.88125 0.0953125 0.19375