0 0.2125 0.06796875 0.07109375 0.1359375
1 0.2765625 0.06875 0.06953125 0.1375
0 0.4703125 0.06875 0.06953125 0.1375
0 0.14375 0.06640625 0.075 0.1328125
0 0.40625 0.06875 0.06796875 0.1375
1 0.5375 0.0703125 0.07421875 0.140625
0 0.6 0.0703125 0.06796875 0.140625
0 0.340625 0.06875 0.06953125 0.1375
0 0.4703125 0.25546875 0.06640625 0.2359375
0 0.53671875 0.259375 0.075 0.234375
0 0.3375 0.25625 0.07421875 0.2375
0 0.13984375 0.24921875 0.0765625 0.22890625
1 0.40625 0.25546875 0.06953125 0.23359375
0 0.8 0.06953125 0.075 0.1390625
0 0.26875 0.2578125 0.06796875 0.240625
0 0.9328125 0.071875 0.08046875 0.14296875
0 0.20625 0.25390625 0.06328125 0.23359375
0 0.3359375 0.76171875 0.0765625 0.2484375
0 0.66875 0.271875 0.07421875 0.2125
0 0.86640625 0.265625 0.0796875 0.221875
0 0.59921875 0.77265625 0.0703125 0.259375
0 0.4703125 0.77890625 0.06953125 0.246875
0 0.2015625 0.765625 0.075 0.2609375
0 0.7375 0.2703125 0.07421875 0.209375
0 0.6640625 0.77265625 0.06953125 0.2515625
0 0.7296875 0.76796875 0.07109375 0.2390625
0 0.603125 0.26171875 0.06953125 0.22109375
0 0.7984375 0.76953125 0.0703125 0.24140625
0 0.86796875 0.77890625 0.08125 0.246875
0 0.9453125 0.80078125 0.08671875 0.24609375
0 0.98125 0.2703125 0.03671875 0.2265625
0 0.40625 0.7625 0.06015625 0.23828125
0 0.14296875 0.76171875 0.05078125 0.24140625
0 0.26953125 0.75703125 0.05625 0.24765625
0 0.534375 0.77109375 0.0703125 0.22734375
0 0.79765625 0.25859375 0.053125 0.23515625
0 0.9359375 0.26796875 0.05390625 0.23828125
0 0.7328125 0.06875 0.0625 0.1375
0 0.66875 0.0734375 0.06484375 0.14609375
0 0.86484375 0.071875 0.0578125 0.14375