1 0.7609375 0.51875 0.059375 0.1265625
0 0.30234375 0.234375 0.05625 0.1171875
1 0.7375 0.16015625 0.05625 0.1171875
0 0.4546875 0.56640625 0.0578125 0.128125
0 0.49453125 0.821875 0.0546875 0.121875
0 0.33828125 0.4671875 0.0578125 0.115625
0 0.6734375 0.17265625 0.0578125 0.1140625
1 0.5046875 0.44453125 0.05625 0.1125
1 0.303125 0.475 0.0546875 0.1109375
0 0.66171875 0.79609375 0.0578125 0.13125
0 0.54140625 0.43671875 0.05625 0.109375
1 0.59140625 0.54453125 0.05625 0.125
1 0.840625 0.38984375 0.0546875 0.1140625
1 0.20703125 0.48984375 0.053125 0.1078125
0 0.43671875 0.44921875 0.05625 0.115625
1 0.83515625 0.77265625 0.05625 0.1265625
1 0.63671875 0.18046875 0.0578125 0.115625
1 0.6609375 0.5375 0.0578125 0.121875
1 0.190625 0.96484375 0.071875 0.0703125
1 0.43671875 0.2125 0.05625 0.1140625
0 0.22265625 0.60234375 0.05625 0.1265625
1 0.87578125 0.3828125 0.0546875 0.1109375
0 0.79375 0.51015625 0.059375 0.128125
0 0.64375 0.421875 0.0546875 0.1109375
1 0.46953125 0.45 0.05625 0.1140625
0 0.4234375 0.571875 0.059375 0.1265625
1 0.4875 0.5609375 0.0578125 0.125
1 0.82578125 0.5109375 0.0578125 0.1265625
1 0.27265625 0.47890625 0.0546875 0.1125
0 0.40703125 0.4515625 0.05625 0.11875
0 0.6953125 0.53203125 0.0609375 0.1296875
0 0.86484375 0.50546875 0.0609375 0.128125
0 0.7640625 0.7796875 0.0578125 0.1296875
1 0.2703125 0.23984375 0.0578125 0.115625
0 0.903125 0.49609375 0.065625 0.13125
1 0.50625 0.19921875 0.0578125 0.11875
0 0.78671875 0.9 0.0578125 0.1203125
1 0.7328125 0.7890625 0.0546875 0.13125
1 0.98828125 0.7453125 0.0234375 0.128125
0 0.540625 0.19453125 0.05625 0.11875
0 0.621875 0.54140625 0.05625 0.1265625
0 0.55859375 0.55078125 0.059375 0.128125
0 0.403125 0.21796875 0.05625 0.115625
0 0.8015625 0.7734375 0.0578125 0.128125
1 0.43203125 0.8375 0.0578125 0.128125
1 0.6046875 0.428125 0.0546875 0.1140625
0 0.70078125 0.78984375 0.0578125 0.128125
0 0.2375 0.48203125 0.053125 0.109375
0 0.32421875 0.5921875 0.059375 0.134375
0 0.1390625 0.496875 0.053125 0.1140625
0 0.675 0.41796875 0.0546875 0.1109375
0 0.3109375 0.95703125 0.05625 0.0859375
0 0.1734375 0.49453125 0.0578125 0.1125
1 0.771875 0.15546875 0.053125 0.115625
0 0.39609375 0.8421875 0.05625 0.125
1 0.709375 0.41171875 0.0546875 0.1125
1 0.965625 0.48515625 0.059375 0.128125
1 0.8734375 0.1390625 0.053125 0.1140625
0 0.23203125 0.9609375 0.0703125 0.078125
1 0.36015625 0.84765625 0.0546875 0.125
1 0.94375 0.3703125 0.05625 0.11875
1 0.903125 0.76484375 0.053125 0.125
0 0.728125 0.528125 0.0578125 0.1328125
1 0.90859375 0.13515625 0.0546875 0.1125
0 0.8234375 0.89296875 0.0625 0.121875
0 0.6046875 0.1875 0.0609375 0.11875
0 0.334375 0.23203125 0.05625 0.1171875
1 0.37265625 0.2234375 0.05625 0.115625
0 0.2 0.25078125 0.059375 0.11875
1 0.3421875 0.0421875 0.0421875 0.0515625
0 0.0375 0.51484375 0.0546875 0.1171875
0 0.81484375 0.14921875 0.0625 0.1203125
1 0.2078125 0.06328125 0.040625 0.05
0 0.2375 0.24765625 0.05625 0.1171875
0 0.91875 0.88125 0.0578125 0.1203125
0 0.07109375 0.50546875 0.053125 0.1171875
0 0.9078125 0.3765625 0.05625 0.1140625
0 0.67890625 0.0046875 0.0421875 0.009375
1 0.88828125 0.884375 0.0546875 0.11875
1 0.4734375 0.20703125 0.0546875 0.115625
0 0.44453125 0.94609375 0.0609375 0.1078125
1 0.5703125 0.19296875 0.0546875 0.1171875
0 0.175 0.06796875 0.04375 0.05
0 0.7078125 0.1703125 0.053125 0.1140625
0 0.13125 0.96953125 0.078125 0.0609375
0 0.77578125 0.39609375 0.0609375 0.1171875
1 0.0796875 0.08515625 0.040625 0.053125
0 0.384375 0.5796875 0.05625 0.1296875
0 0.9546875 0.871875 0.05625 0.121875
0 0.32734375 0.8515625 0.0578125 0.1265625
1 0.309375 0.046875 0.040625 0.05
0 0.525 0.8234375 0.0515625 0.121875
0 0.5234375 0.55703125 0.0578125 0.1296875
0 0.284375 0.59609375 0.0578125 0.13125
0 0.23828125 0.05703125 0.04375 0.0484375
0 0.4609375 0.83046875 0.053125 0.128125
0 0.28125 0.95859375 0.05625 0.0828125
0 0.07109375 0.271875 0.05625 0.115625
1 0.7484375 0.90546875 0.059375 0.121875
0 0.16953125 0.25625 0.0578125 0.1203125
1 0.3765625 0.03828125 0.0421875 0.053125
0 0.34609375 0.95546875 0.0578125 0.0890625
0 0.74375 0.40234375 0.0578125 0.1171875
0 0.4125 0.94765625 0.059375 0.1046875
0 0.1625 0.8765625 0.05625 0.1203125
0 0.575 0.4328125 0.05625 0.1140625
1 0.478125 0.0234375 0.04375 0.046875
1 0.10703125 0.2671875 0.05625 0.1140625
0 0.1234375 0.6234375 0.0546875 0.1296875
0 0.68046875 0.91484375 0.0546875 0.121875
0 0.35625 0.584375 0.0578125 0.1296875
0 0.2546875 0.6 0.053125 0.1265625
0 0.97890625 0.865625 0.0421875 0.121875
0 0.29296875 0.85703125 0.0546875 0.1265625
0 0.0859375 0.62734375 0.0578125 0.128125
0 0.1390625 0.26171875 0.053125 0.1140625
0 0.18671875 0.6046875 0.053125 0.1265625
0 0.9390625 0.75703125 0.05625 0.1203125
0 0.12578125 0.8796875 0.053125 0.11875
0 0.85625 0.8921875 0.053125 0.1171875
0 0.01640625 0.51484375 0.0328125 0.1171875
0 0.2625 0.86015625 0.0578125 0.128125
0 0.109375 0.0796875 0.040625 0.0515625
0 0.21953125 0.86796875 0.0546875 0.1234375
0 0.2734375 0.05234375 0.04375 0.05
1 0.5421875 0.01796875 0.04375 0.0359375
1 0.10703125 0.503125 0.0515625 0.1140625
0 0.053125 0.63203125 0.05625 0.1296875
1 0.6453125 0.00859375 0.04375 0.0171875
0 0.48359375 0.94296875 0.0546875 0.1140625
0 0.5078125 0.0203125 0.04375 0.040625
0 0.8671875 0.765625 0.05625 0.1265625
0 0.1546875 0.6171875 0.0515625 0.128125
0 0.646875 0.925 0.053125 0.11875
1 0.19609375 0.8734375 0.0484375 0.1203125
0 0.37734375 0.9515625 0.0578125 0.096875
1 0.4421875 0.02734375 0.04375 0.053125
1 0.578125 0.01484375 0.04375 0.0296875
0 0.71875 0.91015625 0.0546875 0.11875
0 0.6203125 0.93125 0.0578125 0.115625
1 0.36875 0.46328125 0.05625 0.11875
1 0.93515625 0.1296875 0.0421875 0.1109375
0 0.96953125 0.753125 0.0515625 0.125
0 0.06953125 0.89765625 0.04375 0.121875
0 0.51640625 0.940625 0.0546875 0.11875
0 0.096875 0.8859375 0.05 0.1203125
0 0.0375 0.08984375 0.0453125 0.0515625
1 0.61171875 0.0109375 0.0421875 0.021875
0 0.090625 0.975 0.05 0.05
0 0.80625 0.39296875 0.0546875 0.115625
0 0.03671875 0.27890625 0.0515625 0.1171875
0 0.01171875 0.09375 0.0234375 0.05
1 0.41015625 0.03203125 0.0421875 0.0515625
0 0.0265625 0.63515625 0.040625 0.125
1 0.5453125 0.9375 0.059375 0.1203125
1 0.984375 0.48125 0.03125 0.121875
1 0.63203125 0.80703125 0.053125 0.13125
0 0.97421875 0.36484375 0.0375 0.115625
1 0.0171875 0.28515625 0.034375 0.1171875
0 0.9390625 0.48984375 0.0578125 0.128125
0 0.14453125 0.0734375 0.04375 0.0515625
1 0.56015625 0.82109375 0.0453125 0.125
1 0.84296875 0.146875 0.046875 0.1171875
0 0.91953125 0.49921875 0.065625 0.1328125
0 0.23203125 0.8703125 0.0515625 0.121875
0 0.0515625 0.08828125 0.0328125 0.05