0 0.32578125 0.21953125 0.046875 0.115625
1 0.76640625 0.18203125 0.046875 0.115625
1 0.7578125 0.540625 0.0484375 0.121875
0 0.44921875 0.5609375 0.0484375 0.125
0 0.34140625 0.453125 0.05 0.1140625
1 0.509375 0.4453125 0.046875 0.1109375
1 0.31015625 0.4578125 0.046875 0.1125
0 0.79140625 0.5359375 0.0484375 0.125
1 0.5875 0.553125 0.046875 0.1234375
0 0.46640625 0.81953125 0.0453125 0.121875
0 0.546875 0.440625 0.046875 0.1078125
1 0.65703125 0.55078125 0.05 0.1203125
0 0.63515625 0.809375 0.0484375 0.1296875
1 0.48203125 0.5609375 0.0484375 0.125
1 0.596875 0.196875 0.046875 0.1125
0 0.215625 0.578125 0.0484375 0.125
1 0.27578125 0.46015625 0.046875 0.109375
1 0.209375 0.46484375 0.04375 0.10625
0 0.70234375 0.18828125 0.0484375 0.1125
1 0.81015625 0.80078125 0.0453125 0.1234375
0 0.4125 0.44375 0.0484375 0.1171875
0 0.365625 0.82890625 0.0453125 0.125
1 0.4640625 0.20703125 0.046875 0.1109375
0 0.86328125 0.5375 0.05 0.1265625
0 0.44140625 0.44375 0.046875 0.1140625
1 0.8234375 0.53828125 0.046875 0.125
1 0.47421875 0.44765625 0.0484375 0.1109375
0 0.08359375 0.9546875 0.0671875 0.090625
0 0.41796875 0.56640625 0.05 0.1265625
0 0.6484375 0.43515625 0.0515625 0.1125
0 0.90078125 0.53125 0.05625 0.128125
1 0.66796875 0.19140625 0.046875 0.1125
0 0.26875 0.9484375 0.05 0.103125
1 0.70546875 0.80859375 0.0453125 0.1296875
0 0.690625 0.54765625 0.0484375 0.1265625
0 0.73828125 0.8015625 0.0484375 0.128125
0 0.62265625 0.55234375 0.046875 0.125
0 0.240625 0.46015625 0.04375 0.10625
1 0.29375 0.221875 0.0484375 0.1140625
0 0.56640625 0.20078125 0.0453125 0.1125
1 0.61015625 0.43828125 0.046875 0.1125
0 0.75078125 0.9234375 0.0484375 0.11875
1 0.9796875 0.78671875 0.040625 0.1265625
1 0.953125 0.41015625 0.046875 0.1171875
0 0.9171875 0.4140625 0.0484375 0.1125
0 0.31640625 0.57421875 0.0515625 0.128125
1 0.93984375 0.17109375 0.046875 0.1125
0 0.72421875 0.5453125 0.046875 0.128125
1 0.88515625 0.41640625 0.046875 0.1125
1 0.78828125 0.01171875 0.0390625 0.0234375
0 0.77734375 0.7984375 0.0453125 0.1265625
0 0.428125 0.21171875 0.0453125 0.1140625
0 0.2375 0.94921875 0.05 0.1015625
1 0.80078125 0.18046875 0.04375 0.1140625
1 0.63515625 0.19453125 0.046875 0.1109375
1 0.715625 0.4296875 0.046875 0.1125
0 0.68203125 0.43359375 0.046875 0.109375
1 0.903125 0.171875 0.0453125 0.1140625
0 0.3484375 0.57109375 0.05 0.1265625
1 0.853125 0.41796875 0.046875 0.1125
1 0.53203125 0.2 0.046875 0.115625
0 0.175 0.46640625 0.05 0.109375
0 0.140625 0.465625 0.04375 0.1125
0 0.67421875 0.80625 0.046875 0.1265625
1 0.878125 0.79453125 0.04375 0.1234375
0 0.55390625 0.55546875 0.0484375 0.128125
0 0.37890625 0.56875 0.0484375 0.1265625
0 0.22421875 0.22578125 0.046875 0.115625
0 0.3953125 0.82421875 0.05 0.1296875
0 0.190625 0.94921875 0.059375 0.1015625
1 0.88984375 0.00546875 0.0390625 0.0109375
0 0.7875 0.9203125 0.053125 0.11875
0 0.3578125 0.215625 0.046875 0.1125
1 0.965625 0.52578125 0.0484375 0.125
0 0.0375 0.47421875 0.046875 0.1171875
1 0.01796875 0.05546875 0.0359375 0.0484375
1 0.853125 0.9171875 0.0453125 0.115625
0 0.21484375 0.04140625 0.0421875 0.0484375
0 0.88359375 0.91640625 0.046875 0.1171875
1 0.3828125 0.03046875 0.040625 0.0484375
1 0.11796875 0.05 0.0375 0.05
1 0.396875 0.2140625 0.046875 0.1140625
0 0.7234375 0.0125 0.040625 0.025
0 0.84375 0.17734375 0.0546875 0.1171875
0 0.07265625 0.46796875 0.04375 0.1171875
0 0.2609375 0.22578125 0.0453125 0.1140625
1 0.7125 0.925 0.05 0.11875
1 0.49921875 0.20546875 0.0453125 0.1125
0 0.1921875 0.2296875 0.0484375 0.1203125
0 0.1796875 0.578125 0.0421875 0.125
0 0.28203125 0.578125 0.0515625 0.1265625
0 0.1359375 0.9546875 0.053125 0.090625
0 0.43203125 0.821875 0.0453125 0.1265625
0 0.7359375 0.18984375 0.04375 0.1125
1 0.2484375 0.03984375 0.0375 0.0484375
0 0.30078125 0.9484375 0.0515625 0.103125
0 0.4046875 0.94609375 0.053125 0.1078125
0 0.2953125 0.840625 0.0484375 0.1203125
0 0.9203125 0.91015625 0.046875 0.1203125
0 0.840625 0.0078125 0.065625 0.015625
1 0.35 0.03125 0.0375 0.0453125
0 0.64375 0.9296875 0.0453125 0.11875
0 0.09296875 0.23671875 0.0453125 0.1140625
0 0.51796875 0.559375 0.0484375 0.128125
1 0.12734375 0.23515625 0.0453125 0.115625
0 0.49765625 0.825 0.04375 0.1203125
1 0.41640625 0.028125 0.0390625 0.05
0 0.3734375 0.94375 0.05 0.1125
0 0.18671875 0.8421875 0.046875 0.121875
0 0.12890625 0.8390625 0.0484375 0.1203125
1 0.51875 0.02265625 0.040625 0.0453125
1 0.6890625 0.01484375 0.040625 0.0296875
0 0.27734375 0.0359375 0.0390625 0.046875
0 0.784375 0.42109375 0.0515625 0.1140625
0 0.11328125 0.590625 0.0453125 0.128125
0 0.7515625 0.4234375 0.0484375 0.115625
0 0.2625 0.83828125 0.04375 0.121875
0 0.8203125 0.921875 0.0453125 0.115625
0 0.24765625 0.57734375 0.04375 0.1234375
0 0.58046875 0.43984375 0.0484375 0.1109375
0 0.1578125 0.23125 0.04375 0.115625
0 0.07578125 0.590625 0.0453125 0.125
0 0.915625 0.79453125 0.0484375 0.11875
0 0.08828125 0.84140625 0.046875 0.1234375
0 0.01484375 0.471875 0.0296875 0.115625
0 0.95234375 0.9078125 0.046875 0.11875
0 0.3296875 0.8375 0.0453125 0.115625
0 0.94921875 0.78984375 0.040625 0.1203125
0 0.84453125 0.7984375 0.04375 0.121875
0 0.23125 0.8375 0.0484375 0.1265625
1 0.584375 0.01953125 0.040625 0.0390625
1 0.753125 0.01171875 0.0375 0.0234375
0 0.55 0.02109375 0.040625 0.0421875
0 0.04296875 0.59375 0.046875 0.128125
0 0.3140625 0.034375 0.040625 0.0484375
0 0.14609375 0.58671875 0.0421875 0.1265625
1 0.62109375 0.01796875 0.0390625 0.0359375
0 0.340625 0.9453125 0.05 0.109375
0 0.61015625 0.93671875 0.04375 0.115625
1 0.10859375 0.46875 0.0421875 0.1125
0 0.44609375 0.94140625 0.0453125 0.1171875
1 0.92265625 0.0046875 0.0390625 0.009375
1 0.371875 0.45234375 0.046875 0.1171875
0 0.68203125 0.92734375 0.0453125 0.1171875
0 0.146875 0.046875 0.0375 0.0484375
1 0.4828125 0.025 0.040625 0.05
0 0.58359375 0.93984375 0.0484375 0.1140625
0 0.03671875 0.85859375 0.0328125 0.1203125
1 0.965625 0.16796875 0.0328125 0.109375
1 0.65546875 0.01640625 0.0390625 0.0328125
0 0.046875 0.95859375 0.0375 0.0828125
0 0.98671875 0.90390625 0.0265625 0.1203125
0 0.4765625 0.93984375 0.046875 0.1203125
0 0.075 0.0515625 0.0421875 0.0484375
0 0.81484375 0.4203125 0.0453125 0.1140625
1 0.45078125 0.02578125 0.040625 0.05
1 0.50703125 0.93984375 0.05 0.11875
0 0.996875 0.78046875 0.00625 0.1296875
1 0.98671875 0.5234375 0.0265625 0.121875
0 0.01640625 0.59296875 0.0296875 0.1234375
0 0.0578125 0.23984375 0.0421875 0.1171875
0 0.04375 0.053125 0.0328125 0.046875
1 0.6046875 0.81796875 0.0453125 0.1296875
0 0.0640625 0.84609375 0.0375 0.11875
0 0.98359375 0.40703125 0.0296875 0.115625
1 0.16484375 0.84453125 0.0375 0.1203125
0 0.0078125 0.23984375 0.015625 0.1140625
0 0.93828125 0.528125 0.046875 0.1265625
1 0.03046875 0.24375 0.0453125 0.115625
0 0.1828125 0.04453125 0.0421875 0.05
1 0.871875 0.17734375 0.0390625 0.1171875
1 0.528125 0.82421875 0.034375 0.128125
0 0.1984375 0.83984375 0.04375 0.121875
1 0.159375 0.953125 0.04375 0.09375
0 0.91875 0.53515625 0.0546875 0.1296875