0 0.371875 0.19453125 0.05 0.115625
1 0.31484375 0.428125 0.046875 0.109375
0 0.74765625 0.22421875 0.05 0.1125
0 0.5546875 0.446875 0.046875 0.109375
0 0.3515625 0.42890625 0.0515625 0.1140625
0 0.440625 0.55234375 0.05 0.125
1 0.7125 0.57890625 0.05 0.125
1 0.62109375 0.45703125 0.046875 0.1109375
0 0.4171875 0.8109375 0.0484375 0.121875
1 0.58671875 0.4515625 0.046875 0.1078125
1 0.8578125 0.47578125 0.05 0.1140625
1 0.85 0.9546875 0.05 0.090625
1 0.81328125 0.22890625 0.0484375 0.115625
1 0.21875 0.41953125 0.046875 0.10625
1 0.284375 0.42578125 0.0484375 0.109375
1 0.48671875 0.44375 0.0484375 0.1109375
0 0.45078125 0.43515625 0.0484375 0.1140625
1 0.96171875 0.48203125 0.05 0.11875
0 0.20703125 0.5328125 0.05 0.1265625
1 0.9546875 0.5984375 0.0515625 0.125
0 0.78203125 0.58125 0.0484375 0.125
1 0.51796875 0.4453125 0.046875 0.109375
0 0.6578125 0.4578125 0.046875 0.1078125
1 0.10703125 0.52578125 0.05 0.125
1 0.94921875 0.23984375 0.0484375 0.1140625
0 0.88984375 0.2359375 0.0578125 0.1171875
0 0.74921875 0.58046875 0.05 0.1234375
0 0.58515625 0.82734375 0.0515625 0.128125
1 0.64609375 0.575 0.0515625 0.121875
1 0.578125 0.565625 0.05 0.125
0 0.896875 0.475 0.0515625 0.1140625
0 0.853125 0.59296875 0.053125 0.1265625
0 0.81640625 0.95390625 0.0484375 0.0921875
1 0.0515625 0.403125 0.0453125 0.1109375
1 0.759375 0.8453125 0.0484375 0.1265625
0 0.68203125 0.5796875 0.0484375 0.1265625
0 0.68046875 0.9484375 0.0515625 0.103125
1 0.92890625 0.86015625 0.0453125 0.1265625
1 0.98046875 0.24375 0.0390625 0.1125
0 0.40859375 0.55078125 0.0515625 0.125
1 0.7109375 0.2234375 0.05 0.1125
1 0.8203125 0.58515625 0.05 0.121875
1 0.35234375 0.81171875 0.05 0.128125
0 0.31640625 0.80546875 0.0484375 0.125
0 0.61328125 0.5703125 0.05 0.1265625
0 0.20078125 0.915625 0.053125 0.1203125
1 0.471875 0.55859375 0.0515625 0.1234375
0 0.25 0.4203125 0.0453125 0.1078125
0 0.6125 0.21640625 0.046875 0.1140625
0 0.6890625 0.83359375 0.05 0.1296875
0 0.69296875 0.46015625 0.046875 0.109375
1 0.86328125 0.0515625 0.0390625 0.0453125
1 0.82890625 0.853125 0.0484375 0.1234375
0 0.33828125 0.54609375 0.0515625 0.1265625
0 0.30703125 0.54453125 0.053125 0.1296875
1 0.965625 0.05859375 0.0390625 0.040625
1 0.2796875 0.80546875 0.0484375 0.125
1 0.340625 0.1921875 0.05 0.1140625
1 0.84765625 0.23125 0.046875 0.1140625
1 0.65546875 0.83515625 0.0484375 0.13125
0 0.1828125 0.415625 0.053125 0.1109375
1 0.51015625 0.20625 0.0484375 0.1109375
0 0.4734375 0.20390625 0.046875 0.1125
0 0.625 0.82890625 0.05 0.1296875
0 0.72734375 0.83671875 0.0484375 0.128125
1 0.084375 0.4046875 0.0453125 0.1125
0 0.421875 0.43125 0.0484375 0.1171875
0 0.7984375 0.0453125 0.040625 0.04375
0 0.1703125 0.91171875 0.0546875 0.121875
0 0.36953125 0.54921875 0.05 0.1265625
1 0.57890625 0.21015625 0.0484375 0.1125
0 0.92734375 0.47734375 0.046875 0.1140625
0 0.0671875 0.521875 0.0546875 0.1265625
0 0.89375 0.59375 0.0609375 0.13125
0 0.2703125 0.18515625 0.05 0.115625
0 0.4078125 0.1984375 0.0484375 0.1125
0 0.71796875 0.94921875 0.0546875 0.1015625
0 0.13359375 0.4109375 0.065625 0.1203125
0 0.915625 0.05390625 0.065625 0.04375
0 0.8640625 0.85546875 0.0484375 0.11875
0 0.54375 0.20859375 0.0484375 0.1109375
1 0.0921875 0.00546875 0.0375 0.0109375
0 0.1234375 0.90625 0.0671875 0.1234375
0 0.2671875 0.53984375 0.0515625 0.128125
0 0.3046875 0.92265625 0.05625 0.1203125
1 0.725 0.46328125 0.046875 0.1109375
0 0.54453125 0.56015625 0.0484375 0.128125
1 0.44296875 0.19765625 0.0484375 0.1171875
0 0.078125 0.9078125 0.065625 0.11875
0 0.28828125 0.01328125 0.0421875 0.0265625
0 0.2328125 0.9203125 0.05625 0.11875
0 0.24453125 0.80390625 0.0546875 0.125
0 0.3078125 0.190625 0.0484375 0.1140625
0 0.78125 0.23125 0.046875 0.1140625
0 0.67734375 0.22265625 0.0515625 0.1171875
0 0.88125 0.95625 0.046875 0.0875
0 0.33671875 0.92578125 0.0546875 0.1203125
1 0.32109375 0.01484375 0.0390625 0.0296875
0 0.38203125 0.81171875 0.0453125 0.1265625
1 0.45703125 0.02109375 0.0390625 0.0421875
1 0.921875 0.9578125 0.046875 0.084375
0 0.034375 0.51953125 0.05 0.1265625
0 0.44609375 0.82109375 0.0453125 0.121875
1 0.6421875 0.94609375 0.053125 0.1078125
0 0.21328125 0.79609375 0.0484375 0.125
0 0.23828125 0.18359375 0.05 0.11875
1 0.64375 0.21875 0.046875 0.1125
1 0.828125 0.04765625 0.0375 0.0453125
1 0.7828125 0.95390625 0.046875 0.0921875
1 0.76328125 0.04296875 0.040625 0.0453125
0 0.51015625 0.5578125 0.0484375 0.1296875
1 0.425 0.01875 0.0375 0.0375
1 0.490625 0.02265625 0.040625 0.0453125
0 0.13828125 0.1765625 0.0484375 0.115625
0 0.1703125 0.52734375 0.0484375 0.128125
0 0.57421875 0.94296875 0.0484375 0.1140625
0 0.378125 0.92890625 0.05 0.1203125
0 0.20703125 0.17890625 0.0453125 0.1140625
1 0.59453125 0.0296875 0.040625 0.05
0 0.14140625 0.52890625 0.0453125 0.1234375
0 0.028125 0.89921875 0.05625 0.1234375
0 0.0828125 0.78125 0.0515625 0.121875
0 0.75 0.95390625 0.046875 0.0921875
0 0.38828125 0.01796875 0.0421875 0.0359375
1 0.553125 0.82890625 0.046875 0.13125
0 0.353125 0.015625 0.040625 0.03125
0 0.26796875 0.9203125 0.0515625 0.1203125
0 0.1828125 0.7921875 0.0515625 0.128125
0 0.5125 0.9453125 0.05 0.109375
0 0.540625 0.94453125 0.046875 0.1109375
0 0.021875 0.396875 0.0390625 0.1140625
1 0.66015625 0.0359375 0.040625 0.0484375
1 0.6953125 0.03828125 0.040625 0.046875
0 0.79453125 0.84921875 0.046875 0.1234375
0 0.62890625 0.03203125 0.040625 0.0484375
1 0.175 0.1796875 0.0484375 0.1140625
0 0.23828125 0.53671875 0.0453125 0.1234375
0 0.61171875 0.9453125 0.0484375 0.109375
1 0.73046875 0.040625 0.0390625 0.046875
0 0.0421875 0.775 0.05 0.1234375
0 0.11953125 0.00625 0.0328125 0.0125
0 0.409375 0.93125 0.05 0.1203125
0 0.13984375 0.790625 0.05 0.121875
1 0.98828125 0.0609375 0.0234375 0.040625
1 0.5578125 0.028125 0.0421875 0.0515625
1 0.115625 0.78984375 0.0421875 0.1203125
0 0.76171875 0.46328125 0.05 0.115625
1 0.4390625 0.934375 0.053125 0.1203125
0 0.14921875 0.0078125 0.0421875 0.015625
0 0.0171875 0.7765625 0.034375 0.11875
0 0.89375 0.859375 0.04375 0.1234375
0 0.0125 0.51484375 0.025 0.1234375
1 0.5265625 0.02421875 0.040625 0.0484375
1 0.38046875 0.43203125 0.046875 0.1171875
0 0.10390625 0.175 0.04375 0.1203125
0 0.7921875 0.465625 0.053125 0.115625
0 0.95859375 0.8578125 0.034375 0.128125
0 0.82265625 0.46953125 0.0484375 0.1140625
1 0.98125 0.6 0.034375 0.121875
0 0.190625 0.009375 0.040625 0.01875
0 0.22109375 0.0109375 0.0390625 0.021875
1 0.07578125 0.17421875 0.0453125 0.1203125
0 0.94765625 0.95859375 0.0328125 0.0828125
0 0.9890625 0.48359375 0.021875 0.1171875
0 0.25546875 0.0125 0.0421875 0.025
0 0.04296875 0.16484375 0.0421875 0.1203125
1 0.484375 0.82421875 0.040625 0.125
1 0.9203125 0.5953125 0.0453125 0.1265625
1 0.91640625 0.23671875 0.040625 0.115625