0 0.8 0.696875 0.0546875 0.146875
1 0.55078125 0.2078125 0.0515625 0.1546875
1 0.5875 0.85078125 0.05234375 0.16328125
0 0.54921875 0.84375 0.0515625 0.16640625
1 0.50859375 0.8515625 0.05625 0.16796875
0 0.7578125 0.85 0.05625 0.16796875
0 0.55 0.69296875 0.05078125 0.14921875
1 0.79765625 0.84921875 0.0546875 0.16640625
1 0.7140625 0.69453125 0.05078125 0.1484375
0 0.67265625 0.21484375 0.053125 0.15
1 0.54921875 0.36640625 0.0484375 0.15859375
1 0.634375 0.3640625 0.05 0.1546875
1 0.88515625 0.690625 0.05078125 0.1484375
0 0.203125 0.85234375 0.05546875 0.16171875
1 0.71328125 0.21796875 0.0484375 0.146875
0 0.20078125 0.3609375 0.05078125 0.1625
0 0.675 0.36484375 0.0515625 0.15859375
1 0.75859375 0.21328125 0.0484375 0.1484375
1 0.84609375 0.36484375 0.05234375 0.15625
1 0.84609375 0.69453125 0.0515625 0.146875
1 0.11171875 0.6859375 0.0671875 0.1703125
0 0.76015625 0.69296875 0.0546875 0.1453125
1 0.884375 0.36328125 0.05078125 0.16015625
0 0.71328125 0.36484375 0.05234375 0.16015625
1 0.88515625 0.21328125 0.04921875 0.1484375
1 0.88203125 0.846875 0.0546875 0.16171875
0 0.5953125 0.2078125 0.06015625 0.15546875
1 0.79765625 0.215625 0.0484375 0.14921875
0 0.7609375 0.36484375 0.05078125 0.1578125
1 0.5875 0.35859375 0.0484375 0.15390625
0 0.846875 0.840625 0.0515625 0.16171875
1 0.84609375 0.2125 0.05078125 0.14921875
1 0.8 0.36484375 0.05078125 0.15625
1 0.109375 0.36171875 0.06328125 0.16640625
0 0.5078125 0.3625 0.0515625 0.16015625
0 0.509375 0.20859375 0.05 0.1546875
1 0.97109375 0.2171875 0.05078125 0.15234375
0 0.15234375 0.3609375 0.0515625 0.16484375
1 0.9234375 0.2125 0.05078125 0.15
1 0.67421875 0.6953125 0.0484375 0.14609375
0 0.23984375 0.20625 0.04765625 0.153125
0 0.20078125 0.20703125 0.04375 0.15234375
1 0.97109375 0.84609375 0.05234375 0.15859375
0 0.640625 0.69765625 0.05390625 0.1515625
1 0.921875 0.8453125 0.053125 0.15703125
1 0.51015625 0.69375 0.0515625 0.1515625
1 0.97109375 0.6921875 0.0515625 0.15234375
0 0.45546875 0.85078125 0.0625 0.1734375
0 0.590625 0.69609375 0.053125 0.1515625
1 0.0453125 0.853125 0.06484375 0.159375
0 0.15859375 0.6921875 0.05078125 0.159375
0 0.24296875 0.3640625 0.05 0.1609375
0 0.29140625 0.359375 0.05703125 0.1578125
0 0.4640625 0.36640625 0.04375 0.16484375
1 0.1578125 0.85078125 0.05078125 0.15859375
1 0.04609375 0.36171875 0.0625 0.165625
0 0.15390625 0.20625 0.04375 0.153125
0 0.4640625 0.21171875 0.0421875 0.15390625
1 0.1125 0.846875 0.06875 0.15859375
1 0.92265625 0.36484375 0.0515625 0.15859375
1 0.11015625 0.20546875 0.05859375 0.15546875
1 0.92421875 0.6953125 0.05078125 0.15078125
0 0.2890625 0.20859375 0.046875 0.1515625
0 0.7203125 0.8484375 0.04765625 0.16796875
1 0.97265625 0.36875 0.05 0.16171875
1 0.046875 0.203125 0.0625 0.16015625
1 0.20703125 0.69140625 0.059375 0.15625
0 0.2890625 0.69609375 0.05703125 0.1546875
0 0.240625 0.69140625 0.04921875 0.15390625
0 0.28671875 0.84921875 0.06328125 0.1640625
0 0.04453125 0.6796875 0.06640625 0.18515625
1 0.63515625 0.21015625 0.04296875 0.15078125
1 0.6734375 0.85 0.05078125 0.16640625
1 0.24375 0.846875 0.04765625 0.16171875
1 0.6296875 0.84921875 0.04765625 0.15859375