1 0.53359375 0.0921875 0.1171875 0.184375
1 0.32421875 0.13125 0.11875 0.1984375
0 0.50859375 0.2859375 0.1109375 0.19375
1 0.46796875 0.09921875 0.1140625 0.196875
0 0.2609375 0.34375 0.09375 0.19375
0 0.58125 0.26015625 0.1125 0.1953125
1 0.39921875 0.115625 0.1171875 0.19375
0 0.49375 0.7125 0.09375 0.1875
0 0.43359375 0.30390625 0.1171875 0.1984375
0 0.365625 0.3171875 0.109375 0.196875
1 0.30625 0.32734375 0.0984375 0.1921875
1 0.1671875 0.16640625 0.1 0.1953125
1 0.68984375 0.24296875 0.096875 0.196875
1 0.21875 0.15546875 0.0984375 0.196875
1 0.35703125 0.74609375 0.0984375 0.1890625
1 0.1640625 0.79296875 0.0984375 0.1890625
1 0.0703125 0.3875 0.0984375 0.196875
1 0.30546875 0.75625 0.0984375 0.1890625
1 0.6859375 0.671875 0.0953125 0.1890625
1 0.26328125 0.1453125 0.0984375 0.1953125
0 0.59765625 0.0828125 0.0953125 0.165625
1 0.1140625 0.378125 0.0984375 0.19375
1 0.34609375 0.921875 0.0953125 0.15625
1 0.6359375 0.25 0.09375 0.1921875
0 0.82890625 0.0546875 0.1109375 0.109375
0 0.4390625 0.909375 0.090625 0.18125
1 0.20859375 0.7828125 0.0984375 0.190625
1 0.03359375 0.39765625 0.0671875 0.1984375
1 0.07578125 0.80234375 0.0796875 0.19375
0 0.73125 0.6625 0.096875 0.1921875
1 0.8703125 0.825 0.0921875 0.19375
1 0.63515625 0.68671875 0.0953125 0.184375
0 0.8421875 0.63515625 0.1140625 0.2015625
1 0.3984375 0.7359375 0.0953125 0.1875
1 0.25078125 0.93203125 0.0984375 0.1359375
1 0.396875 0.91640625 0.09375 0.1671875
1 0.26015625 0.77109375 0.096875 0.1875
1 0.1140625 0.80390625 0.096875 0.190625
0 0.834375 0.2078125 0.0921875 0.1875
1 0.03671875 0.196875 0.0734375 0.19375
0 0.76328125 0.06015625 0.1015625 0.1203125
1 0.2015625 0.9375 0.10625 0.125
1 0.209375 0.35546875 0.096875 0.19375
1 0.01015625 0.40703125 0.0203125 0.1921875
1 0.30390625 0.9265625 0.0953125 0.146875
1 0.58984375 0.690625 0.09375 0.184375
0 0.67890625 0.86796875 0.09375 0.2015625
0 0.7375 0.23359375 0.0953125 0.2
1 0.5390625 0.703125 0.0953125 0.1859375
1 0.45078125 0.7234375 0.096875 0.1890625
0 0.7875 0.64921875 0.1 0.1953125
0 0.77421875 0.846875 0.096875 0.196875
0 0.82890625 0.8359375 0.0953125 0.2
0 0.65234375 0.07578125 0.0890625 0.1515625
1 0.06796875 0.18515625 0.096875 0.19375
1 0.1203125 0.1765625 0.096875 0.19375
1 0.11953125 0.94765625 0.0796875 0.1046875
0 0.878125 0.19140625 0.0859375 0.1796875
0 0.70078125 0.06953125 0.0984375 0.1390625
0 0.934375 0.61171875 0.115625 0.2109375
0 0.9609375 0.80859375 0.078125 0.1890625
1 0.16640625 0.36640625 0.096875 0.19375
1 0.7875 0.2171875 0.0890625 0.1921875
0 0.53046875 0.89453125 0.096875 0.196875
1 0.58046875 0.8890625 0.09375 0.19375
1 0.92109375 0.809375 0.0984375 0.1921875
1 0.1546875 0.9421875 0.096875 0.115625
1 0.634375 0.87890625 0.096875 0.1953125
1 0.7296875 0.85703125 0.0921875 0.196875
1 0.4859375 0.90546875 0.09375 0.1890625