0 0.41015625 0.18125 0.0625 0.1171875
1 0.84375 0.26796875 0.0625 0.11875
0 0.36171875 0.41171875 0.0640625 0.1171875
1 0.32578125 0.40625 0.059375 0.1125
0 0.77890625 0.25625 0.0625 0.115625
0 0.434375 0.54453125 0.0640625 0.128125
1 0.70234375 0.6046875 0.065625 0.1296875
0 0.56171875 0.45546875 0.0609375 0.109375
1 0.2953125 0.4 0.0609375 0.1125
1 0.25625 0.896875 0.0703125 0.1265625
1 0.790625 0.9734375 0.0625 0.053125
1 0.23046875 0.38515625 0.0578125 0.109375
1 0.63671875 0.59140625 0.065625 0.125
1 0.85859375 0.51953125 0.0625 0.1171875
0 0.2046875 0.496875 0.0640625 0.1296875
0 0.3796875 0.8 0.0609375 0.125
0 0.459375 0.4296875 0.0609375 0.1171875
1 0.52421875 0.44921875 0.0609375 0.1140625
1 0.74296875 0.25078125 0.0640625 0.1171875
0 0.7703125 0.61484375 0.0640625 0.1265625
0 0.67109375 0.6 0.0625 0.128125
1 0.9390625 0.653125 0.065625 0.128125
0 0.7390625 0.60859375 0.0640625 0.128125
1 0.56953125 0.57421875 0.0625 0.125
1 0.7140625 0.875 0.0625 0.1265625
1 0.91484375 0.0984375 0.04375 0.0484375
0 0.89609375 0.52421875 0.0640625 0.1171875
1 0.48984375 0.44296875 0.0609375 0.115625
1 0.46484375 0.5546875 0.065625 0.1265625
0 0.54453125 0.834375 0.065625 0.1328125
0 0.83984375 0.634375 0.0671875 0.1296875
0 0.75703125 0.97109375 0.0609375 0.0578125
1 0.80859375 0.62421875 0.0640625 0.125
0 0.66171875 0.478125 0.0609375 0.1125
0 0.403125 0.53984375 0.065625 0.1296875
0 0.26171875 0.38984375 0.05625 0.109375
1 0.09765625 0.359375 0.0578125 0.1140625
0 0.64609375 0.23203125 0.0609375 0.1171875
1 0.54609375 0.209375 0.0625 0.1140625
1 0.61328125 0.853125 0.0625 0.1328125
1 0.88203125 0.909375 0.059375 0.128125
1 0.6140625 0.22265625 0.0625 0.1171875
0 0.646875 0.85546875 0.065625 0.13125
0 0.603125 0.5828125 0.0625 0.1234375
0 0.15234375 0.87578125 0.065625 0.1234375
1 0.37890625 0.175 0.0625 0.1171875
1 0.315625 0.79140625 0.065625 0.13125
0 0.51015625 0.2015625 0.0609375 0.115625
0 0.28125 0.78125 0.0625 0.1265625
0 0.53671875 0.5671875 0.0640625 0.128125
1 0.9734375 0.2984375 0.053125 0.1125
1 0.48046875 0.1921875 0.0625 0.1203125
0 0.21796875 0.88984375 0.0671875 0.1234375
0 0.303125 0.5203125 0.0671875 0.13125
1 0.87734375 0.27578125 0.059375 0.115625
0 0.91875 0.284375 0.06875 0.1203125
1 0.96484375 0.53671875 0.0609375 0.11875
0 0.69296875 0.48515625 0.059375 0.1109375
0 0.684375 0.86640625 0.0625 0.128125
1 0.99140625 0.3046875 0.0171875 0.115625
1 0.10703125 0.478125 0.0625 0.1265625
0 0.5828125 0.84296875 0.0640625 0.1296875
0 0.8515625 0.08515625 0.04375 0.0484375
1 0.24453125 0.7765625 0.0625 0.1265625
0 0.43046875 0.421875 0.0625 0.1203125
1 0.62265625 0.4703125 0.0609375 0.115625
1 0.78359375 0.88984375 0.0609375 0.1265625
0 0.4453125 0.1890625 0.0609375 0.115625
0 0.62421875 0.95703125 0.0640625 0.0859375
0 0.2921875 0.90703125 0.06875 0.1234375
1 0.72734375 0.49140625 0.0609375 0.1140625
0 0.36484375 0.5328125 0.0640625 0.1296875
0 0.196875 0.378125 0.0640625 0.1125
0 0.3359375 0.52578125 0.0640625 0.1296875
0 0.965625 0.10703125 0.06875 0.0515625
0 0.57734375 0.21640625 0.0609375 0.1140625
0 0.8125 0.2671875 0.059375 0.115625
0 0.66015625 0.96015625 0.0671875 0.0796875
1 0.88046875 0.09140625 0.04375 0.0484375
0 0.4078125 0.8078125 0.0625 0.1234375
0 0.0640625 0.35 0.059375 0.1171875
0 0.34921875 0.79453125 0.0609375 0.1296875
0 0.709375 0.24609375 0.065625 0.1203125
0 0.26953125 0.5140625 0.0671875 0.1296875
1 0.67734375 0.23828125 0.0609375 0.1171875
0 0.12265625 0.86875 0.0671875 0.125
0 0.92578125 0.52890625 0.0609375 0.1171875
0 0.8796875 0.64140625 0.075 0.134375
1 0.484375 0.01796875 0.04375 0.0359375
0 0.31015625 0.159375 0.0625 0.11875
1 0.51640625 0.02109375 0.0453125 0.0421875
0 0.06875 0.46875 0.0671875 0.128125
0 0.20859375 0.7703125 0.0671875 0.1265625
0 0.27890625 0.153125 0.0625 0.1203125
0 0.0734375 0.8609375 0.08125 0.1265625
0 0.82109375 0.9765625 0.0609375 0.046875
1 0.384375 0.00703125 0.04375 0.0140625
0 0.18359375 0.88515625 0.06875 0.121875
1 0.8171875 0.07890625 0.0453125 0.05
0 0.34609375 0.16953125 0.0609375 0.115625
0 0.50234375 0.5578125 0.0625 0.1328125
1 0.86015625 0.98203125 0.0609375 0.0359375
1 0.725 0.96953125 0.059375 0.0609375
0 0.03828125 0.3390625 0.053125 0.1171875
0 0.59296875 0.46484375 0.0578125 0.109375
1 0.54921875 0.025 0.0453125 0.05
0 0.1796875 0.759375 0.0625 0.1265625
0 0.1703125 0.48671875 0.0625 0.1296875
0 0.03515625 0.4625 0.0640625 0.1296875
0 0.140625 0.484375 0.059375 0.125
1 0.65078125 0.04453125 0.046875 0.053125
0 0.18046875 0.1359375 0.0609375 0.11875
1 0.5859375 0.953125 0.065625 0.09375
0 0.81796875 0.896875 0.0609375 0.121875
0 0.51796875 0.9453125 0.0609375 0.109375
0 0.05 0.72734375 0.065625 0.1234375
0 0.4140625 0.009375 0.046875 0.01875
0 0.034375 0.8515625 0.06875 0.125
0 0.4484375 0.01328125 0.046875 0.0265625
0 0.68125 0.0515625 0.046875 0.053125
0 0.23515625 0.5046875 0.059375 0.125
1 0.71484375 0.0578125 0.046875 0.0515625
0 0.146875 0.128125 0.05625 0.11875
1 0.21796875 0.14140625 0.059375 0.1140625
0 0.1484375 0.7515625 0.065625 0.1296875
0 0.2484375 0.14765625 0.0578125 0.1140625
0 0.021875 0.71640625 0.04375 0.1265625
0 0.7484375 0.8828125 0.059375 0.125
0 0.10546875 0.74453125 0.0625 0.125
1 0.78515625 0.071875 0.0453125 0.05
1 0.6171875 0.0375 0.046875 0.053125
0 0.7640625 0.49609375 0.0640625 0.11875
1 0.75078125 0.065625 0.046875 0.0515625
0 0.690625 0.9671875 0.059375 0.065625
0 0.48515625 0.94609375 0.0578125 0.1078125
0 0.32421875 0.91328125 0.0625 0.1234375
0 0.4578125 0.94296875 0.0625 0.1140625
0 0.1546875 0.36875 0.0640625 0.11875
1 0.08203125 0.740625 0.05625 0.121875
1 0.58359375 0.03046875 0.046875 0.053125
0 0.7953125 0.503125 0.065625 0.11875
0 0.35703125 0.91796875 0.0625 0.121875
0 0.55703125 0.95 0.0609375 0.1
1 0.5125 0.83515625 0.0625 0.1328125
1 0.390625 0.41875 0.0609375 0.1203125
1 0.13359375 0.365625 0.0578125 0.1109375
0 0.84765625 0.9046875 0.0578125 0.125
0 0.00703125 0.7140625 0.0140625 0.121875
0 0.91171875 0.9109375 0.0484375 0.1296875
1 0.965625 0.65859375 0.0484375 0.121875
0 0.01640625 0.45546875 0.0328125 0.1234375
1 0.38515625 0.92421875 0.0671875 0.1234375
0 0.82421875 0.51015625 0.0609375 0.1171875
1 0.11953125 0.1234375 0.0578125 0.11875
0 0.08828125 0.1125 0.0546875 0.1203125
0 0.8859375 0.984375 0.046875 0.03125
0 0.984375 0.54296875 0.03125 0.1171875
1 0.90546875 0.64609375 0.059375 0.128125
1 0.44375 0.82265625 0.0515625 0.121875
1 0.946875 0.2921875 0.053125 0.1171875
1 0.46640625 0.82890625 0.0671875 0.134375