0 0.4734375 0.06640625 0.06875 0.1328125
0 0.2125 0.065625 0.07421875 0.13046875
1 0.2765625 0.065625 0.06953125 0.13046875
0 0.4078125 0.06640625 0.06875 0.1328125
1 0.5390625 0.06796875 0.075 0.1359375
0 0.14296875 0.0640625 0.0765625 0.128125
0 0.34296875 0.065625 0.06875 0.13046875
0 0.603125 0.06796875 0.06796875 0.1359375
0 0.3390625 0.253125 0.075 0.24140625
0 0.47265625 0.25390625 0.0671875 0.2390625
0 0.7359375 0.06875 0.0796875 0.1375
0 0.5375 0.25546875 0.075 0.24140625
0 0.140625 0.24296875 0.07734375 0.23359375
1 0.40625 0.25078125 0.07109375 0.2375
0 0.87109375 0.06875 0.0796875 0.1375
0 0.2703125 0.253125 0.07109375 0.24453125
0 0.67421875 0.26640625 0.075 0.21953125
0 0.940625 0.26015625 0.08828125 0.23203125
0 0.3375 0.759375 0.07578125 0.253125
0 0.80625 0.25546875 0.08203125 0.228125
0 0.534375 0.76953125 0.07421875 0.2640625
0 0.203125 0.76171875 0.07421875 0.265625
0 0.6671875 0.77109375 0.07578125 0.25546875
0 0.8 0.77109375 0.07265625 0.24453125
0 0.98046875 0.06640625 0.0359375 0.1328125
0 0.95234375 0.80234375 0.0890625 0.2484375
0 0.8734375 0.77734375 0.0828125 0.2515625
0 0.13828125 0.76171875 0.05703125 0.2578125
0 0.27265625 0.75703125 0.05078125 0.24765625
0 0.20703125 0.240625 0.0703125 0.25859375
0 0.40546875 0.75078125 0.0640625 0.2390625
0 0.465625 0.753125 0.0578125 0.22734375
0 0.59921875 0.75 0.0703125 0.2296875
0 0.73359375 0.76875 0.05859375 0.25390625
0 0.8734375 0.26796875 0.05390625 0.25390625
0 0.73203125 0.2546875 0.05625 0.24296875
0 0.60078125 0.246875 0.0671875 0.2234375
0 0.66484375 0.0734375 0.075 0.14609375
0 0.80546875 0.07421875 0.05625 0.14765625
0 0.93359375 0.0734375 0.05390625 0.13359375