1 0.5890625 0.09453125 0.09375 0.1890625
1 0.3765625 0.109375 0.0953125 0.190625
1 0.4515625 0.10546875 0.0953125 0.1890625
1 0.52109375 0.0984375 0.090625 0.190625
0 0.4625 0.70703125 0.0703125 0.184375
0 0.5375 0.2890625 0.0890625 0.1890625
0 0.284375 0.31015625 0.0703125 0.190625
1 0.26796875 0.11796875 0.0734375 0.190625
0 0.61328125 0.27734375 0.0859375 0.190625
0 0.46015625 0.2953125 0.0921875 0.1921875
1 0.659375 0.6984375 0.0734375 0.1828125
0 0.390625 0.296875 0.084375 0.19375
1 0.33125 0.3015625 0.0734375 0.1890625
1 0.3234375 0.721875 0.0734375 0.184375
1 0.09140625 0.32734375 0.0734375 0.190625
1 0.21640625 0.12265625 0.075 0.190625
1 0.284375 0.90859375 0.071875 0.1828125
1 0.12578125 0.7421875 0.0734375 0.1859375
0 0.65625 0.090625 0.071875 0.18125
1 0.3140625 0.11484375 0.075 0.190625
1 0.4171875 0.7125 0.0734375 0.184375
1 0.56015625 0.7 0.0734375 0.18125
1 0.2703125 0.72578125 0.0734375 0.184375
1 0.72265625 0.27109375 0.071875 0.19375
1 0.3671875 0.71875 0.071875 0.184375
1 0.3359375 0.90625 0.06875 0.1875
0 0.890625 0.078125 0.0875 0.15625
0 0.70546875 0.690625 0.071875 0.1890625
1 0.60625 0.69921875 0.071875 0.1828125
1 0.134375 0.32421875 0.0734375 0.1875
0 0.3828125 0.9046875 0.0640625 0.1890625
1 0.66796875 0.27109375 0.06875 0.190625
1 0.03671875 0.33046875 0.0734375 0.1921875
1 0.03671875 0.73828125 0.053125 0.19375
1 0.07421875 0.746875 0.0734375 0.1859375
0 0.81875 0.68515625 0.0890625 0.196875
1 0.1703125 0.73203125 0.075 0.1859375
1 0.06953125 0.134375 0.0765625 0.1890625
1 0.18671875 0.91328125 0.0734375 0.1734375
0 0.91484375 0.67109375 0.0921875 0.19375
1 0.81875 0.87265625 0.0671875 0.190625
0 0.825 0.07890625 0.078125 0.1578125
1 0.2421875 0.9109375 0.071875 0.178125
1 0.22421875 0.73359375 0.0734375 0.184375
1 0.0125 0.33515625 0.025 0.1890625
0 0.76171875 0.68515625 0.0796875 0.19375
1 0.1390625 0.915625 0.08125 0.16875
0 0.86796875 0.25625 0.0671875 0.184375
1 0.50859375 0.7046875 0.0703125 0.18125
0 0.76953125 0.26796875 0.071875 0.1953125
1 0.821875 0.26015625 0.065625 0.190625
0 0.72109375 0.8796875 0.075 0.2
0 0.71171875 0.0875 0.0671875 0.175
0 0.9140625 0.24765625 0.0625 0.175
0 0.4765625 0.896875 0.0703125 0.190625
1 0.115625 0.12734375 0.0734375 0.1890625
1 0.0546875 0.91796875 0.053125 0.1640625
0 0.76015625 0.084375 0.0734375 0.16875
1 0.16875 0.12578125 0.0734375 0.1875
1 0.02578125 0.1375 0.0515625 0.1875
0 0.62421875 0.88984375 0.0671875 0.196875
1 0.67578125 0.884375 0.06875 0.19375
1 0.2296875 0.3078125 0.0703125 0.1890625
1 0.5234375 0.89375 0.06875 0.1890625
1 0.1859375 0.31953125 0.0734375 0.1875
0 0.778125 0.8796875 0.0703125 0.1921875
0 0.9765625 0.65 0.046875 0.18125
0 0.93203125 0.86796875 0.084375 0.184375
1 0.090625 0.9171875 0.071875 0.165625
1 0.87109375 0.8640625 0.075 0.1859375
0 0.98203125 0.859375 0.0359375 0.1875
1 0.57890625 0.8921875 0.071875 0.19375
1 0.428125 0.9015625 0.06875 0.1921875