0 0.3671875 0.09296875 0.1 0.1578125
0 0.11875 0.15234375 0.10625 0.1546875
0 0.3046875 0.10859375 0.096875 0.15625
1 0.18203125 0.13828125 0.103125 0.15625
0 0.24296875 0.12265625 0.1015625 0.1546875
0 0.49375 0.06953125 0.096875 0.1390625
1 0.3515625 0.29140625 0.1234375 0.2390625
0 0.2859375 0.3078125 0.128125 0.2453125
0 0.09296875 0.346875 0.13125 0.2421875
0 0.4765625 0.26015625 0.128125 0.2421875
0 0.4125 0.275 0.121875 0.240625
0 0.16015625 0.33671875 0.1203125 0.240625
0 0.21953125 0.32421875 0.1234375 0.24375
0 0.27734375 0.8265625 0.13125 0.2671875
1 0.43046875 0.07734375 0.1046875 0.1546875
0 0.68515625 0.04765625 0.1046875 0.0953125
0 0.4046875 0.790625 0.1328125 0.2578125
0 0.61875 0.05390625 0.103125 0.1078125
0 0.81015625 0.0328125 0.1078125 0.065625
0 0.60625 0.2390625 0.11875 0.2234375
0 0.7328125 0.2 0.125 0.23125
0 0.8609375 0.17265625 0.1296875 0.2296875
0 0.59765625 0.75859375 0.1328125 0.2671875
0 0.721875 0.72578125 0.1328125 0.2671875
0 0.53984375 0.24765625 0.1203125 0.23125
0 0.8515625 0.6953125 0.134375 0.259375
0 0.96328125 0.68203125 0.0734375 0.2640625
0 0.21875 0.85078125 0.1234375 0.2671875
0 0.47421875 0.7796875 0.134375 0.2625
0 0.0515625 0.16875 0.103125 0.153125
0 0.5578125 0.06015625 0.090625 0.1203125
0 0.66640625 0.20546875 0.1109375 0.2265625
0 0.78984375 0.18203125 0.1234375 0.2453125
0 0.74921875 0.03515625 0.0953125 0.0703125
0 0.86015625 0.028125 0.0765625 0.05625
0 0.340625 0.79609375 0.109375 0.2375
0 0.53203125 0.7515625 0.109375 0.25625
0 0.66015625 0.73671875 0.1140625 0.2453125
0 0.7859375 0.70078125 0.13125 0.25625
0 0.91484375 0.675 0.1203125 0.2578125