1 0.625 0.10078125 0.07734375 0.18828125
1 0.41015625 0.1 0.07890625 0.18515625
1 0.55625 0.1015625 0.07421875 0.184375
1 0.48671875 0.1015625 0.0796875 0.1828125
0 0.55546875 0.2921875 0.071875 0.18203125
0 0.63203125 0.28359375 0.071875 0.184375
0 0.3015625 0.29296875 0.053125 0.1859375
1 0.30234375 0.1 0.0578125 0.18671875
0 0.478125 0.29296875 0.075 0.1859375
1 0.3046875 0.7046875 0.05859375 0.18046875
1 0.7421875 0.290625 0.05546875 0.190625
0 0.40859375 0.2890625 0.06796875 0.1890625
1 0.64140625 0.7109375 0.0578125 0.1796875
1 0.25234375 0.703125 0.05859375 0.18125
1 0.34765625 0.70546875 0.0546875 0.18046875
1 0.25 0.89296875 0.05546875 0.18515625
0 0.69140625 0.10078125 0.05703125 0.18515625
1 0.10703125 0.7078125 0.0578125 0.18125
0 0.928125 0.09609375 0.071875 0.18671875
1 0.3484375 0.1 0.05859375 0.1859375
1 0.54296875 0.70234375 0.05625 0.17734375
1 0.34921875 0.28828125 0.05625 0.184375
1 0.39921875 0.70234375 0.05625 0.18203125
1 0.10625 0.29296875 0.05703125 0.1875
1 0.30234375 0.89296875 0.053125 0.1859375
1 0.6875 0.28984375 0.053125 0.18671875
0 0.34765625 0.89296875 0.0484375 0.1859375
1 0.01875 0.696875 0.0375 0.18828125
1 0.1515625 0.7015625 0.05859375 0.18203125
1 0.15078125 0.29375 0.0578125 0.184375
1 0.25078125 0.09921875 0.059375 0.18671875
0 0.68828125 0.7078125 0.05625 0.18515625
0 0.44375 0.7015625 0.05234375 0.18046875
1 0.05390625 0.2921875 0.059375 0.18984375
0 0.88984375 0.2875 0.0546875 0.18046875
1 0.2078125 0.70234375 0.0578125 0.18203125
1 0.2078125 0.89296875 0.05546875 0.1859375
1 0.58828125 0.70703125 0.05625 0.178125
1 0.15234375 0.89140625 0.0578125 0.1828125
1 0.7859375 0.9 0.05078125 0.18671875
0 0.8625 0.09296875 0.06171875 0.1859375
1 0.05546875 0.7 0.0578125 0.18046875
0 0.96953125 0.71640625 0.06015625 0.1859375
0 0.80078125 0.70625 0.0703125 0.19296875
0 0.9015625 0.71015625 0.0734375 0.1921875
1 0.01796875 0.290625 0.03515625 0.1921875
1 0.103125 0.8921875 0.065625 0.18359375
0 0.7890625 0.29140625 0.05390625 0.19140625
1 0.1015625 0.09609375 0.0609375 0.18515625
1 0.01875 0.890625 0.0375 0.1875
0 0.74765625 0.1015625 0.05078125 0.1828125
1 0.4890625 0.8953125 0.0546875 0.18515625
0 0.7453125 0.70859375 0.06015625 0.18984375
0 0.93671875 0.2828125 0.0484375 0.17109375
0 0.01640625 0.09921875 0.0328125 0.184375
0 0.6875 0.89921875 0.0546875 0.190625
0 0.79921875 0.09765625 0.05703125 0.1875
1 0.24765625 0.28515625 0.0546875 0.18515625
1 0.8421875 0.28828125 0.0484375 0.1875
1 0.15 0.09609375 0.05703125 0.18515625
0 0.58984375 0.89921875 0.0515625 0.19296875
1 0.49140625 0.70703125 0.05234375 0.175
0 0.44140625 0.89296875 0.05546875 0.18671875
1 0.20234375 0.0984375 0.05703125 0.18359375
0 0.8984375 0.9015625 0.071875 0.18671875
1 0.20390625 0.29375 0.05703125 0.18515625
1 0.05546875 0.890625 0.05703125 0.18359375
1 0.64140625 0.8984375 0.0515625 0.18984375
0 0.74375 0.903125 0.0546875 0.1875
1 0.05078125 0.096875 0.05390625 0.18125
1 0.8390625 0.89453125 0.059375 0.18359375
0 0.96875 0.90234375 0.0625 0.18515625
1 0.5453125 0.8984375 0.05703125 0.18984375
1 0.39453125 0.89296875 0.0546875 0.1875