0 0.39140625 0.8015625 0.08125 0.165625
1 0.228125 0.32109375 0.0734375 0.1546875
1 0.29921875 0.6328125 0.0734375 0.1546875
1 0.459375 0.209375 0.0703125 0.1484375
0 0.21640625 0.621875 0.0734375 0.1546875
1 0.3109375 0.78828125 0.0703125 0.1546875
0 0.26171875 0.625 0.0734375 0.1546875
0 0.27109375 0.784375 0.0734375 0.153125
1 0.54375 0.6734375 0.071875 0.15625
0 0.41328125 0.203125 0.0703125 0.153125
1 0.33828125 0.640625 0.0734375 0.1578125
0 0.3375 0.1921875 0.075 0.15625
0 0.50625 0.66484375 0.075 0.15625
0 0.66796875 0.6921875 0.071875 0.153125
1 0.375 0.19921875 0.075 0.15625
1 0.59453125 0.37890625 0.071875 0.15
0 0.38203125 0.64296875 0.078125 0.1625
0 0.18359375 0.3140625 0.0734375 0.1546875
0 0.4625 0.65703125 0.071875 0.1546875
1 0.49765625 0.21640625 0.0671875 0.1453125
0 0.621875 0.2375 0.06875 0.146875
0 0.4328125 0.3484375 0.071875 0.1484375
1 0.7234375 0.85234375 0.0703125 0.1515625
0 0.421875 0.65390625 0.071875 0.159375
1 0.5359375 0.2234375 0.0671875 0.146875
0 0.64140625 0.8375 0.06875 0.153125
1 0.29375 0.1859375 0.075 0.1546875
0 0.58359375 0.68046875 0.0703125 0.15625
0 0.190625 0.7609375 0.06875 0.15
0 0.13359375 0.59921875 0.071875 0.1578125
1 0.68671875 0.846875 0.06875 0.1515625
0 0.74296875 0.25703125 0.06875 0.146875
0 0.51640625 0.81875 0.075 0.1546875
1 0.2671875 0.3296875 0.075 0.15625
1 0.17578125 0.61328125 0.0734375 0.1546875
0 0.70625 0.2484375 0.071875 0.15
0 0.6609375 0.24609375 0.06875 0.146875
0 0.38671875 0.34453125 0.0734375 0.153125
1 0.75078125 0.7140625 0.065625 0.1546875
0 0.346875 0.33984375 0.0734375 0.1546875
0 0.71953125 0.39921875 0.075 0.159375
0 0.63515625 0.3859375 0.071875 0.1546875
0 0.23359375 0.77578125 0.0671875 0.153125
1 0.584375 0.228125 0.0734375 0.15
1 0.4359375 0.81171875 0.078125 0.1640625
0 0.6265625 0.6875 0.0703125 0.1546875
0 0.559375 0.828125 0.075 0.1515625
1 0.7921875 0.7171875 0.0671875 0.15
0 0.1515625 0.75234375 0.0671875 0.146875
0 0.25234375 0.17890625 0.075 0.1546875
1 0.7671875 0.85859375 0.06875 0.1484375
0 0.6796875 0.39296875 0.06875 0.153125
0 0.55625 0.3703125 0.0703125 0.15
1 0.31171875 0.334375 0.0734375 0.1578125
0 0.6046875 0.83125 0.0671875 0.1515625
0 0.5109375 0.36328125 0.071875 0.15
0 0.715625 0.70625 0.0671875 0.153125
0 0.10859375 0.7453125 0.0640625 0.14375
0 0.78984375 0.26796875 0.0609375 0.1453125
1 0.35390625 0.79453125 0.0671875 0.159375
0 0.47890625 0.8140625 0.071875 0.159375
1 0.471875 0.35703125 0.071875 0.146875
0 0.76640625 0.41484375 0.0609375 0.15625
1 0.21171875 0.17421875 0.075 0.1578125