1 0.88125 0.84921875 0.05625 0.15859375
1 0.84375 0.69609375 0.053125 0.1515625
1 0.7984375 0.846875 0.0578125 0.16328125
1 0.5859375 0.8546875 0.05390625 0.159375
0 0.79765625 0.696875 0.05703125 0.14921875
1 0.62734375 0.365625 0.05390625 0.1546875
0 0.66796875 0.21640625 0.05546875 0.1515625
0 0.20078125 0.8578125 0.053125 0.16171875
1 0.71015625 0.69765625 0.05546875 0.15
0 0.75703125 0.70078125 0.06015625 0.15234375
1 0.5453125 0.2109375 0.05234375 0.15703125
1 0.71015625 0.215625 0.05 0.14921875
1 0.84296875 0.365625 0.05 0.15546875
1 0.54609375 0.36953125 0.04921875 0.1578125
0 0.5453125 0.84921875 0.053125 0.16796875
0 0.5453125 0.69375 0.05390625 0.15234375
0 0.8453125 0.84375 0.05390625 0.1578125
0 0.58828125 0.69609375 0.05625 0.1515625
1 0.5046875 0.85625 0.0546875 0.1671875
1 0.75703125 0.21484375 0.0484375 0.14765625
0 0.67265625 0.36640625 0.04921875 0.15859375
1 0.84375 0.2171875 0.0484375 0.14921875
0 0.153125 0.696875 0.05078125 0.16015625
1 0.8828125 0.69375 0.053125 0.15078125
1 0.88203125 0.36875 0.04921875 0.15625
0 0.75859375 0.85078125 0.059375 0.1671875
0 0.5046875 0.36875 0.0546875 0.16171875
0 0.14609375 0.365625 0.05 0.16640625
0 0.50546875 0.2140625 0.05078125 0.1546875
1 0.79765625 0.36640625 0.05 0.15859375
0 0.75703125 0.365625 0.053125 0.1625
0 0.28515625 0.3625 0.05703125 0.1546875
0 0.709375 0.3671875 0.05078125 0.1609375
1 0.8828125 0.215625 0.04921875 0.14765625
0 0.196875 0.36484375 0.04921875 0.16484375
0 0.1515625 0.21015625 0.04453125 0.1546875
1 0.9203125 0.84921875 0.05546875 0.15625
0 0.23671875 0.36484375 0.05 0.1609375
1 0.10546875 0.6921875 0.065625 0.16875
1 0.96953125 0.8484375 0.05390625 0.1578125
1 0.7953125 0.21640625 0.0484375 0.14921875
0 0.5921875 0.21015625 0.0625 0.159375
0 0.63828125 0.696875 0.05625 0.1515625
1 0.584375 0.36640625 0.05078125 0.1515625
0 0.4625 0.2140625 0.0453125 0.15390625
0 0.2328125 0.20703125 0.0484375 0.15390625
0 0.1953125 0.209375 0.04140625 0.15078125
1 0.2390625 0.8578125 0.046875 0.16328125
1 0.9234375 0.21328125 0.05 0.15
0 0.46171875 0.3671875 0.046875 0.16953125
1 0.92265625 0.365625 0.05 0.15859375
1 0.96953125 0.69765625 0.05 0.15234375
1 0.96953125 0.2125 0.04921875 0.15
1 0.03828125 0.86015625 0.06640625 0.16640625
1 0.92265625 0.6984375 0.053125 0.153125
1 0.971875 0.36953125 0.0484375 0.1625
0 0.28203125 0.209375 0.04609375 0.15234375
0 0.4546875 0.85546875 0.05703125 0.17109375
0 0.28203125 0.69609375 0.0515625 0.15390625
1 0.1515625 0.85625 0.05078125 0.1578125
0 0.70625 0.86015625 0.06015625 0.16953125
1 0.10390625 0.2078125 0.06015625 0.15859375
1 0.675 0.70234375 0.04921875 0.15
0 0.225 0.69765625 0.06484375 0.1578125
1 0.1046875 0.365625 0.06171875 0.16953125
0 0.50546875 0.69765625 0.0515625 0.15234375
0 0.28359375 0.85859375 0.053125 0.16796875
1 0.6671875 0.85625 0.05390625 0.16484375
1 0.04140625 0.36796875 0.06015625 0.1671875
0 0.10390625 0.853125 0.06640625 0.1609375
1 0.040625 0.2046875 0.06015625 0.16328125
0 0.63046875 0.85625 0.05546875 0.15625
1 0.20546875 0.70078125 0.06015625 0.15859375
1 0.04140625 0.69296875 0.06328125 0.171875
1 0.63125 0.21640625 0.040625 0.15625