1 0.6703125 0.82109375 0.0921875 0.1703125
1 0.8734375 0.76796875 0.09375 0.1734375
1 0.47890625 0.20390625 0.0875 0.1625
1 0.95546875 0.7453125 0.0890625 0.16875
0 0.83984375 0.61875 0.090625 0.1578125
0 0.63125 0.825 0.090625 0.1765625
1 0.59375 0.84140625 0.096875 0.178125
1 0.515625 0.359375 0.084375 0.165625
0 0.83515625 0.77890625 0.0953125 0.175
0 0.5984375 0.1796875 0.0875 0.1609375
0 0.91953125 0.7484375 0.0921875 0.16875
0 0.29609375 0.91484375 0.09375 0.16875
1 0.9203125 0.59375 0.0875 0.159375
0 0.63671875 0.32578125 0.0859375 0.165625
1 0.88359375 0.60625 0.0859375 0.15625
1 0.80390625 0.28359375 0.0875 0.1640625
0 0.59453125 0.6796875 0.0875 0.159375
1 0.59765625 0.3359375 0.084375 0.1609375
0 0.175 0.43203125 0.0890625 0.16875
1 0.6828125 0.1578125 0.0828125 0.15625
1 0.63828125 0.17421875 0.084375 0.15625
0 0.21484375 0.7765625 0.090625 0.1671875
0 0.67578125 0.31640625 0.0875 0.16875
0 0.5203125 0.19375 0.0953125 0.1640625
1 0.55625 0.6875 0.0875 0.1625
0 0.79921875 0.62578125 0.0890625 0.15625
1 0.16640625 0.77734375 0.10625 0.18125
1 0.75546875 0.63828125 0.0859375 0.1578125
1 0.25078125 0.9203125 0.0890625 0.159375
0 0.7203125 0.3046875 0.0859375 0.165625
0 0.12734375 0.44765625 0.0890625 0.171875
1 0.84140625 0.27578125 0.0859375 0.1640625
1 0.75625 0.2984375 0.0875 0.165625
0 0.4375 0.21796875 0.0875 0.1640625
1 0.7203125 0.15078125 0.08125 0.1546875
1 0.80546875 0.128125 0.084375 0.1546875
1 0.7671875 0.1375 0.084375 0.15625
1 0.7171875 0.64609375 0.0828125 0.15625
0 0.1734375 0.27890625 0.08125 0.1609375
0 0.475 0.365625 0.0859375 0.1671875
1 0.03671875 0.47578125 0.0734375 0.1765625
0 0.26171875 0.415625 0.09375 0.16875
0 0.2140625 0.42734375 0.0875 0.1703125
1 0.97421875 0.73515625 0.0515625 0.1640625
1 0.98046875 0.571875 0.0390625 0.1625
1 0.55 0.3421875 0.0828125 0.1609375
1 0.84296875 0.11796875 0.084375 0.15625
1 0.92734375 0.25625 0.0890625 0.1703125
0 0.13671875 0.28671875 0.078125 0.1578125
1 0.08515625 0.459375 0.1 0.1765625
1 0.88046875 0.26640625 0.0875 0.16875
0 0.63671875 0.6703125 0.0890625 0.1609375
1 0.2609375 0.76015625 0.096875 0.165625
0 0.54375 0.8515625 0.0984375 0.18125
0 0.4328125 0.38046875 0.08125 0.16875
0 0.684375 0.65859375 0.090625 0.1625
1 0.95703125 0.58828125 0.0859375 0.1609375
1 0.33359375 0.90078125 0.084375 0.165625
0 0.39609375 0.22890625 0.078125 0.159375
1 0.890625 0.11015625 0.084375 0.159375
0 0.09375 0.296875 0.078125 0.159375
1 0.01796875 0.31875 0.0359375 0.171875
0 0.2203125 0.2671875 0.08125 0.159375
0 0.79375 0.79453125 0.0921875 0.178125
1 0.140625 0.93125 0.103125 0.1375
0 0.3796875 0.8921875 0.0921875 0.16875
0 0.29453125 0.7515625 0.0859375 0.1609375
0 0.3421875 0.74375 0.09375 0.1640625
1 0.50703125 0.6984375 0.0875 0.1625
0 0.2046875 0.92578125 0.10625 0.1484375
1 0.71015625 0.80859375 0.0859375 0.1640625
1 0.04765625 0.3078125 0.0953125 0.165625
1 0.56171875 0.18515625 0.078125 0.15625
1 0.75390625 0.7984375 0.0921875 0.171875
0 0.1015625 0.78671875 0.1109375 0.1953125