0 0.4671875 0.81875 0.065625 0.1625
1 0.19453125 0.39453125 0.0578125 0.1546875
1 0.38984375 0.2296875 0.05625 0.14375
0 0.2546875 0.6859375 0.059375 0.153125
0 0.34609375 0.825 0.059375 0.1515625
0 0.34609375 0.234375 0.0546875 0.15
1 0.3375 0.67734375 0.0578125 0.153125
1 0.584375 0.65859375 0.0578125 0.153125
0 0.26796875 0.2390625 0.0609375 0.1515625
1 0.5625 0.36015625 0.0578125 0.146875
1 0.3875 0.82421875 0.05625 0.1515625
1 0.3765625 0.6734375 0.05625 0.1578125
0 0.5453125 0.6578125 0.0609375 0.153125
1 0.30703125 0.23984375 0.059375 0.1515625
0 0.4 0.37265625 0.059375 0.15
0 0.3 0.67734375 0.059375 0.153125
0 0.6890625 0.35 0.0609375 0.1546875
0 0.46171875 0.66796875 0.0578125 0.1546875
0 0.55234375 0.215625 0.0546875 0.1453125
0 0.49921875 0.66484375 0.0578125 0.153125
0 0.709375 0.64609375 0.05625 0.15
0 0.15 0.3984375 0.0578125 0.153125
1 0.225 0.246875 0.0578125 0.15
0 0.42109375 0.6671875 0.0625 0.159375
1 0.4296875 0.225 0.053125 0.1421875
1 0.46875 0.22421875 0.053125 0.14375
0 0.71796875 0.7921875 0.053125 0.1484375
0 0.5234375 0.36171875 0.0578125 0.1484375
0 0.60390625 0.35703125 0.05625 0.1484375
1 0.80234375 0.7875 0.0546875 0.1484375
0 0.62421875 0.6546875 0.05625 0.153125
1 0.765625 0.79140625 0.053125 0.1484375
0 0.6765625 0.20546875 0.05625 0.14375
1 0.51640625 0.2171875 0.059375 0.146875
1 0.21640625 0.6890625 0.059375 0.153125
1 0.278125 0.38671875 0.0578125 0.15625
0 0.63828125 0.20703125 0.05625 0.146875
0 0.59453125 0.21484375 0.0546875 0.146875
0 0.59375 0.80546875 0.059375 0.1515625
1 0.83671875 0.63984375 0.053125 0.1484375
0 0.6484375 0.353125 0.0546875 0.15
1 0.79453125 0.64453125 0.05 0.15
0 0.26484375 0.828125 0.0546875 0.1484375
1 0.84609375 0.78359375 0.05625 0.1453125
0 0.16796875 0.684375 0.059375 0.15625
0 0.63671875 0.803125 0.059375 0.1484375
0 0.66796875 0.65078125 0.0546875 0.1515625
0 0.225 0.83046875 0.053125 0.146875
0 0.35390625 0.378125 0.059375 0.1515625
0 0.47734375 0.36640625 0.059375 0.15
1 0.14453125 0.25078125 0.053125 0.15
0 0.1828125 0.25 0.0609375 0.1515625
0 0.30859375 0.82578125 0.053125 0.1515625
0 0.1828125 0.83515625 0.0515625 0.1421875
0 0.725 0.20546875 0.0484375 0.14375
1 0.51328125 0.8171875 0.0625 0.1609375
1 0.23515625 0.3921875 0.0609375 0.1546875
0 0.759375 0.64765625 0.053125 0.15
0 0.68203125 0.79609375 0.0515625 0.1484375
0 0.5546875 0.81328125 0.059375 0.1546875
0 0.31328125 0.3828125 0.059375 0.1515625
1 0.42890625 0.8203125 0.05 0.1578125
1 0.4390625 0.3703125 0.059375 0.1484375
0 0.7328125 0.3578125 0.0453125 0.15625