1 0.78828125 0.2015625 0.040625 0.1125
1 0.7546875 0.5578125 0.040625 0.11875
0 0.34609375 0.2078125 0.040625 0.1125
0 0.4453125 0.5578125 0.040625 0.121875
0 0.34609375 0.44140625 0.0421875 0.1109375
0 0.721875 0.20390625 0.0421875 0.109375
1 0.51328125 0.44609375 0.040625 0.109375
1 0.31328125 0.44375 0.0390625 0.109375
0 0.44453125 0.8171875 0.0375 0.11875
0 0.55078125 0.44375 0.040625 0.10625
0 0.78828125 0.55625 0.040625 0.121875
0 0.61328125 0.81796875 0.040625 0.1265625
0 0.4453125 0.43984375 0.040625 0.1125
1 0.653125 0.5625 0.040625 0.1171875
1 0.78828125 0.82265625 0.0375 0.121875
1 0.68515625 0.20546875 0.040625 0.1109375
1 0.58359375 0.55859375 0.0390625 0.11875
1 0.48359375 0.20625 0.0390625 0.109375
1 0.4828125 0.44375 0.0390625 0.10625
0 0.86015625 0.5625 0.04375 0.1234375
1 0.27890625 0.440625 0.0375 0.1078125
0 0.053125 0.94140625 0.0578125 0.1171875
1 0.82109375 0.5609375 0.0390625 0.121875
0 0.28046875 0.21015625 0.040625 0.1140625
1 0.48046875 0.5578125 0.040625 0.121875
0 0.65390625 0.4453125 0.040625 0.10625
0 0.7171875 0.8171875 0.040625 0.125
0 0.89765625 0.559375 0.046875 0.125
0 0.4125 0.559375 0.040625 0.121875
0 0.21015625 0.55859375 0.0375 0.121875
0 0.68671875 0.5609375 0.040625 0.1234375
1 0.684375 0.82265625 0.0375 0.128125
0 0.24375 0.440625 0.0359375 0.10625
1 0.31484375 0.2078125 0.040625 0.1125
1 0.95859375 0.82109375 0.034375 0.125
0 0.7203125 0.93984375 0.040625 0.115625
1 0.6140625 0.44609375 0.0390625 0.109375
0 0.415625 0.4375 0.0390625 0.115625
0 0.921875 0.4421875 0.040625 0.109375
1 0.553125 0.20390625 0.040625 0.1125
0 0.7203125 0.5609375 0.0390625 0.125
0 0.6140625 0.56015625 0.0375 0.121875
0 0.4484375 0.20703125 0.0375 0.109375
1 0.9609375 0.20234375 0.0390625 0.109375
0 0.58828125 0.2046875 0.0390625 0.115625
0 0.65234375 0.81796875 0.0390625 0.125
0 0.75546875 0.8171875 0.0375 0.125
0 0.6859375 0.44609375 0.0390625 0.10625
1 0.88984375 0.44375 0.040625 0.109375
1 0.95859375 0.4421875 0.0390625 0.1140625
1 0.2125 0.44296875 0.0375 0.1046875
1 0.82265625 0.20234375 0.0375 0.1125
1 0.925 0.20078125 0.0375 0.1109375
1 0.82265625 0.021875 0.034375 0.04375
0 0.55 0.55859375 0.040625 0.121875
1 0.8578125 0.44296875 0.0390625 0.109375
1 0.85703125 0.825 0.034375 0.121875
1 0.7203125 0.4453125 0.0390625 0.109375
0 0.38203125 0.2078125 0.0375 0.1109375
1 0.3125 0.81953125 0.040625 0.1265625
0 0.178125 0.44296875 0.0421875 0.10625
0 0.24765625 0.02265625 0.0390625 0.0453125
0 0.7578125 0.9390625 0.0453125 0.115625
1 0.05 0.02265625 0.034375 0.0453125
1 0.925 0.01953125 0.034375 0.0375
0 0.65234375 0.2078125 0.04375 0.1125
1 0.15 0.02421875 0.034375 0.046875
0 0.3125 0.5640625 0.040625 0.1296875
1 0.51953125 0.20625 0.0375 0.109375
0 0.37421875 0.5609375 0.0375 0.125
0 0.2078125 0.93984375 0.040625 0.1171875
0 0.23828125 0.93984375 0.040625 0.115625
0 0.86484375 0.20234375 0.046875 0.1140625
1 0.41484375 0.02265625 0.0359375 0.0453125
1 0.9625 0.5578125 0.040625 0.1234375
0 0.24609375 0.209375 0.040625 0.1140625
0 0.37265625 0.81484375 0.040625 0.1296875
1 0.4171875 0.20390625 0.0390625 0.115625
0 0.7578125 0.20234375 0.0359375 0.1140625
0 0.85390625 0.9421875 0.040625 0.115625
0 0.37421875 0.93828125 0.04375 0.115625
0 0.34375 0.81953125 0.0375 0.1234375
1 0.28046875 0.0234375 0.034375 0.046875
1 0.3828125 0.021875 0.034375 0.04375
0 0.5140625 0.55703125 0.0375 0.1265625
1 0.8234375 0.940625 0.0375 0.1140625
0 0.475 0.81875 0.034375 0.11875
0 0.34296875 0.56171875 0.0390625 0.125
0 0.78828125 0.44140625 0.04375 0.1125
1 0.61796875 0.2078125 0.0390625 0.1125
0 0.875 0.01953125 0.0625 0.0375
0 0.1109375 0.2109375 0.0421875 0.11875
0 0.27421875 0.9421875 0.040625 0.115625
0 0.61328125 0.93828125 0.0375 0.115625
1 0.44921875 0.0234375 0.0359375 0.046875
0 0.890625 0.9375 0.0390625 0.11875
0 0.271875 0.56171875 0.0375 0.128125
0 0.3421875 0.9375 0.0421875 0.115625
0 0.75625 0.44140625 0.040625 0.1125
0 0.23984375 0.81796875 0.0359375 0.125
0 0.159375 0.9375 0.05 0.11875
0 0.1046875 0.94140625 0.04375 0.1125
0 0.2125 0.21015625 0.040625 0.11875
0 0.209375 0.81796875 0.0375 0.125
0 0.7578125 0.02109375 0.0375 0.040625
0 0.346875 0.0234375 0.0375 0.0453125
0 0.4078125 0.81875 0.034375 0.125
0 0.1734375 0.55546875 0.034375 0.121875
0 0.3109375 0.02265625 0.0375 0.0453125
0 0.1078125 0.815625 0.0375 0.115625
1 0.68203125 0.9390625 0.040625 0.115625
0 0.040625 0.44140625 0.0375 0.1140625
0 0.584375 0.4453125 0.040625 0.109375
0 0.790625 0.94296875 0.0375 0.1125
0 0.0671875 0.81328125 0.0375 0.121875
0 0.1078125 0.5640625 0.034375 0.125
0 0.07265625 0.56015625 0.0359375 0.121875
0 0.89453125 0.82265625 0.040625 0.1171875
0 0.01484375 0.4375 0.028125 0.115625
0 0.2421875 0.56015625 0.034375 0.121875
0 0.30625 0.93984375 0.040625 0.115625
0 0.415625 0.9390625 0.0375 0.1171875
0 0.92265625 0.9375 0.040625 0.1171875
0 0.27421875 0.8203125 0.0375 0.121875
1 0.61796875 0.02265625 0.0375 0.04375
0 0.0375 0.5609375 0.0375 0.125
0 0.078125 0.44140625 0.0375 0.1140625
1 0.5515625 0.02265625 0.0375 0.0453125
0 0.5796875 0.94296875 0.0359375 0.1140625
0 0.14296875 0.43984375 0.0359375 0.1109375
0 0.1796875 0.0234375 0.034375 0.046875
0 0.82109375 0.8203125 0.0375 0.121875
1 0.78671875 0.02109375 0.034375 0.040625
1 0.37578125 0.44296875 0.0375 0.115625
1 0.72265625 0.021875 0.0375 0.0421875
1 0.95703125 0.01953125 0.0359375 0.0375
0 0.44765625 0.93828125 0.0390625 0.1171875
1 0.58203125 0.8234375 0.0359375 0.125
0 0.55234375 0.94453125 0.040625 0.109375
0 0.58359375 0.02265625 0.0390625 0.0453125
0 0.928125 0.82109375 0.03125 0.11875
1 0.51640625 0.025 0.0375 0.05
0 0.015625 0.02265625 0.03125 0.0453125
1 0.6546875 0.02265625 0.0375 0.04375
0 0.140625 0.56171875 0.0328125 0.125
0 0.01328125 0.825 0.025 0.11875
0 0.6515625 0.9390625 0.0375 0.115625
0 0.10703125 0.02265625 0.0390625 0.0453125
1 0.4765625 0.93828125 0.040625 0.115625
1 0.14140625 0.8203125 0.03125 0.11875
1 0.484375 0.0234375 0.0359375 0.046875
1 0.9875 0.20234375 0.025 0.109375
0 0.96015625 0.94140625 0.0359375 0.115625
0 0.01484375 0.94296875 0.028125 0.1125
1 0.11328125 0.440625 0.034375 0.1140625
1 0.68984375 0.021875 0.0359375 0.04375
0 0.81953125 0.4421875 0.0375 0.1109375
1 0.14453125 0.2125 0.040625 0.115625
0 0.0109375 0.559375 0.021875 0.121875
0 0.04140625 0.8171875 0.03125 0.115625
0 0.16328125 0.8171875 0.03125 0.121875
0 0.98828125 0.81640625 0.0234375 0.13125
0 0.0765625 0.21484375 0.0375 0.121875
1 0.9875 0.55859375 0.025 0.1203125
0 0.07578125 0.02265625 0.0296875 0.0453125
0 0.0171875 0.20546875 0.0328125 0.115625
0 0.9890625 0.440625 0.021875 0.115625
1 0.18203125 0.2125 0.040625 0.11875
0 0.215625 0.02421875 0.0375 0.046875
0 0.93515625 0.55859375 0.040625 0.125
0 0.98828125 0.9375 0.0234375 0.115625
1 0.04921875 0.20859375 0.0375 0.1171875
1 0.5109375 0.82421875 0.028125 0.121875
1 0.9875 0.01875 0.025 0.0375
1 0.128125 0.94140625 0.034375 0.115625
1 0.89296875 0.20390625 0.03125 0.115625
0 0.915625 0.5640625 0.046875 0.128125
0 0.17890625 0.81640625 0.028125 0.125
0 0.12109375 0.0234375 0.025 0.046875