1 0.53828125 0.09140625 0.1140625 0.1828125
1 0.32890625 0.12734375 0.115625 0.196875
1 0.471875 0.0984375 0.1109375 0.1953125
1 0.40390625 0.11328125 0.115625 0.1953125
0 0.5109375 0.28515625 0.1078125 0.19375
0 0.584375 0.2609375 0.109375 0.1953125
0 0.2625 0.3390625 0.090625 0.1921875
1 0.2234375 0.15 0.0953125 0.1953125
0 0.4359375 0.30234375 0.1125 0.196875
1 0.3515625 0.740625 0.0953125 0.1890625
1 0.69375 0.24453125 0.09375 0.1984375
0 0.36640625 0.3125 0.10625 0.1984375
1 0.68203125 0.6765625 0.09375 0.1875
1 0.3 0.75 0.0953125 0.1890625
1 0.39375 0.7328125 0.090625 0.1875
1 0.33671875 0.9203125 0.0921875 0.159375
0 0.603125 0.0828125 0.09375 0.165625
1 0.15859375 0.78515625 0.09375 0.1890625
0 0.834375 0.05703125 0.109375 0.1140625
1 0.26875 0.140625 0.0953125 0.19375
1 0.584375 0.6890625 0.0921875 0.1859375
1 0.30859375 0.32421875 0.09375 0.1921875
1 0.44375 0.71875 0.0921875 0.1890625
1 0.071875 0.3796875 0.0953125 0.1953125
1 0.3875 0.91484375 0.090625 0.1703125
1 0.63984375 0.25546875 0.090625 0.19375
0 0.43203125 0.91015625 0.0859375 0.1796875
1 0.0703125 0.79296875 0.0765625 0.1921875
1 0.20078125 0.76953125 0.0953125 0.190625
1 0.115625 0.37109375 0.0953125 0.1921875
1 0.17265625 0.16015625 0.096875 0.1953125
0 0.72734375 0.6640625 0.09375 0.1921875
0 0.48671875 0.70859375 0.0890625 0.1875
1 0.034375 0.38984375 0.06875 0.1984375
0 0.8375 0.2109375 0.090625 0.1875
1 0.25625 0.75859375 0.09375 0.190625
1 0.29609375 0.92421875 0.0921875 0.1515625
1 0.6296875 0.684375 0.0921875 0.1859375
1 0.24140625 0.9296875 0.0953125 0.140625
1 0.8625 0.83203125 0.0890625 0.19375
0 0.76953125 0.06171875 0.0984375 0.1234375
1 0.10703125 0.78828125 0.09375 0.1890625
0 0.97734375 0.6140625 0.0453125 0.19375
0 0.83671875 0.6390625 0.109375 0.203125
0 0.93671875 0.621875 0.1125 0.203125
1 0.0109375 0.39453125 0.021875 0.1953125
1 0.1921875 0.934375 0.103125 0.13125
0 0.7390625 0.2359375 0.0921875 0.1984375
1 0.0375 0.1875 0.075 0.19375
1 0.109375 0.94296875 0.075 0.1140625
0 0.659375 0.0765625 0.0875 0.153125
1 0.571875 0.8890625 0.0921875 0.1921875
0 0.78359375 0.653125 0.0984375 0.1984375
0 0.88203125 0.196875 0.0828125 0.178125
0 0.76640625 0.8515625 0.09375 0.1984375
0 0.70859375 0.07109375 0.0953125 0.1421875
1 0.20859375 0.3421875 0.0921875 0.1921875
1 0.790625 0.221875 0.0859375 0.19375
1 0.0734375 0.17734375 0.09375 0.1921875
0 0.67109375 0.871875 0.090625 0.2
1 0.534375 0.70390625 0.0875 0.1828125
0 0.52421875 0.896875 0.09375 0.19375
1 0.125 0.16875 0.09375 0.1921875
0 0.959375 0.809375 0.08125 0.196875
1 0.1671875 0.36015625 0.09375 0.1921875
1 0.1453125 0.9390625 0.09375 0.121875
1 0.72109375 0.86015625 0.090625 0.196875
0 0.821875 0.84375 0.0921875 0.1953125
1 0.0109375 0.19921875 0.021875 0.1890625
1 0.9140625 0.815625 0.096875 0.1921875
1 0.62734375 0.88046875 0.0953125 0.196875
1 0.47890625 0.90390625 0.0921875 0.1921875