0 0.31171875 0.22890625 0.053125 0.1171875
0 0.68515625 0.1796875 0.053125 0.1140625
0 0.453125 0.5640625 0.0546875 0.1265625
0 0.5421875 0.4359375 0.0515625 0.109375
1 0.72421875 0.5328125 0.0546875 0.1265625
1 0.61015625 0.4328125 0.05 0.1125
1 0.94140625 0.8875 0.053125 0.121875
0 0.82890625 0.1609375 0.0625 0.1203125
1 0.58984375 0.54765625 0.0546875 0.125
1 0.575 0.4359375 0.05 0.1078125
1 0.65859375 0.5421875 0.05625 0.1234375
1 0.8453125 0.4015625 0.053125 0.115625
0 0.69453125 0.5390625 0.053125 0.1265625
0 0.7609375 0.52421875 0.053125 0.125
0 0.48359375 0.82265625 0.0515625 0.121875
1 0.4859375 0.56328125 0.05625 0.125
0 0.62578125 0.54453125 0.053125 0.125
0 0.2203125 0.59296875 0.053125 0.125
0 0.79296875 0.5203125 0.053125 0.125
1 0.47578125 0.44453125 0.05 0.1125
0 0.9078125 0.89140625 0.0515625 0.1203125
1 0.825 0.784375 0.0515625 0.1265625
0 0.6515625 0.80234375 0.0546875 0.128125
1 0.965625 0.5 0.0546875 0.121875
0 0.646875 0.425 0.0515625 0.109375
1 0.6484375 0.1859375 0.0546875 0.115625
0 0.42109375 0.5703125 0.05625 0.128125
1 0.72109375 0.796875 0.0515625 0.1296875
1 0.5171875 0.2015625 0.0515625 0.115625
0 0.4125 0.21640625 0.05 0.1140625
1 0.82578125 0.5203125 0.0546875 0.125
0 0.55703125 0.5515625 0.0546875 0.1265625
0 0.75390625 0.78828125 0.0546875 0.128125
0 0.43984375 0.44453125 0.0515625 0.11875
0 0.77265625 0.909375 0.0546875 0.1203125
1 0.75 0.16953125 0.0515625 0.1171875
1 0.3484375 0.84296875 0.053125 0.1234375
0 0.678125 0.42265625 0.0515625 0.109375
0 0.5515625 0.19921875 0.05 0.1140625
1 0.2796875 0.2328125 0.053125 0.1140625
0 0.865625 0.5171875 0.05625 0.1265625
1 0.2078125 0.47890625 0.05 0.109375
1 0.8859375 0.153125 0.0515625 0.115625
1 0.50703125 0.44140625 0.05 0.109375
0 0.3203125 0.5828125 0.0578125 0.1296875
0 0.33984375 0.459375 0.05625 0.1203125
1 0.95234375 0.3828125 0.0515625 0.115625
0 0.2375 0.471875 0.0484375 0.1125
1 0.89453125 0.778125 0.05 0.125
0 0.79375 0.78671875 0.053125 0.1265625
1 0.0421875 0.5015625 0.0484375 0.10625
0 0.29375 0.95390625 0.053125 0.0921875
0 0.88359375 0.39609375 0.05625 0.115625
0 0.3515625 0.57890625 0.05625 0.128125
1 0.784375 0.16640625 0.05 0.115625
1 0.41875 0.834375 0.0515625 0.1265625
1 0.4484375 0.2109375 0.0515625 0.1125
0 0.209375 0.240625 0.0546875 0.1171875
0 0.34296875 0.2234375 0.0515625 0.115625
0 0.68984375 0.796875 0.0546875 0.128125
1 0.984375 0.759375 0.03125 0.128125
1 0.921875 0.15 0.0515625 0.1125
1 0.38359375 0.840625 0.053125 0.1265625
0 0.696875 0.00703125 0.040625 0.0140625
0 0.71953125 0.17890625 0.05 0.1140625
1 0.71171875 0.41796875 0.0515625 0.1109375
0 0.1734375 0.484375 0.05625 0.1109375
0 0.3828125 0.575 0.0546875 0.128125
0 0.81015625 0.90390625 0.0578125 0.121875
0 0.40859375 0.4484375 0.053125 0.11875
0 0.3609375 0.0359375 0.0453125 0.05
0 0.315625 0.8453125 0.0546875 0.125
1 0.00703125 0.08125 0.0140625 0.05
0 0.453125 0.828125 0.05 0.125
0 0.246875 0.23828125 0.0515625 0.115625
0 0.48046875 0.20625 0.0515625 0.1125
0 0.91328125 0.3890625 0.0515625 0.115625
1 0.0734375 0.49609375 0.046875 0.10625
1 0.99375 0.87890625 0.0125 0.1203125
0 0.3015625 0.46171875 0.0578125 0.1203125
0 0.615625 0.19296875 0.05625 0.11875
0 0.28046875 0.58671875 0.0546875 0.128125
0 0.5140625 0.82578125 0.05 0.121875
1 0.1515625 0.8625 0.05 0.1203125
1 0.38203125 0.2203125 0.0515625 0.115625
0 0.97109375 0.8828125 0.0515625 0.1203125
0 0.178125 0.2453125 0.0546875 0.11875
1 0.734375 0.91328125 0.0546875 0.1203125
0 0.26328125 0.95546875 0.0546875 0.0890625
0 0.90390625 0.5109375 0.059375 0.13125
1 0.875 0.89765625 0.05 0.1171875
0 0.0796875 0.2578125 0.0515625 0.115625
0 0.52109375 0.55703125 0.0546875 0.1265625
0 0.3265625 0.95390625 0.05625 0.0921875
0 0.28046875 0.8484375 0.05 0.1265625
0 0.109375 0.86328125 0.0546875 0.125
0 0.184375 0.5953125 0.05 0.125
0 0.1921875 0.05703125 0.0421875 0.05
1 0.72734375 0.00625 0.0390625 0.0125
1 0.58046875 0.19609375 0.05 0.115625
0 0.01640625 0.503125 0.0328125 0.109375
0 0.21640625 0.95625 0.0671875 0.0875
0 0.39765625 0.94765625 0.0578125 0.1046875
1 0.27109375 0.4671875 0.046875 0.1140625
1 0.66171875 0.01015625 0.0421875 0.0203125
1 0.11640625 0.253125 0.053125 0.1140625
0 0.11796875 0.609375 0.05 0.1234375
0 0.665625 0.92109375 0.0515625 0.1203125
0 0.0828125 0.6125 0.0515625 0.121875
1 0.225 0.05390625 0.0390625 0.05
0 0.171875 0.9625 0.0625 0.075
0 0.93046875 0.7703125 0.053125 0.121875
0 0.84140625 0.9046875 0.05 0.1171875
0 0.359375 0.95 0.053125 0.1
0 0.25078125 0.85546875 0.053125 0.128125
0 0.46875 0.94296875 0.053125 0.1140625
1 0.55859375 0.01796875 0.0421875 0.0359375
0 0.109375 0.965625 0.0625 0.06875
0 0.0203125 0.078125 0.0328125 0.0484375
0 0.434375 0.9453125 0.05625 0.109375
0 0.20625 0.8578125 0.05 0.1234375
0 0.859375 0.7796875 0.0484375 0.1234375
0 0.0453125 0.2640625 0.0484375 0.1171875
1 0.59453125 0.015625 0.0421875 0.03125
1 0.32578125 0.040625 0.040625 0.05
0 0.2515625 0.58984375 0.0484375 0.1234375
0 0.5 0.93984375 0.053125 0.1203125
0 0.63203125 0.9296875 0.05 0.1171875
0 0.13984375 0.48515625 0.0484375 0.1125
0 0.05625 0.88125 0.040625 0.121875
0 0.60546875 0.93515625 0.053125 0.115625
1 0.36953125 0.45625 0.05 0.1203125
0 0.9640625 0.765625 0.0484375 0.128125
0 0.15078125 0.603125 0.0484375 0.125
0 0.15 0.24609375 0.05 0.1125
0 0.52734375 0.01953125 0.0421875 0.0390625
0 0.04921875 0.6140625 0.05 0.1234375
1 0.49453125 0.02265625 0.0421875 0.0453125
0 0.253125 0.0484375 0.040625 0.0484375
1 0.628125 0.01171875 0.040625 0.0234375
1 0.9484375 0.14609375 0.0359375 0.1109375
0 0.70390625 0.9171875 0.0515625 0.11875
0 0.7484375 0.409375 0.0546875 0.1171875
0 0.2890625 0.0453125 0.0421875 0.0484375
0 0.053125 0.075 0.0421875 0.0515625
1 0.3921875 0.0328125 0.0390625 0.05
1 0.53046875 0.93828125 0.05625 0.1203125
1 0.98671875 0.4984375 0.0265625 0.11875
1 0.62109375 0.8125 0.05 0.1296875
1 0.17890625 0.8609375 0.040625 0.11875
0 0.0796875 0.871875 0.0453125 0.1171875
1 0.42734375 0.02890625 0.040625 0.0515625
1 0.459375 0.0265625 0.0421875 0.053125
1 0.11015625 0.490625 0.05 0.1109375
0 0.021875 0.61875 0.0359375 0.1234375
1 0.02109375 0.26875 0.0421875 0.115625
0 0.07109375 0.96875 0.0421875 0.0625
0 0.09453125 0.06953125 0.0421875 0.0515625
0 0.7796875 0.40546875 0.05625 0.1171875
1 0.93125 0.50703125 0.0484375 0.1265625
0 0.12265625 0.065625 0.0390625 0.0484375
0 0.809375 0.403125 0.0515625 0.115625
0 0.97890625 0.38125 0.034375 0.1171875
0 0.1578125 0.06171875 0.0421875 0.0515625
1 0.5515625 0.82265625 0.0421875 0.121875
0 0.21875 0.85546875 0.0484375 0.125
0 0.084375 0.965625 0.046875 0.06875
0 0.84453125 0.15859375 0.0546875 0.11875
0 0.13046875 0.9625 0.0609375 0.075
1 0.57265625 0.93671875 0.05625 0.1171875