0 0.3671875 0.19765625 0.046875 0.115625
1 0.809375 0.2234375 0.05 0.11875
0 0.7421875 0.22109375 0.05 0.1140625
0 0.55390625 0.4484375 0.046875 0.10625
1 0.7140625 0.57578125 0.0484375 0.1265625
1 0.85859375 0.95234375 0.0484375 0.0953125
1 0.44140625 0.553125 0.05 0.1234375
1 0.5859375 0.4515625 0.046875 0.1078125
0 0.42109375 0.43203125 0.0484375 0.11875
1 0.70546875 0.21953125 0.05 0.1140625
0 0.42265625 0.8125 0.0453125 0.1203125
0 0.45 0.4359375 0.046875 0.1140625
1 0.95703125 0.5890625 0.05 0.121875
0 0.65625 0.45625 0.05 0.1125
0 0.6078125 0.21484375 0.046875 0.1140625
0 0.20859375 0.53828125 0.0484375 0.1265625
0 0.68359375 0.57578125 0.0453125 0.125
1 0.5734375 0.209375 0.0484375 0.115625
0 0.40859375 0.5515625 0.0515625 0.121875
1 0.5171875 0.44765625 0.046875 0.1109375
1 0.5046875 0.20625 0.0484375 0.1109375
0 0.825 0.9515625 0.046875 0.096875
1 0.8578125 0.46953125 0.0484375 0.115625
0 0.75078125 0.57734375 0.046875 0.125
1 0.6484375 0.57109375 0.0484375 0.1203125
0 0.590625 0.825 0.046875 0.128125
0 0.8953125 0.4671875 0.05 0.115625
0 0.85546875 0.58671875 0.05 0.125
1 0.578125 0.56640625 0.046875 0.1234375
1 0.4765625 0.55625 0.0484375 0.125
0 0.46796875 0.20390625 0.046875 0.1140625
1 0.76484375 0.840625 0.0453125 0.125
0 0.35078125 0.4296875 0.0515625 0.11875
1 0.48203125 0.44453125 0.0484375 0.1109375
1 0.33515625 0.1953125 0.0484375 0.1140625
1 0.81640625 0.58203125 0.0484375 0.1234375
0 0.68828125 0.946875 0.0484375 0.10625
0 0.6890625 0.45703125 0.0484375 0.1109375
0 0.209375 0.9203125 0.046875 0.1203125
0 0.69453125 0.83046875 0.046875 0.128125
1 0.66171875 0.8328125 0.0453125 0.128125
1 0.61953125 0.45546875 0.046875 0.1109375
1 0.94375 0.234375 0.0453125 0.1125
0 0.54609375 0.5609375 0.046875 0.125
0 0.18359375 0.421875 0.0484375 0.109375
1 0.97890625 0.23515625 0.0421875 0.1140625
0 0.04609375 0.4078125 0.046875 0.11875
0 0.24765625 0.421875 0.04375 0.1109375
0 0.4515625 0.02109375 0.04375 0.0421875
0 0.3078125 0.546875 0.053125 0.128125
0 0.60859375 0.5671875 0.046875 0.1234375
0 0.78359375 0.5765625 0.0453125 0.121875
0 0.40234375 0.2 0.046875 0.1140625
1 0.43828125 0.19921875 0.0484375 0.11875
0 0.6296875 0.828125 0.046875 0.1265625
0 0.7328125 0.83359375 0.0453125 0.1265625
0 0.53671875 0.2078125 0.0484375 0.1125
0 0.340625 0.5484375 0.0484375 0.128125
0 0.5484375 0.02421875 0.0421875 0.046875
0 0.2640625 0.1890625 0.0484375 0.115625
1 0.32109375 0.81015625 0.0484375 0.128125
1 0.6390625 0.2171875 0.046875 0.115625
0 0.36953125 0.55078125 0.05 0.125
0 0.5109375 0.55703125 0.046875 0.128125
1 0.58515625 0.02734375 0.0390625 0.0484375
1 0.084375 0.00859375 0.0375 0.0171875
0 0.8953125 0.58671875 0.0578125 0.128125
0 0.93046875 0.4671875 0.046875 0.11875
0 0.67265625 0.2203125 0.0515625 0.1171875
0 0.7765625 0.2265625 0.0453125 0.1140625
1 0.9359375 0.85234375 0.0421875 0.125
0 0.178125 0.91796875 0.046875 0.121875
0 0.3015625 0.19453125 0.046875 0.1140625
1 0.2171875 0.421875 0.04375 0.109375
0 0.12890625 0.9171875 0.059375 0.11875
1 0.83359375 0.8484375 0.0421875 0.1234375
0 0.3109375 0.425 0.05625 0.1234375
0 0.72734375 0.9484375 0.0515625 0.103125
0 0.84765625 0.22734375 0.05 0.1171875
0 0.26796875 0.54375 0.05 0.128125
0 0.06953125 0.53046875 0.04375 0.121875
0 0.23203125 0.18828125 0.0484375 0.1171875
0 0.2796875 0.0140625 0.040625 0.028125
0 0.17265625 0.53359375 0.0453125 0.125
0 0.3515625 0.8078125 0.046875 0.1296875
0 0.14453125 0.79453125 0.0515625 0.121875
1 0.8546875 0.04453125 0.0390625 0.04375
0 0.10546875 0.53203125 0.0453125 0.1234375
0 0.25234375 0.80625 0.04375 0.11875
0 0.14140625 0.41796875 0.05 0.115625
0 0.790625 0.03984375 0.0390625 0.04375
1 0.8875 0.0453125 0.040625 0.040625
1 0.72421875 0.4609375 0.0484375 0.1125
1 0.93046875 0.9546875 0.0453125 0.090625
0 0.28671875 0.80859375 0.0484375 0.1203125
0 0.02890625 0.9078125 0.0578125 0.121875
0 0.08515625 0.91484375 0.05625 0.1171875
0 0.1328125 0.18203125 0.046875 0.1140625
0 0.6203125 0.0296875 0.040625 0.0484375
0 0.34375 0.928125 0.05 0.11875
0 0.88984375 0.953125 0.0453125 0.09375
0 0.0984375 0.18125 0.0421875 0.1171875
1 0.38046875 0.43125 0.046875 0.11875
0 0.45234375 0.82265625 0.0421875 0.11875
1 0.31484375 0.01640625 0.0390625 0.0328125
1 0.8203125 0.04140625 0.0375 0.04375
1 0.75546875 0.03828125 0.040625 0.0453125
1 0.16953125 0.18515625 0.046875 0.1109375
0 0.3125 0.92734375 0.0484375 0.11875
1 0.28125 0.4234375 0.0421875 0.1140625
0 0.24140625 0.92578125 0.0484375 0.115625
0 0.10390625 0.790625 0.05 0.121875
0 0.03515625 0.52890625 0.046875 0.1265625
0 0.8890625 0.22890625 0.05 0.11875
0 0.7578125 0.9515625 0.04375 0.096875
0 0.390625 0.8109375 0.04375 0.1265625
1 0.65 0.9453125 0.05 0.109375
0 0.58203125 0.94296875 0.0453125 0.1140625
1 0.7921875 0.95234375 0.04375 0.0953125
0 0.01953125 0.40390625 0.0359375 0.115625
1 0.6515625 0.03203125 0.040625 0.046875
0 0.2015625 0.18515625 0.04375 0.109375
0 0.8703125 0.84921875 0.0453125 0.1171875
1 0.41640625 0.01953125 0.0390625 0.0390625
0 0.1421875 0.53515625 0.0453125 0.1234375
1 0.08046875 0.4109375 0.0390625 0.109375
0 0.18828125 0.79921875 0.0453125 0.125
1 0.48359375 0.02265625 0.0390625 0.0453125
0 0.38515625 0.93203125 0.0453125 0.11875
0 0.046875 0.78203125 0.0484375 0.1234375
1 0.5171875 0.02421875 0.040625 0.0484375
0 0.2390625 0.54140625 0.04375 0.1234375
0 0.9390625 0.0484375 0.0671875 0.040625
0 0.0046875 0.78984375 0.009375 0.1203125
0 0.1109375 0.41328125 0.0375 0.109375
0 0.546875 0.94453125 0.04375 0.1109375
1 0.6875 0.034375 0.0390625 0.046875
0 0.21875 0.80234375 0.04375 0.121875
0 0.05078125 0.0078125 0.0359375 0.015625
0 0.5203125 0.9453125 0.046875 0.109375
1 0.984375 0.0515625 0.03125 0.040625
0 0.3453125 0.0171875 0.040625 0.034375
0 0.378125 0.01796875 0.040625 0.0359375
1 0.72265625 0.0359375 0.0390625 0.0453125
0 0.79921875 0.840625 0.0453125 0.125
1 0.559375 0.8296875 0.0421875 0.125
0 0.109375 0.00859375 0.03125 0.0171875
0 0.275 0.92421875 0.046875 0.1203125
1 0.9953125 0.234375 0.009375 0.109375
0 0.96328125 0.47109375 0.0484375 0.1296875
0 0.1421875 0.0109375 0.04375 0.021875
0 0.7609375 0.45859375 0.0484375 0.115625
0 0.41640625 0.93359375 0.0453125 0.11875
0 0.61953125 0.94453125 0.0453125 0.1109375
1 0.0703125 0.18125 0.04375 0.115625
0 0.7921875 0.4609375 0.05 0.115625
0 0.0203125 0.784375 0.0390625 0.115625
1 0.9828125 0.5921875 0.03125 0.1203125
0 0.96484375 0.8484375 0.0328125 0.128125
0 0.0109375 0.525 0.021875 0.121875
0 0.90078125 0.85234375 0.040625 0.121875
0 0.821875 0.4640625 0.046875 0.1140625
1 0.44609375 0.93671875 0.05 0.11875
0 0.03828125 0.1734375 0.040625 0.1171875
0 0.18359375 0.01171875 0.0390625 0.0234375
0 0.95625 0.9546875 0.03125 0.090625
0 0.246875 0.01484375 0.040625 0.0296875
0 0.21171875 0.0125 0.0359375 0.025
1 0.9125 0.23203125 0.0421875 0.11875
1 0.92265625 0.5890625 0.0421875 0.125
0 0.9890625 0.47265625 0.021875 0.1234375
1 0.4890625 0.8265625 0.0359375 0.11875
1 0.08125 0.79140625 0.034375 0.121875