1 0.63203125 0.103125 0.08125 0.1890625
1 0.4171875 0.0984375 0.0828125 0.1859375
1 0.56328125 0.10234375 0.078125 0.1859375
1 0.49375 0.1015625 0.0828125 0.184375
0 0.559375 0.29296875 0.075 0.1828125
0 0.6359375 0.2859375 0.075 0.1859375
0 0.30546875 0.28984375 0.05625 0.1875
1 0.309375 0.096875 0.0609375 0.1875
0 0.48203125 0.29296875 0.078125 0.1875
1 0.30078125 0.7015625 0.0625 0.18125
1 0.74609375 0.29453125 0.059375 0.1921875
0 0.4125 0.2875 0.071875 0.190625
1 0.6375 0.71328125 0.0609375 0.18125
1 0.24921875 0.6984375 0.0625 0.1828125
1 0.34375 0.703125 0.0578125 0.18125
1 0.24296875 0.88828125 0.059375 0.1859375
0 0.6984375 0.10390625 0.0609375 0.1859375
1 0.103125 0.70078125 0.0609375 0.1828125
0 0.93515625 0.10390625 0.075 0.1875
1 0.35546875 0.09765625 0.0625 0.1875
1 0.5390625 0.703125 0.059375 0.178125
1 0.353125 0.2859375 0.059375 0.1859375
1 0.3953125 0.70078125 0.059375 0.1828125
1 0.11015625 0.2859375 0.0609375 0.1890625
1 0.2953125 0.88984375 0.05625 0.1875
1 0.69140625 0.29296875 0.05625 0.1875
0 0.340625 0.890625 0.0515625 0.1875
1 0.01796875 0.68828125 0.0359375 0.1890625
1 0.1484375 0.6953125 0.0625 0.1828125
1 0.1546875 0.2875 0.0609375 0.1859375
1 0.2578125 0.0953125 0.0625 0.1875
0 0.684375 0.7109375 0.059375 0.1859375
0 0.440625 0.70078125 0.05625 0.18125
1 0.0578125 0.284375 0.0625 0.190625
0 0.89375 0.29453125 0.0578125 0.18125
1 0.2046875 0.696875 0.0609375 0.1828125
1 0.20078125 0.8875 0.059375 0.1875
1 0.584375 0.70859375 0.059375 0.1796875
1 0.1453125 0.88515625 0.0609375 0.184375
1 0.77890625 0.9046875 0.0546875 0.1875
0 0.86953125 0.09921875 0.065625 0.1875
1 0.05234375 0.6921875 0.0609375 0.18125
0 0.965625 0.72421875 0.0640625 0.1875
0 0.796875 0.71171875 0.0734375 0.19375
0 0.89765625 0.7171875 0.0765625 0.19375
1 0.021875 0.28203125 0.0390625 0.1921875
1 0.09609375 0.88515625 0.06875 0.184375
0 0.79296875 0.29609375 0.0578125 0.1921875
1 0.10859375 0.090625 0.0640625 0.18125
1 0.015625 0.88125 0.03125 0.1875
0 0.7546875 0.10625 0.0546875 0.184375
1 0.48203125 0.8953125 0.0578125 0.1859375
0 0.74140625 0.7125 0.0640625 0.190625
0 0.940625 0.290625 0.0515625 0.171875
0 0.02265625 0.09140625 0.0359375 0.1828125
0 0.68046875 0.90234375 0.0578125 0.1921875
0 0.80625 0.103125 0.0609375 0.1890625
1 0.2515625 0.28046875 0.0578125 0.1859375
1 0.84609375 0.29453125 0.0515625 0.1890625
1 0.15703125 0.09140625 0.0609375 0.1828125
0 0.5828125 0.90078125 0.0546875 0.19375
1 0.4875 0.70703125 0.0546875 0.1765625
0 0.434375 0.8921875 0.059375 0.1875
1 0.209375 0.09296875 0.0609375 0.184375
0 0.890625 0.90703125 0.075 0.1859375
1 0.2078125 0.28828125 0.0609375 0.1859375
1 0.0484375 0.8828125 0.0609375 0.184375
1 0.634375 0.90078125 0.0546875 0.190625
0 0.73671875 0.90625 0.0578125 0.1875
1 0.05703125 0.08984375 0.0578125 0.1796875
1 0.83203125 0.9 0.0625 0.184375
0 0.9609375 0.90859375 0.065625 0.1828125
1 0.53828125 0.89921875 0.0609375 0.190625
1 0.3875 0.89140625 0.0578125 0.1890625