0 0.31171875 0.228125 0.053125 0.115625
1 0.74921875 0.16875 0.053125 0.1171875
0 0.33984375 0.46171875 0.0546875 0.115625
0 0.45234375 0.56328125 0.0546875 0.1265625
0 0.684375 0.17890625 0.0546875 0.1140625
0 0.54375 0.43828125 0.0515625 0.109375
1 0.30390625 0.46796875 0.0515625 0.109375
1 0.72421875 0.5328125 0.0546875 0.128125
1 0.50625 0.44453125 0.053125 0.1125
1 0.2078125 0.4796875 0.0484375 0.1078125
1 0.940625 0.88671875 0.0546875 0.121875
0 0.2203125 0.59375 0.0546875 0.1265625
1 0.65859375 0.54296875 0.05625 0.1234375
1 0.2734375 0.47109375 0.053125 0.1109375
1 0.8453125 0.4015625 0.053125 0.115625
1 0.64765625 0.18515625 0.0546875 0.1140625
1 0.58984375 0.54765625 0.053125 0.121875
0 0.69453125 0.5390625 0.053125 0.1265625
1 0.825 0.784375 0.053125 0.125
0 0.43828125 0.446875 0.053125 0.115625
1 0.48515625 0.5625 0.05625 0.125
0 0.48359375 0.82265625 0.0515625 0.1234375
1 0.965625 0.5015625 0.0546875 0.1265625
0 0.88203125 0.39296875 0.0546875 0.115625
1 0.471875 0.44921875 0.053125 0.1140625
0 0.7609375 0.525 0.053125 0.125
0 0.86484375 0.51640625 0.0578125 0.1265625
1 0.07421875 0.4984375 0.05 0.1125
0 0.9078125 0.89140625 0.0515625 0.1203125
0 0.6515625 0.8015625 0.0546875 0.1296875
0 0.409375 0.4484375 0.053125 0.11875
0 0.5515625 0.19921875 0.0515625 0.115625
0 0.42109375 0.56953125 0.05625 0.128125
0 0.79296875 0.5203125 0.053125 0.125
0 0.64453125 0.42734375 0.05625 0.1140625
1 0.83203125 0.51640625 0.0546875 0.1234375
0 0.55625 0.5515625 0.0546875 0.1265625
0 0.29296875 0.95390625 0.0578125 0.0921875
1 0.88515625 0.15234375 0.0515625 0.1140625
0 0.4125 0.215625 0.0515625 0.1140625
0 0.23828125 0.47421875 0.0484375 0.1078125
0 0.82578125 0.16015625 0.0609375 0.11875
0 0.3203125 0.58359375 0.0578125 0.1296875
0 0.625 0.5453125 0.053125 0.1234375
0 0.75390625 0.78828125 0.0546875 0.128125
1 0.984375 0.7625 0.03125 0.128125
1 0.7203125 0.79296875 0.0515625 0.1296875
1 0.51640625 0.20078125 0.053125 0.115625
1 0.12109375 0.60703125 0.053125 0.125
0 0.77265625 0.909375 0.0546875 0.1203125
0 0.38359375 0.83671875 0.053125 0.125
1 0.2796875 0.23203125 0.053125 0.115625
0 0.678125 0.4234375 0.0515625 0.109375
1 0.78359375 0.165625 0.05 0.1140625
1 0.60703125 0.4328125 0.0515625 0.1140625
1 0.921875 0.14921875 0.0515625 0.1125
1 0.94765625 0.3859375 0.053125 0.11875
1 0.8953125 0.77734375 0.0515625 0.125
1 0.42109375 0.8359375 0.0546875 0.128125
0 0.7921875 0.78359375 0.053125 0.128125
1 0.44921875 0.21015625 0.053125 0.1125
1 0.7265625 0.00625 0.040625 0.0125
0 0.69765625 0.0078125 0.0421875 0.015625
1 0.34765625 0.84453125 0.053125 0.125
0 0.68984375 0.796875 0.0546875 0.128125
1 0.71171875 0.41796875 0.053125 0.1125
0 0.34765625 0.22421875 0.0515625 0.1140625
0 0.1734375 0.484375 0.05625 0.1109375
0 0.3828125 0.575 0.0546875 0.128125
0 0.0390625 0.5 0.0515625 0.115625
0 0.353125 0.578125 0.0546875 0.128125
0 0.26328125 0.95546875 0.0578125 0.0890625
1 0.38203125 0.21640625 0.053125 0.11875
0 0.90546875 0.51015625 0.065625 0.1328125
0 0.809375 0.90390625 0.0578125 0.121875
0 0.9125 0.3890625 0.0515625 0.1140625
0 0.28671875 0.58828125 0.0578125 0.1265625
1 0.58125 0.1953125 0.053125 0.1171875
1 0.00703125 0.08125 0.0140625 0.05
0 0.71953125 0.178125 0.05 0.1140625
0 0.45390625 0.82734375 0.05 0.1265625
0 0.615625 0.19140625 0.05625 0.1171875
0 0.08125 0.6109375 0.05625 0.1265625
0 0.5140625 0.82578125 0.05 0.1203125
0 0.209375 0.23984375 0.0546875 0.1171875
0 0.52109375 0.553125 0.0515625 0.1296875
0 0.48046875 0.20703125 0.053125 0.1140625
0 0.31328125 0.85 0.0578125 0.1234375
0 0.97109375 0.8828125 0.0515625 0.121875
0 0.178125 0.2453125 0.0546875 0.11875
0 0.1921875 0.0578125 0.04375 0.05
0 0.246875 0.2375 0.0515625 0.115625
0 0.21484375 0.95625 0.0703125 0.0875
0 0.325 0.95390625 0.059375 0.0921875
0 0.28125 0.84921875 0.053125 0.125
1 0.32578125 0.04140625 0.0390625 0.05
1 0.99375 0.87890625 0.0125 0.1203125
1 0.734375 0.91328125 0.0546875 0.1203125
0 0.0484375 0.61640625 0.0546875 0.128125
1 0.66015625 0.01015625 0.0421875 0.0203125
1 0.36015625 0.03671875 0.0421875 0.0515625
0 0.01640625 0.49765625 0.0328125 0.1171875
0 0.184375 0.59453125 0.0515625 0.128125
0 0.9296875 0.771875 0.0515625 0.1203125
0 0.16953125 0.9625 0.0671875 0.075
0 0.66484375 0.92109375 0.0515625 0.1203125
0 0.57734375 0.43515625 0.053125 0.1125
1 0.22421875 0.05390625 0.040625 0.0515625
0 0.07890625 0.259375 0.053125 0.1171875
0 0.15546875 0.60234375 0.05 0.1234375
0 0.359375 0.94921875 0.05625 0.1015625
1 0.3921875 0.03359375 0.040625 0.0515625
0 0.11171875 0.96328125 0.0765625 0.0734375
1 0.875 0.89765625 0.05 0.11875
1 0.49453125 0.02265625 0.0421875 0.0453125
0 0.20703125 0.85859375 0.053125 0.121875
0 0.14921875 0.8609375 0.0546875 0.1203125
0 0.2890625 0.0453125 0.04375 0.05
0 0.39765625 0.9453125 0.0609375 0.109375
1 0.55859375 0.01796875 0.0421875 0.0359375
0 0.74765625 0.41015625 0.0546875 0.1171875
0 0.2515625 0.590625 0.05 0.125
1 0.63046875 0.01328125 0.0421875 0.0265625
1 0.115625 0.25390625 0.0515625 0.1140625
0 0.52578125 0.0203125 0.0421875 0.040625
0 0.859375 0.78125 0.05 0.1234375
0 0.25 0.8515625 0.05625 0.128125
1 0.59453125 0.015625 0.0421875 0.03125
0 0.42890625 0.94453125 0.0578125 0.1109375
0 0.25546875 0.04921875 0.0421875 0.05
0 0.02109375 0.07890625 0.034375 0.05
0 0.146875 0.24921875 0.0484375 0.1125
0 0.10859375 0.86484375 0.053125 0.1234375
0 0.6328125 0.9296875 0.05 0.1171875
0 0.46875 0.9421875 0.053125 0.115625
0 0.0453125 0.26328125 0.046875 0.1171875
0 0.84140625 0.9046875 0.05 0.1171875
1 0.459375 0.02578125 0.04375 0.0515625
1 0.36953125 0.45859375 0.0515625 0.11875
1 0.18359375 0.86328125 0.0453125 0.11875
0 0.05078125 0.07421875 0.0421875 0.05
0 0.5 0.93984375 0.053125 0.1203125
0 0.60546875 0.93515625 0.053125 0.115625
1 0.94765625 0.14609375 0.0375 0.109375
0 0.70390625 0.9171875 0.0515625 0.11875
1 0.62109375 0.8125 0.0515625 0.1296875
0 0.128125 0.4890625 0.059375 0.1171875
1 0.53046875 0.93828125 0.05625 0.1203125
0 0.05546875 0.8828125 0.0390625 0.1203125
0 0.08359375 0.8703125 0.046875 0.1203125
0 0.7796875 0.40625 0.0578125 0.1171875
1 0.4265625 0.02890625 0.0421875 0.0515625
0 0.959375 0.76953125 0.0484375 0.125
0 0.02265625 0.61796875 0.0375 0.1234375
0 0.09296875 0.06953125 0.0421875 0.0515625
1 0.9859375 0.4984375 0.028125 0.121875
0 0.0734375 0.96796875 0.046875 0.0640625
1 0.1109375 0.4921875 0.0515625 0.109375
1 0.0203125 0.2671875 0.040625 0.115625
0 0.12265625 0.06640625 0.0390625 0.05
0 0.81015625 0.40390625 0.0515625 0.115625
0 0.97890625 0.38125 0.034375 0.1171875
0 0.15859375 0.0625 0.04375 0.0515625
1 0.93125 0.50625 0.05 0.128125
1 0.5515625 0.8234375 0.0421875 0.1203125
0 0.1421875 0.4875 0.0453125 0.1140625
1 0.8546875 0.1578125 0.04375 0.1171875
0 0.13125 0.96484375 0.0625 0.0703125
0 0.084375 0.965625 0.053125 0.06875
0 0.08046875 0.071875 0.0390625 0.0515625