0 0.41015625 0.18125 0.0625 0.11875
1 0.84296875 0.26796875 0.0625 0.11875
1 0.73671875 0.609375 0.0640625 0.125
0 0.434375 0.54453125 0.0640625 0.1265625
1 0.32578125 0.40625 0.059375 0.1109375
0 0.3609375 0.4109375 0.0640625 0.115625
1 0.525 0.44765625 0.059375 0.1109375
0 0.77890625 0.25625 0.0640625 0.1171875
0 0.3796875 0.7984375 0.0609375 0.125
0 0.5453125 0.834375 0.065625 0.1328125
0 0.56171875 0.45546875 0.059375 0.1109375
1 0.23046875 0.38515625 0.0578125 0.109375
1 0.7421875 0.25078125 0.0640625 0.1171875
1 0.63671875 0.5921875 0.0640625 0.121875
1 0.56953125 0.57421875 0.0625 0.125
0 0.7703125 0.6140625 0.065625 0.128125
1 0.03671875 0.84765625 0.0734375 0.1265625
1 0.2953125 0.39921875 0.0609375 0.1125
0 0.8390625 0.6359375 0.0671875 0.1296875
1 0.89296875 0.52578125 0.0609375 0.115625
1 0.80078125 0.6265625 0.0640625 0.1265625
1 0.9609375 0.5390625 0.0625 0.1203125
0 0.87734375 0.640625 0.0734375 0.134375
0 0.45859375 0.43046875 0.059375 0.1171875
1 0.71484375 0.875 0.0625 0.1265625
1 0.48984375 0.44296875 0.0609375 0.1140625
1 0.465625 0.5546875 0.0640625 0.1265625
0 0.646875 0.85546875 0.065625 0.13125
1 0.61328125 0.853125 0.0625 0.1328125
1 0.54609375 0.209375 0.0609375 0.1140625
0 0.66015625 0.478125 0.0640625 0.115625
0 0.6703125 0.5984375 0.065625 0.1296875
1 0.31484375 0.79140625 0.0640625 0.1296875
0 0.64609375 0.23203125 0.0609375 0.1171875
1 0.6234375 0.47109375 0.0609375 0.115625
1 0.37890625 0.175 0.0625 0.1171875
0 0.60390625 0.58359375 0.0640625 0.1265625
0 0.53671875 0.5671875 0.0640625 0.128125
0 0.57734375 0.2171875 0.0625 0.1140625
1 0.990625 0.3046875 0.01875 0.115625
0 0.40234375 0.540625 0.0640625 0.128125
0 0.2046875 0.496875 0.0625 0.128125
1 0.91484375 0.0984375 0.04375 0.0484375
1 0.6140625 0.22265625 0.0625 0.1171875
0 0.43046875 0.42109375 0.0625 0.1203125
0 0.925 0.53125 0.0625 0.115625
0 0.51015625 0.2015625 0.0609375 0.115625
1 0.9734375 0.29453125 0.053125 0.1171875
0 0.26171875 0.3890625 0.05625 0.109375
0 0.62421875 0.95703125 0.0640625 0.0859375
0 0.70390625 0.60546875 0.0640625 0.1296875
0 0.0765625 0.85703125 0.0765625 0.1265625
0 0.5828125 0.84296875 0.0640625 0.1296875
0 0.69296875 0.4859375 0.059375 0.1109375
1 0.48046875 0.19296875 0.0625 0.1203125
1 0.7265625 0.4921875 0.0609375 0.1140625
0 0.68359375 0.86328125 0.0625 0.1296875
1 0.8828125 0.90859375 0.059375 0.1265625
1 0.78203125 0.8921875 0.059375 0.125
1 0.87734375 0.27578125 0.059375 0.1171875
1 0.86171875 0.51875 0.0609375 0.1140625
0 0.28046875 0.78046875 0.0625 0.1265625
0 0.196875 0.378125 0.0625 0.1125
0 0.4453125 0.1890625 0.0609375 0.115625
1 0.940625 0.6546875 0.0640625 0.13125
1 0.38359375 0.00703125 0.0421875 0.0140625
1 0.67578125 0.2390625 0.0625 0.11875
0 0.6609375 0.96015625 0.06875 0.0796875
0 0.1640625 0.36796875 0.059375 0.115625
0 0.91875 0.284375 0.06875 0.121875
0 0.8140625 0.2625 0.059375 0.1203125
1 0.24921875 0.7765625 0.0640625 0.128125
0 0.309375 0.159375 0.0640625 0.11875
0 0.0625 0.34765625 0.0609375 0.11875
0 0.303125 0.52265625 0.0671875 0.134375
0 0.709375 0.24609375 0.065625 0.1203125
0 0.503125 0.5578125 0.0625 0.13125
1 0.51640625 0.02109375 0.0453125 0.0421875
1 0.48515625 0.01640625 0.0421875 0.0328125
0 0.2640625 0.5125 0.0640625 0.13125
0 0.41484375 0.00859375 0.0453125 0.0171875
1 0.55 0.025 0.04375 0.05
0 0.34609375 0.16953125 0.0609375 0.1171875
0 0.3640625 0.53359375 0.0625 0.128125
0 0.09765625 0.3515625 0.0578125 0.11875
0 0.753125 0.97265625 0.0625 0.0546875
1 0.725 0.96953125 0.059375 0.0609375
1 0.5859375 0.953125 0.065625 0.09375
0 0.00859375 0.8390625 0.0171875 0.128125
1 0.64921875 0.04453125 0.046875 0.053125
0 0.8515625 0.08515625 0.0453125 0.0484375
0 0.79453125 0.50234375 0.065625 0.11875
0 0.215625 0.76640625 0.065625 0.128125
0 0.10625 0.74296875 0.0609375 0.125
0 0.27890625 0.15390625 0.0640625 0.1203125
0 0.15390625 0.87734375 0.0640625 0.121875
1 0.88046875 0.09140625 0.0421875 0.0484375
0 0.3453125 0.79453125 0.0609375 0.128125
0 0.18125 0.13359375 0.0609375 0.115625
0 0.25625 0.89609375 0.065625 0.121875
0 0.7625 0.49609375 0.0625 0.1171875
0 0.33515625 0.52734375 0.0625 0.1296875
0 0.40703125 0.8125 0.0578125 0.1234375
0 0.05 0.728125 0.0625 0.125
0 0.59296875 0.465625 0.0578125 0.1109375
0 0.10390625 0.48046875 0.0609375 0.13125
0 0.51953125 0.9453125 0.0609375 0.109375
0 0.18828125 0.8859375 0.0640625 0.1203125
0 0.790625 0.97421875 0.0625 0.0515625
0 0.12265625 0.8703125 0.065625 0.1234375
0 0.4484375 0.01328125 0.046875 0.0265625
1 0.21640625 0.1421875 0.0609375 0.115625
0 0.1703125 0.4859375 0.059375 0.1265625
1 0.86171875 0.98125 0.0609375 0.0375
0 0.2484375 0.14765625 0.0578125 0.1140625
0 0.965625 0.1078125 0.06875 0.05
0 0.06796875 0.4703125 0.0625 0.1296875
0 0.68125 0.05078125 0.0453125 0.0515625
0 0.021875 0.71875 0.04375 0.121875
0 0.234375 0.5046875 0.0578125 0.1265625
0 0.690625 0.9671875 0.059375 0.065625
0 0.15 0.75078125 0.0640625 0.1296875
0 0.17890625 0.75859375 0.059375 0.1265625
1 0.715625 0.05859375 0.046875 0.053125
0 0.7484375 0.88203125 0.059375 0.125
0 0.81875 0.896875 0.0640625 0.1234375
0 0.1359375 0.4859375 0.059375 0.128125
0 0.29140625 0.90703125 0.0671875 0.1234375
1 0.6140625 0.03671875 0.0453125 0.053125
1 0.13203125 0.3625 0.05625 0.115625
0 0.0375 0.3390625 0.0515625 0.1171875
0 0.82109375 0.97734375 0.0609375 0.0453125
0 0.0359375 0.46328125 0.0625 0.1296875
1 0.8171875 0.07890625 0.0453125 0.05
1 0.75 0.065625 0.0453125 0.0515625
0 0.4578125 0.94296875 0.0625 0.1140625
0 0.22265625 0.8921875 0.065625 0.121875
0 0.32578125 0.91171875 0.0609375 0.121875
0 0.48515625 0.9453125 0.0578125 0.109375
1 0.5828125 0.03046875 0.0453125 0.053125
0 0.85234375 0.903125 0.0578125 0.128125
0 0.146875 0.128125 0.05625 0.11875
0 0.00703125 0.71484375 0.0140625 0.1234375
0 0.55625 0.95 0.059375 0.1
0 0.82421875 0.51015625 0.059375 0.115625
1 0.96484375 0.659375 0.0484375 0.1234375
0 0.35625 0.9203125 0.0625 0.121875
1 0.784375 0.071875 0.04375 0.05
1 0.08203125 0.7390625 0.053125 0.1203125
0 0.91171875 0.91015625 0.05 0.128125
0 0.01640625 0.45625 0.0328125 0.125
1 0.38515625 0.92421875 0.065625 0.121875
1 0.38984375 0.41953125 0.0609375 0.11875
0 0.08828125 0.11171875 0.0546875 0.1171875
0 0.88671875 0.98359375 0.0484375 0.0328125
0 0.98359375 0.54296875 0.0328125 0.1171875
1 0.5125 0.83515625 0.0609375 0.13125
0 0.91484375 0.65 0.0640625 0.13125
1 0.11875 0.1234375 0.059375 0.11875
1 0.946875 0.2921875 0.0546875 0.11875
1 0.44375 0.82109375 0.0546875 0.1234375
0 0.89140625 0.64921875 0.071875 0.134375