1 0.8828125 0.84921875 0.059375 0.159375
1 0.71171875 0.69765625 0.05546875 0.14921875
1 0.796875 0.85234375 0.06015625 0.16328125
1 0.8453125 0.69609375 0.05390625 0.15234375
0 0.79765625 0.69609375 0.05703125 0.14921875
0 0.84609375 0.84375 0.05546875 0.15859375
0 0.66875 0.21875 0.0546875 0.14921875
1 0.546875 0.36640625 0.05 0.1546875
1 0.5484375 0.21171875 0.05234375 0.15078125
1 0.58671875 0.85546875 0.05234375 0.159375
1 0.71015625 0.2171875 0.05 0.1484375
1 0.84375 0.365625 0.0515625 0.15625
0 0.67109375 0.365625 0.05078125 0.15703125
1 0.63359375 0.365625 0.053125 0.1515625
0 0.20078125 0.85625 0.05703125 0.15859375
1 0.88359375 0.69296875 0.05546875 0.153125
0 0.1546875 0.70234375 0.05390625 0.1609375
0 0.7109375 0.36640625 0.05234375 0.1609375
1 0.8828125 0.36875 0.05078125 0.15625
0 0.75859375 0.696875 0.05703125 0.1484375
1 0.50546875 0.85625 0.05390625 0.1703125
0 0.75859375 0.84921875 0.05859375 0.159375
1 0.7578125 0.21484375 0.05 0.146875
1 0.84453125 0.2171875 0.0484375 0.14765625
0 0.54765625 0.85625 0.0515625 0.1703125
0 0.546875 0.69453125 0.0546875 0.14765625
0 0.19921875 0.36484375 0.05 0.16328125
1 0.7984375 0.3671875 0.0515625 0.15703125
0 0.75859375 0.36640625 0.053125 0.1609375
1 0.8828125 0.21640625 0.05 0.14609375
0 0.1484375 0.365625 0.05 0.1671875
0 0.50546875 0.36953125 0.0546875 0.1609375
1 0.9703125 0.8484375 0.0578125 0.1578125
1 0.1078125 0.69296875 0.06796875 0.16796875
1 0.5859375 0.3625 0.05078125 0.15078125
0 0.50625 0.215625 0.05 0.1515625
1 0.79609375 0.215625 0.04921875 0.1453125
1 0.15390625 0.85546875 0.05234375 0.1578125
0 0.2390625 0.3640625 0.05 0.16328125
0 0.1515625 0.21015625 0.04453125 0.15234375
0 0.59296875 0.2125 0.059375 0.15234375
1 0.92109375 0.84921875 0.05859375 0.1578125
0 0.46328125 0.36875 0.04453125 0.165625
1 0.10546875 0.365625 0.06328125 0.16796875
1 0.96953125 0.69453125 0.05390625 0.1546875
0 0.45859375 0.8578125 0.0515625 0.16796875
0 0.23515625 0.2078125 0.04765625 0.15390625
0 0.63984375 0.69765625 0.0546875 0.14921875
0 0.50703125 0.6921875 0.05234375 0.146875
0 0.2875 0.3625 0.0578125 0.15703125
0 0.58984375 0.696875 0.05546875 0.1484375
0 0.19765625 0.2046875 0.04296875 0.14921875
0 0.46328125 0.21640625 0.04375 0.15
1 0.9234375 0.2140625 0.05 0.1484375
1 0.04453125 0.365625 0.06328125 0.16484375
1 0.96953125 0.21328125 0.05 0.1484375
1 0.971875 0.36953125 0.05 0.1609375
1 0.92265625 0.36640625 0.05078125 0.1578125
1 0.6734375 0.6984375 0.05 0.146875
0 0.7046875 0.8609375 0.0671875 0.171875
1 0.10703125 0.20859375 0.06015625 0.1578125
1 0.24140625 0.8578125 0.046875 0.1640625
1 0.0421875 0.859375 0.065625 0.16328125
1 0.9234375 0.696875 0.0546875 0.15546875
0 0.28359375 0.859375 0.0515625 0.1671875
0 0.284375 0.21015625 0.04609375 0.1515625
0 0.23671875 0.6984375 0.04921875 0.1546875
1 0.4578125 0.6984375 0.05546875 0.14921875
1 0.20546875 0.6984375 0.05859375 0.15703125
0 0.284375 0.69765625 0.05078125 0.15390625
0 0.10703125 0.853125 0.06640625 0.16171875
1 0.6703125 0.85625 0.05703125 0.16484375
1 0.62890625 0.8515625 0.0484375 0.15234375
1 0.04375 0.2 0.06015625 0.16640625
1 0.63203125 0.2203125 0.04140625 0.15390625
1 0.03984375 0.6890625 0.06875 0.18203125
0 0.721875 0.85625 0.046875 0.15546875