1 0.58671875 0.8515625 0.0546875 0.16484375
1 0.55 0.20859375 0.0515625 0.15390625
1 0.88203125 0.84609375 0.05859375 0.16015625
0 0.5484375 0.84296875 0.0546875 0.16953125
0 0.7984375 0.69296875 0.05625 0.14765625
1 0.88359375 0.69140625 0.053125 0.15
0 0.671875 0.21484375 0.05234375 0.15
1 0.79765625 0.84921875 0.059375 0.165625
1 0.7125 0.21640625 0.04765625 0.14765625
1 0.5484375 0.36796875 0.0484375 0.1578125
0 0.54765625 0.69609375 0.05625 0.1515625
1 0.5078125 0.8515625 0.05703125 0.16953125
1 0.71328125 0.6953125 0.05234375 0.15
1 0.84453125 0.6953125 0.053125 0.14765625
0 0.759375 0.69765625 0.05703125 0.1484375
0 0.84609375 0.840625 0.05390625 0.16015625
0 0.671875 0.3640625 0.04921875 0.15859375
1 0.84609375 0.3640625 0.0515625 0.15546875
1 0.75859375 0.2140625 0.04765625 0.14765625
0 0.2015625 0.85078125 0.05390625 0.15859375
1 0.63359375 0.36328125 0.05 0.15390625
1 0.0453125 0.3625 0.0640625 0.16484375
0 0.2015625 0.35703125 0.05 0.16171875
1 0.884375 0.3625 0.05 0.1578125
0 0.5921875 0.209375 0.05859375 0.15625
1 0.796875 0.215625 0.0484375 0.14765625
0 0.75703125 0.85 0.0609375 0.1671875
1 0.15625 0.85078125 0.05078125 0.15703125
0 0.759375 0.36484375 0.05 0.16015625
0 0.7125 0.36484375 0.05 0.1625
0 0.1515625 0.3609375 0.0515625 0.165625
1 0.88515625 0.21328125 0.04921875 0.1484375
1 0.50859375 0.6953125 0.053125 0.15234375
0 0.5078125 0.2125 0.05078125 0.15546875
1 0.1109375 0.68828125 0.0671875 0.16640625
1 0.92109375 0.84609375 0.05625 0.1578125
1 0.9703125 0.846875 0.0546875 0.15859375
0 0.28828125 0.36015625 0.05625 0.15703125
1 0.84609375 0.21328125 0.05 0.14765625
0 0.23828125 0.2046875 0.0453125 0.153125
1 0.79921875 0.36484375 0.0515625 0.1578125
1 0.67421875 0.69375 0.05 0.14765625
0 0.5078125 0.3640625 0.04921875 0.1609375
1 0.96953125 0.69296875 0.0515625 0.15390625
0 0.240625 0.3609375 0.046875 0.16171875
0 0.63984375 0.69453125 0.05625 0.1546875
1 0.04375 0.8484375 0.06484375 0.159375
1 0.5859375 0.3640625 0.05 0.1515625
0 0.2 0.20625 0.0421875 0.15234375
0 0.590625 0.69765625 0.05625 0.153125
1 0.97109375 0.2125 0.04921875 0.15078125
0 0.46484375 0.2125 0.04296875 0.153125
0 0.46328125 0.36796875 0.0453125 0.16484375
0 0.4578125 0.8484375 0.0578125 0.17109375
0 0.15234375 0.20078125 0.04375 0.15078125
1 0.92265625 0.21328125 0.05 0.15078125
1 0.24140625 0.84765625 0.04609375 0.16015625
1 0.1078125 0.3609375 0.06171875 0.165625
0 0.28828125 0.85 0.05546875 0.16171875
1 0.97265625 0.36953125 0.0484375 0.1625
0 0.7046875 0.85546875 0.06796875 0.1734375
1 0.921875 0.36484375 0.05078125 0.159375
0 0.1578125 0.69921875 0.0515625 0.15859375
0 0.2875 0.203125 0.04765625 0.15390625
1 0.20859375 0.69375 0.065625 0.1546875
1 0.9234375 0.69609375 0.053125 0.15234375
0 0.28828125 0.696875 0.05703125 0.1546875
0 0.23671875 0.69296875 0.05234375 0.153125
1 0.0453125 0.20234375 0.06171875 0.16015625
1 0.10859375 0.20546875 0.05859375 0.15546875
1 0.6703125 0.8515625 0.0578125 0.1671875
1 0.62890625 0.84921875 0.0515625 0.1578125
1 0.4578125 0.69375 0.053125 0.15390625
1 0.04609375 0.68359375 0.0640625 0.184375
1 0.109375 0.85234375 0.0671875 0.15703125
1 0.6359375 0.2109375 0.04296875 0.14921875