1 0.7109375 0.90546875 0.0921875 0.1703125
0 0.12734375 0.7828125 0.090625 0.171875
1 0.1640625 0.79140625 0.0859375 0.171875
1 0.65703125 0.3984375 0.0859375 0.1625
1 0.78984375 0.921875 0.0953125 0.15625
1 0.60859375 0.2296875 0.0875 0.1625
1 0.659375 0.73984375 0.0875 0.159375
1 0.76640625 0.271875 0.084375 0.1578125
0 0.74453125 0.759375 0.0890625 0.1578125
1 0.7890625 0.76875 0.0859375 0.1609375
0 0.72421875 0.26484375 0.0921875 0.159375
1 0.81796875 0.43671875 0.0875 0.1671875
0 0.540625 0.71171875 0.090625 0.159375
0 0.1171875 0.6171875 0.090625 0.16875
1 0.57109375 0.3859375 0.0875 0.1671875
0 0.7046875 0.75390625 0.090625 0.1609375
0 0.75546875 0.9140625 0.090625 0.1671875
1 0.834375 0.92265625 0.09375 0.1546875
0 0.77890625 0.42890625 0.0890625 0.1703125
1 0.8125 0.28125 0.08125 0.153125
0 0.69609375 0.4109375 0.0859375 0.1671875
0 0.6546875 0.24140625 0.1 0.165625
1 0.8265625 0.7796875 0.0890625 0.1625
0 0.73203125 0.41875 0.0890625 0.1703125
0 0.671875 0.90625 0.096875 0.178125
1 0.8625 0.446875 0.0859375 0.1640625
0 0.50078125 0.70078125 0.0890625 0.159375
1 0.42265625 0.8515625 0.0921875 0.18125
1 0.90078125 0.4546875 0.084375 0.165625
0 0.18671875 0.2921875 0.0875 0.1734375
1 0.89609375 0.3015625 0.0828125 0.153125
0 0.5328125 0.37578125 0.0890625 0.1703125
1 0.93515625 0.3078125 0.08125 0.1546875
1 0.503125 0.86796875 0.090625 0.1703125
0 0.56875 0.225 0.0828125 0.1609375
0 0.2359375 0.3 0.0859375 0.1703125
1 0.8515625 0.28671875 0.08125 0.1546875
0 0.4921875 0.36484375 0.0859375 0.1765625
0 0.2734375 0.31171875 0.0875 0.16875
1 0.8765625 0.93125 0.090625 0.1375
0 0.46328125 0.86015625 0.090625 0.18125
0 0.52734375 0.21484375 0.0796875 0.159375
0 0.459375 0.696875 0.0875 0.1609375
0 0.3203125 0.31953125 0.09375 0.165625
1 0.07265625 0.60078125 0.10625 0.18125
1 0.621875 0.7390625 0.0828125 0.1578125
0 0.5890625 0.72421875 0.0890625 0.159375
0 0.225 0.1421875 0.078125 0.1578125
1 0.6109375 0.390625 0.0859375 0.1609375
1 0.9390625 0.46484375 0.0859375 0.16875
0 0.26875 0.1515625 0.075 0.1546875
0 0.3046875 0.15859375 0.08125 0.159375
1 0.97109375 0.478125 0.0578125 0.171875
0 0.20703125 0.803125 0.0921875 0.178125
1 0.909375 0.79921875 0.084375 0.1609375
1 0.96640625 0.315625 0.0671875 0.15625
0 0.35390625 0.16875 0.08125 0.1609375
1 0.9890625 0.32578125 0.021875 0.1578125
1 0.08046875 0.7703125 0.0875 0.16875
1 0.11875 0.11484375 0.096875 0.171875
0 0.62265625 0.89921875 0.096875 0.1796875
0 0.24296875 0.64453125 0.0890625 0.1625
1 0.0828125 0.26640625 0.1 0.1765625
1 0.0109375 0.74765625 0.021875 0.1734375
0 0.37578125 0.8390625 0.0953125 0.1859375
1 0.86484375 0.78828125 0.0859375 0.1625
0 0.19453125 0.634375 0.0921875 0.165625
1 0.14375 0.28125 0.1 0.1796875
1 0.41171875 0.68359375 0.0875 0.1625
1 0.584375 0.88671875 0.09375 0.175
1 0.16953125 0.62890625 0.1046875 0.1703125
0 0.04296875 0.75703125 0.0859375 0.1734375
1 0.03046875 0.5828125 0.0609375 0.19375
1 0.18125 0.1265625 0.09375 0.16875
1 0.54140625 0.87109375 0.08125 0.159375
1 0.6890625 0.25546875 0.075 0.159375