0 0.29296875 0.24140625 0.059375 0.1171875
0 0.45703125 0.5671875 0.0625 0.128125
1 0.72578125 0.15234375 0.059375 0.1171875
0 0.66171875 0.1671875 0.0609375 0.1140625
0 0.3375 0.47265625 0.0625 0.1171875
0 0.5390625 0.43515625 0.059375 0.1109375
1 0.83671875 0.378125 0.059375 0.115625
1 0.30625 0.48125 0.0578125 0.1140625
1 0.503125 0.44453125 0.059375 0.1140625
1 0.59296875 0.54140625 0.0609375 0.125
0 0.671875 0.790625 0.0625 0.13125
1 0.42734375 0.21484375 0.059375 0.1140625
0 0.50625 0.82109375 0.0578125 0.125
0 0.43515625 0.4515625 0.059375 0.1171875
1 0.6625 0.53203125 0.0625 0.1234375
1 0.871875 0.36953125 0.0578125 0.1109375
0 0.79375 0.5 0.0625 0.128125
1 0.6265625 0.17578125 0.0609375 0.1171875
1 0.84453125 0.76171875 0.059375 0.1265625
1 0.48984375 0.5640625 0.0625 0.128125
0 0.640625 0.4171875 0.059375 0.1125
0 0.22734375 0.6125 0.0609375 0.128125
0 0.42578125 0.57421875 0.0640625 0.128125
1 0.46796875 0.4515625 0.059375 0.1140625
0 0.865625 0.49296875 0.065625 0.128125
0 0.90234375 0.48203125 0.0703125 0.1328125
1 0.82578125 0.4984375 0.0609375 0.1265625
1 0.20859375 0.96953125 0.0765625 0.0609375
1 0.7609375 0.50859375 0.0625 0.1265625
0 0.40546875 0.4546875 0.0609375 0.1203125
1 0.70625 0.40546875 0.0578125 0.1171875
1 0.74140625 0.78125 0.0609375 0.13125
0 0.696875 0.5265625 0.065625 0.1296875
0 0.77265625 0.7703125 0.0625 0.1296875
0 0.56015625 0.54765625 0.0640625 0.128125
1 0.271875 0.48359375 0.05625 0.1125
1 0.99140625 0.7265625 0.0171875 0.128125
1 0.60234375 0.425 0.059375 0.115625
0 0.62578125 0.53828125 0.0609375 0.1265625
1 0.9390625 0.3546875 0.059375 0.11875
0 0.8 0.88984375 0.0609375 0.121875
1 0.20703125 0.49921875 0.05625 0.109375
0 0.39375 0.221875 0.059375 0.115625
0 0.671875 0.4109375 0.059375 0.1125
0 0.25078125 0.965625 0.0734375 0.06875
0 0.2375 0.490625 0.0546875 0.1109375
1 0.26171875 0.24765625 0.0609375 0.1171875
1 0.4953125 0.19921875 0.059375 0.1171875
0 0.5296875 0.19453125 0.0578125 0.11875
0 0.8109375 0.7625 0.0609375 0.128125
1 0.76015625 0.14609375 0.05625 0.115625
0 0.32734375 0.596875 0.0640625 0.13125
0 0.32734375 0.96015625 0.0609375 0.0796875
0 0.903125 0.3625 0.0609375 0.115625
0 0.71015625 0.7828125 0.0625 0.1296875
0 0.1734375 0.50546875 0.0609375 0.1140625
0 0.15078125 0.97578125 0.0828125 0.0484375
1 0.9125 0.75078125 0.0578125 0.125
0 0.32421875 0.23515625 0.059375 0.115625
0 0.803125 0.13828125 0.065625 0.11875
0 0.19140625 0.2609375 0.059375 0.11875
0 0.35859375 0.58984375 0.0625 0.1296875
1 0.86015625 0.12578125 0.0578125 0.115625
0 0.83671875 0.88203125 0.065625 0.1234375
1 0.3265625 0.0484375 0.04375 0.0515625
1 0.89609375 0.1203125 0.0578125 0.1125
1 0.37265625 0.85078125 0.059375 0.128125
0 0.59375 0.18515625 0.0625 0.11875
0 0.93203125 0.86640625 0.0609375 0.121875
1 0.36328125 0.22890625 0.0609375 0.1171875
0 0.22890625 0.25625 0.0578125 0.115625
0 0.459375 0.94609375 0.065625 0.1078125
0 0.69609375 0.16328125 0.05625 0.115625
0 0.38828125 0.58359375 0.0609375 0.1296875
1 0.36015625 0.0421875 0.04375 0.053125
1 0.19375 0.07421875 0.0421875 0.053125
1 0.29375 0.05390625 0.0421875 0.0515625
1 0.96484375 0.46953125 0.0640625 0.128125
0 0.16171875 0.0796875 0.0453125 0.0515625
1 0.065625 0.1 0.0421875 0.053125
1 0.9015625 0.87109375 0.0578125 0.11875
1 0.46328125 0.2078125 0.0578125 0.115625
0 0.0625 0.2890625 0.0609375 0.11875
0 0.9671875 0.85546875 0.0609375 0.1234375
0 0.53671875 0.8234375 0.05625 0.121875
0 0.33984375 0.8578125 0.0609375 0.1265625
0 0.22265625 0.0671875 0.04375 0.05
0 0.52421875 0.55234375 0.0609375 0.13125
0 0.296875 0.9625 0.0625 0.075
0 0.071875 0.52109375 0.05625 0.115625
0 0.69453125 0.90859375 0.059375 0.121875
1 0.5609375 0.18984375 0.0578125 0.115625
0 0.01796875 0.53203125 0.0359375 0.1171875
0 0.19140625 0.61640625 0.0578125 0.128125
0 0.0390625 0.53046875 0.0578125 0.1171875
0 0.2875 0.603125 0.0625 0.13125
0 0.428125 0.94921875 0.0625 0.1015625
0 0.16015625 0.2671875 0.0609375 0.121875
0 0.1390625 0.509375 0.05625 0.115625
0 0.36328125 0.9578125 0.0609375 0.084375
0 0.5734375 0.4296875 0.059375 0.115625
0 0.40703125 0.8421875 0.0578125 0.1296875
1 0.7625 0.89609375 0.0625 0.121875
0 0.17578125 0.8859375 0.0625 0.1234375
1 0.46015625 0.02421875 0.0453125 0.0484375
0 0.471875 0.82890625 0.0578125 0.134375
0 0.30546875 0.86328125 0.0578125 0.1265625
0 0.128125 0.63671875 0.059375 0.1296875
0 0.98359375 0.84765625 0.0328125 0.1234375
1 0.52265625 0.01640625 0.0453125 0.0328125
0 0.090625 0.64140625 0.0609375 0.1296875
0 0.2578125 0.0609375 0.0453125 0.0515625
0 0.25859375 0.60859375 0.05625 0.1265625
0 0.13984375 0.8921875 0.05625 0.1203125
0 0.49140625 0.0203125 0.0453125 0.040625
0 0.740625 0.39375 0.0609375 0.1171875
0 0.94921875 0.74140625 0.0609375 0.121875
1 0.09921875 0.2828125 0.0578125 0.1171875
1 0.62421875 0.00546875 0.0453125 0.0109375
0 0.27578125 0.86796875 0.0609375 0.128125
0 0.86796875 0.8796875 0.0578125 0.11875
0 0.05859375 0.64765625 0.059375 0.1296875
0 0.66171875 0.91953125 0.0578125 0.11875
0 0.159375 0.62890625 0.05625 0.1296875
1 0.5609375 0.01328125 0.04375 0.0265625
0 0.09453125 0.0921875 0.0421875 0.0515625
0 0.87578125 0.75234375 0.0609375 0.128125
0 0.63515625 0.9265625 0.0609375 0.1171875
0 0.49921875 0.94296875 0.0578125 0.1140625
1 0.5953125 0.009375 0.04375 0.01875
0 0.73046875 0.51796875 0.0625 0.13125
0 0.23359375 0.878125 0.059375 0.125
1 0.209375 0.884375 0.053125 0.1203125
1 0.42578125 0.03046875 0.0453125 0.0546875
0 0.9765625 0.73359375 0.046875 0.1234375
1 0.43828125 0.83515625 0.0640625 0.140625
1 0.1078125 0.51796875 0.0546875 0.1109375
0 0.39296875 0.953125 0.0609375 0.09375
0 0.771875 0.3875 0.0640625 0.1171875
0 0.73359375 0.9015625 0.0578125 0.1203125
0 0.084375 0.91171875 0.0484375 0.121875
1 0.39375 0.03515625 0.04375 0.053125
1 0.3671875 0.46796875 0.059375 0.11875
0 0.53125 0.93984375 0.059375 0.1203125
1 0.92109375 0.1125 0.0453125 0.109375
0 0.12890625 0.2765625 0.053125 0.115625
0 0.10859375 0.9015625 0.0546875 0.121875
0 0.02265625 0.10546875 0.0453125 0.0515625
0 0.10859375 0.98125 0.0546875 0.0375
0 0.03125 0.6515625 0.0453125 0.125
1 0.98359375 0.4640625 0.0328125 0.121875
0 0.00546875 0.1125 0.0109375 0.05
1 0.56015625 0.9359375 0.0625 0.121875
1 0.64140625 0.80390625 0.059375 0.13125
0 0.0296875 0.3 0.05625 0.121875
0 0.80234375 0.38203125 0.0578125 0.115625
0 0.96875 0.3484375 0.0421875 0.1140625
0 0.1296875 0.0875 0.0453125 0.0546875
0 0.93984375 0.47421875 0.0625 0.1296875
1 0.015625 0.303125 0.03125 0.121875
1 0.5734375 0.8171875 0.0515625 0.1234375
0 0.91796875 0.484375 0.071875 0.134375
1 0.83046875 0.13515625 0.05 0.1171875