1 0.625 0.1015625 0.078125 0.1875
1 0.4109375 0.1 0.078125 0.184375
1 0.4859375 0.10234375 0.078125 0.1828125
1 0.55625 0.1015625 0.075 0.184375
0 0.44453125 0.703125 0.0546875 0.1796875
0 0.55546875 0.29296875 0.071875 0.1828125
0 0.3015625 0.2921875 0.053125 0.1859375
1 0.30234375 0.09921875 0.0578125 0.1875
0 0.63203125 0.28828125 0.0703125 0.1859375
0 0.478125 0.29296875 0.075 0.1875
1 0.64140625 0.71171875 0.059375 0.178125
0 0.40859375 0.28828125 0.06875 0.1890625
1 0.34921875 0.2875 0.05625 0.184375
1 0.3046875 0.70546875 0.059375 0.18125
1 0.1078125 0.2921875 0.0578125 0.1875
1 0.25 0.09921875 0.059375 0.1875
1 0.25 0.89296875 0.05625 0.1859375
1 0.10625 0.70859375 0.0578125 0.18125
0 0.69140625 0.1015625 0.05625 0.184375
1 0.3484375 0.1 0.059375 0.1859375
1 0.39921875 0.7046875 0.0578125 0.1796875
1 0.5421875 0.7046875 0.0578125 0.1765625
1 0.2515625 0.7046875 0.059375 0.18125
1 0.74140625 0.29140625 0.05625 0.190625
1 0.3484375 0.70625 0.05625 0.18125
1 0.3015625 0.89296875 0.053125 0.1875
0 0.928125 0.09453125 0.071875 0.1890625
0 0.68828125 0.7078125 0.05625 0.184375
1 0.58828125 0.7078125 0.05625 0.178125
1 0.15078125 0.29296875 0.0578125 0.1828125
0 0.34765625 0.89296875 0.0484375 0.1859375
1 0.6875 0.28671875 0.053125 0.1875
1 0.05234375 0.29140625 0.059375 0.1875
1 0.01796875 0.696875 0.0359375 0.190625
1 0.0546875 0.70859375 0.0578125 0.18125
0 0.8015625 0.7125 0.071875 0.190625
1 0.1515625 0.70234375 0.059375 0.18125
1 0.103125 0.0984375 0.059375 0.184375
1 0.1515625 0.8921875 0.0578125 0.184375
0 0.8984375 0.70625 0.0765625 0.1875
1 0.78515625 0.89921875 0.0515625 0.1875
0 0.8625 0.09296875 0.0625 0.1859375
1 0.20703125 0.89296875 0.05625 0.1875
1 0.2046875 0.70859375 0.0578125 0.18125
1 0.0171875 0.2921875 0.034375 0.1875
0 0.74453125 0.70703125 0.0625 0.1890625
1 0.103125 0.89296875 0.065625 0.184375
0 0.8875 0.2890625 0.053125 0.18125
1 0.490625 0.7046875 0.05625 0.178125
0 0.01640625 0.1 0.0328125 0.1875
0 0.7890625 0.2921875 0.0546875 0.190625
1 0.84140625 0.2890625 0.05 0.1875
0 0.6875 0.89765625 0.059375 0.1953125
0 0.746875 0.103125 0.05 0.18125
0 0.934375 0.284375 0.046875 0.171875
0 0.4421875 0.89296875 0.053125 0.1875
1 0.14921875 0.0953125 0.05625 0.184375
1 0.01875 0.88984375 0.0375 0.184375
0 0.79765625 0.09609375 0.05625 0.190625
1 0.20234375 0.0984375 0.05625 0.184375
1 0.05 0.096875 0.053125 0.1828125
0 0.58984375 0.89921875 0.05 0.19375
1 0.64140625 0.8984375 0.0515625 0.190625
1 0.24765625 0.28515625 0.0546875 0.184375
1 0.4890625 0.89453125 0.053125 0.184375
1 0.203125 0.29296875 0.05625 0.184375
0 0.74375 0.90234375 0.0546875 0.1875
0 0.9734375 0.69296875 0.053125 0.178125
0 0.8984375 0.90390625 0.06875 0.1796875
1 0.05546875 0.89140625 0.05625 0.184375
1 0.83828125 0.8953125 0.059375 0.18125
0 0.96953125 0.90234375 0.0609375 0.1828125
1 0.54453125 0.89765625 0.05625 0.190625
1 0.39375 0.89375 0.053125 0.1875