1 0.86953125 0.8609375 0.065625 0.159375
1 0.57265625 0.85703125 0.0625 0.1609375
1 0.70390625 0.70390625 0.0609375 0.1515625
1 0.8375 0.70703125 0.059375 0.153125
0 0.67890625 0.22265625 0.059375 0.1515625
1 0.5515625 0.3703125 0.0546875 0.1578125
1 0.5578125 0.2125 0.0578125 0.1546875
0 0.79140625 0.70625 0.0625 0.15
1 0.6328125 0.36953125 0.0578125 0.15625
1 0.7859375 0.85703125 0.06875 0.1671875
1 0.84921875 0.37734375 0.05625 0.1578125
1 0.4921875 0.85546875 0.0640625 0.16875
1 0.7203125 0.2234375 0.0546875 0.15
0 0.8328125 0.85546875 0.0625 0.1609375
0 0.53828125 0.69609375 0.059375 0.1546875
0 0.67578125 0.3703125 0.05625 0.159375
1 0.8875 0.38203125 0.05625 0.1578125
0 0.75078125 0.7046875 0.0640625 0.15
1 0.8765625 0.70625 0.059375 0.153125
0 0.534375 0.85 0.0625 0.16875
0 0.146875 0.684375 0.059375 0.1625
0 0.1515625 0.35234375 0.0578125 0.1671875
1 0.85390625 0.22890625 0.053125 0.15
1 0.10078125 0.678125 0.075 0.1703125
1 0.76796875 0.2234375 0.053125 0.15
0 0.509375 0.36875 0.059375 0.1625
0 0.715625 0.3734375 0.05625 0.1640625
0 0.20390625 0.35390625 0.05625 0.165625
0 0.29140625 0.3546875 0.065625 0.15625
1 0.2265625 0.84765625 0.0546875 0.1640625
1 0.80546875 0.22578125 0.053125 0.1484375
0 0.58125 0.6984375 0.0625 0.153125
1 0.9578125 0.8640625 0.0625 0.159375
0 0.515625 0.21484375 0.0546875 0.1546875
0 0.16171875 0.19765625 0.05 0.1546875
0 0.1875 0.84609375 0.059375 0.1640625
0 0.7640625 0.37890625 0.0609375 0.1640625
1 0.90859375 0.8625 0.0625 0.1578125
0 0.746875 0.859375 0.06875 0.1703125
1 0.8921875 0.22890625 0.0546875 0.15
0 0.603125 0.2125 0.0640625 0.15625
1 0.803125 0.3765625 0.0546875 0.159375
0 0.63125 0.70625 0.065625 0.153125
0 0.24296875 0.35390625 0.05625 0.1625
1 0.58984375 0.3640625 0.0546875 0.153125
1 0.9625 0.7109375 0.059375 0.15625
0 0.4671875 0.365625 0.05 0.16875
0 0.29375 0.19921875 0.0546875 0.1546875
0 0.47265625 0.2140625 0.0484375 0.1515625
0 0.20625 0.1984375 0.046875 0.1515625
1 0.97421875 0.384375 0.0515625 0.1625
1 0.97578125 0.22890625 0.0484375 0.1515625
0 0.2421875 0.19765625 0.053125 0.15625
1 0.934375 0.22734375 0.0546875 0.1515625
1 0.04765625 0.35 0.06875 0.1671875
1 0.92734375 0.38046875 0.0546875 0.159375
1 0.03203125 0.8421875 0.0640625 0.165625
0 0.69296875 0.86640625 0.071875 0.171875
0 0.4453125 0.85234375 0.0625 0.1703125
1 0.1109375 0.353125 0.06875 0.1703125
1 0.66640625 0.70859375 0.05625 0.15
0 0.2734375 0.84921875 0.0625 0.1671875
1 0.9140625 0.7125 0.0609375 0.15625
1 0.115625 0.19453125 0.0640625 0.159375
1 0.14140625 0.84296875 0.0609375 0.1609375
1 0.2015625 0.68671875 0.0765625 0.1609375
0 0.49921875 0.696875 0.0578125 0.1578125
0 0.27578125 0.68828125 0.059375 0.15625
1 0.05234375 0.190625 0.0671875 0.1625
1 0.66015625 0.86171875 0.065625 0.16875
0 0.09375 0.83828125 0.0734375 0.1625
1 0.0359375 0.67734375 0.0703125 0.1734375
1 0.61640625 0.85546875 0.05625 0.153125
1 0.64140625 0.221875 0.0453125 0.15625
0 0.228125 0.69140625 0.0578125 0.1578125