1 0.53359375 0.21484375 0.04375 0.13125
1 0.49296875 0.21484375 0.046875 0.13203125
0 0.44609375 0.815625 0.05703125 0.153125
1 0.49375 0.81640625 0.04921875 0.15078125
1 0.3671875 0.815625 0.04765625 0.14609375
1 0.20234375 0.371875 0.05 0.146875
1 0.3265625 0.6640625 0.04921875 0.15
0 0.203125 0.22734375 0.05234375 0.140625
1 0.4484375 0.2171875 0.04609375 0.1359375
1 0.28359375 0.37421875 0.04609375 0.15
0 0.24140625 0.66328125 0.05 0.1453125
0 0.36484375 0.2171875 0.0484375 0.1390625
1 0.36796875 0.659375 0.04609375 0.15625
1 0.2421875 0.375 0.04921875 0.1515625
0 0.7484375 0.66328125 0.05 0.15
1 0.4078125 0.2171875 0.046875 0.1375
0 0.2875 0.6609375 0.0515625 0.146875
0 0.28828125 0.22421875 0.05 0.140625
0 0.32578125 0.81328125 0.0515625 0.15
1 0.8203125 0.8078125 0.05078125 0.15
1 0.78203125 0.809375 0.04921875 0.15078125
1 0.57421875 0.3671875 0.05 0.146875
1 0.32578125 0.2203125 0.04765625 0.1390625
0 0.40859375 0.65625 0.05390625 0.15859375
1 0.7390625 0.809375 0.046875 0.1546875
1 0.24296875 0.22109375 0.04609375 0.13828125
0 0.53515625 0.6578125 0.0515625 0.1484375
1 0.57421875 0.65703125 0.04609375 0.14453125
0 0.3640625 0.36953125 0.05078125 0.1515625
0 0.5375 0.81640625 0.05234375 0.1578125
0 0.48828125 0.36328125 0.0515625 0.14921875
0 0.57578125 0.8140625 0.0515625 0.1578125
0 0.32734375 0.36796875 0.04765625 0.14453125
0 0.159375 0.37265625 0.04765625 0.14921875
0 0.61484375 0.36484375 0.04765625 0.15078125
0 0.61171875 0.6578125 0.05 0.1515625
0 0.57265625 0.2203125 0.04609375 0.13828125
1 0.403125 0.81640625 0.0421875 0.1484375
0 0.659375 0.3703125 0.046875 0.153125
0 0.659375 0.21640625 0.0484375 0.13984375
0 0.6171875 0.21953125 0.046875 0.1421875
1 0.20234375 0.6625 0.046875 0.1453125
1 0.81953125 0.66171875 0.04765625 0.14375
0 0.4875 0.6609375 0.046875 0.153125
0 0.6578125 0.65703125 0.04921875 0.146875
0 0.74375 0.21875 0.046875 0.1421875
0 0.45 0.65703125 0.04921875 0.1546875
0 0.2859375 0.81640625 0.04765625 0.1515625
0 0.7015625 0.8109375 0.04609375 0.15390625
0 0.41171875 0.3671875 0.04921875 0.14296875
0 0.61796875 0.81015625 0.05390625 0.15703125
0 0.23984375 0.81171875 0.0484375 0.15
0 0.159375 0.8140625 0.04296875 0.1515625
0 0.5375 0.36796875 0.05078125 0.14921875
0 0.7 0.36796875 0.05078125 0.16015625
0 0.1578125 0.66015625 0.0484375 0.15390625
1 0.45 0.365625 0.0453125 0.1453125
0 0.69765625 0.21640625 0.04765625 0.13828125
0 0.2015625 0.8109375 0.04609375 0.14921875
0 0.66484375 0.8140625 0.05078125 0.1546875
0 0.75 0.37109375 0.046875 0.15390625
0 0.70234375 0.66015625 0.04921875 0.140625
1 0.784375 0.659375 0.04453125 0.14609375
1 0.15703125 0.22734375 0.04296875 0.1375