1 0.5875 0.85234375 0.05390625 0.16171875
1 0.79765625 0.85 0.05546875 0.16484375
1 0.55078125 0.2078125 0.0515625 0.1546875
1 0.884375 0.8484375 0.0546875 0.16015625
0 0.80078125 0.69765625 0.05625 0.1484375
0 0.5484375 0.846875 0.0515625 0.16875
1 0.50859375 0.85390625 0.05703125 0.16953125
1 0.54921875 0.3671875 0.04765625 0.15859375
0 0.7578125 0.8515625 0.05703125 0.16640625
0 0.67265625 0.21328125 0.05234375 0.15234375
0 0.846875 0.8421875 0.0546875 0.16015625
0 0.2015625 0.853125 0.05625 0.16015625
1 0.88515625 0.69296875 0.053125 0.1515625
0 0.675 0.3640625 0.05 0.1578125
1 0.84609375 0.69609375 0.05234375 0.1484375
1 0.84765625 0.36328125 0.05078125 0.15703125
0 0.5484375 0.696875 0.05234375 0.1515625
1 0.634375 0.3640625 0.04921875 0.15390625
0 0.20078125 0.35546875 0.0515625 0.16171875
1 0.76015625 0.2125 0.04765625 0.14921875
1 0.71328125 0.2171875 0.04921875 0.1484375
0 0.15625 0.69921875 0.05390625 0.159375
0 0.71484375 0.3640625 0.05 0.1609375
0 0.59375 0.2078125 0.059375 0.1546875
1 0.509375 0.6953125 0.05234375 0.1546875
0 0.76015625 0.69453125 0.0546875 0.14765625
1 0.109375 0.68828125 0.06796875 0.16953125
1 0.7140625 0.69609375 0.05078125 0.15078125
1 0.15546875 0.8515625 0.053125 0.15703125
0 0.7609375 0.3640625 0.0484375 0.159375
0 0.15078125 0.359375 0.05078125 0.1640625
1 0.88515625 0.36484375 0.0484375 0.1578125
1 0.79765625 0.36640625 0.05 0.15859375
0 0.5078125 0.2109375 0.05078125 0.15703125
1 0.7984375 0.21484375 0.04765625 0.14765625
1 0.8859375 0.21328125 0.05 0.146875
1 0.846875 0.2125 0.05 0.1484375
1 0.675 0.69453125 0.04765625 0.14921875
0 0.23671875 0.20625 0.0453125 0.1546875
1 0.971875 0.8484375 0.05390625 0.1578125
0 0.50859375 0.36328125 0.04921875 0.16015625
1 0.04296875 0.3609375 0.06328125 0.165625
0 0.2890625 0.36015625 0.05703125 0.159375
0 0.23984375 0.36015625 0.04921875 0.1625
1 0.92265625 0.84765625 0.0546875 0.15625
1 0.97265625 0.69296875 0.05234375 0.1546875
1 0.58671875 0.359375 0.04765625 0.15390625
1 0.925 0.2125 0.05 0.14921875
1 0.9734375 0.3671875 0.05078125 0.1625
0 0.19921875 0.20546875 0.04296875 0.15234375
1 0.10703125 0.36015625 0.0625 0.165625
1 0.92578125 0.365625 0.05078125 0.1609375
0 0.59140625 0.6984375 0.05390625 0.15234375
1 0.20546875 0.69453125 0.0609375 0.15546875
0 0.4578125 0.8515625 0.05859375 0.17265625
0 0.4640625 0.36796875 0.04375 0.1625
0 0.640625 0.6984375 0.0546875 0.153125
1 0.9234375 0.696875 0.053125 0.153125
1 0.24140625 0.8484375 0.04765625 0.159375
0 0.46484375 0.21171875 0.0421875 0.15390625
1 0.9734375 0.21640625 0.0484375 0.1515625
0 0.1546875 0.2046875 0.04296875 0.153125
1 0.04453125 0.20078125 0.06328125 0.1609375
0 0.28515625 0.20625 0.04609375 0.153125
0 0.7140625 0.85703125 0.053125 0.17109375
1 0.0421875 0.85 0.06640625 0.16171875
0 0.28828125 0.8515625 0.05546875 0.16015625
0 0.23984375 0.69453125 0.05078125 0.15390625
0 0.28828125 0.6984375 0.0578125 0.15546875
1 0.45859375 0.69453125 0.05234375 0.1546875
0 0.10859375 0.85390625 0.06875 0.1609375
1 0.6296875 0.85 0.04921875 0.15703125
1 0.1078125 0.20390625 0.059375 0.15546875
1 0.6359375 0.209375 0.0421875 0.15078125
1 0.67421875 0.85078125 0.0546875 0.1640625
0 0.04375 0.68203125 0.06875 0.18359375