1 0.86171875 0.77421875 0.0890625 0.171875
1 0.94453125 0.7625 0.0890625 0.16875
1 0.7453125 0.64765625 0.0859375 0.1578125
0 0.7921875 0.640625 0.0890625 0.159375
1 0.6453125 0.1765625 0.08125 0.1578125
1 0.484375 0.2046875 0.0859375 0.1640625
0 0.83046875 0.62890625 0.0859375 0.1578125
1 0.59375 0.340625 0.0859375 0.1625
1 0.80703125 0.2953125 0.084375 0.1640625
0 0.60546875 0.18359375 0.084375 0.1609375
1 0.65625 0.828125 0.0875 0.1703125
0 0.82578125 0.7921875 0.0921875 0.1765625
0 0.90703125 0.7640625 0.0859375 0.1671875
1 0.51484375 0.36015625 0.0859375 0.165625
1 0.77578125 0.14921875 0.0796875 0.1546875
0 0.6390625 0.33125 0.084375 0.1671875
1 0.68984375 0.1625 0.0796875 0.1546875
1 0.5765625 0.84375 0.0890625 0.178125
1 0.8765625 0.61875 0.084375 0.159375
0 0.40234375 0.225 0.078125 0.1609375
0 0.625 0.671875 0.0890625 0.159375
0 0.61640625 0.82890625 0.0890625 0.178125
0 0.12421875 0.4359375 0.0859375 0.1734375
0 0.584375 0.6796875 0.084375 0.15625
0 0.2 0.7625 0.084375 0.165625
1 0.15234375 0.7671875 0.1015625 0.178125
0 0.72265625 0.3171875 0.0890625 0.1703125
0 0.28046875 0.909375 0.0875 0.16875
0 0.09609375 0.284375 0.078125 0.1625
1 0.81484375 0.14140625 0.078125 0.1546875
1 0.7625 0.30546875 0.0828125 0.165625
1 0.9140625 0.609375 0.0828125 0.1578125
0 0.44375 0.21796875 0.0828125 0.1640625
0 0.53984375 0.690625 0.084375 0.15625
1 0.8453125 0.284375 0.08125 0.165625
0 0.67578125 0.32421875 0.0859375 0.16875
1 0.72890625 0.159375 0.0796875 0.1546875
0 0.475 0.36875 0.0890625 0.1703125
0 0.2578125 0.4046875 0.0890625 0.165625
1 0.31640625 0.90078125 0.0828125 0.1671875
0 0.43515625 0.375 0.084375 0.1765625
0 0.67421875 0.6625 0.0875 0.159375
1 0.034375 0.45703125 0.06875 0.1765625
0 0.1390625 0.2765625 0.075 0.1578125
0 0.21171875 0.415625 0.0859375 0.1703125
0 0.52734375 0.19453125 0.0921875 0.1640625
0 0.1734375 0.425 0.084375 0.1703125
1 0.96953125 0.74609375 0.0609375 0.1640625
0 0.2234375 0.253125 0.0796875 0.1609375
0 0.175 0.26640625 0.0796875 0.1609375
1 0.853125 0.13046875 0.08125 0.1578125
0 0.528125 0.853125 0.09375 0.1796875
1 0.553125 0.35 0.084375 0.1609375
1 0.24609375 0.753125 0.0875 0.1640625
1 0.9328125 0.2734375 0.0828125 0.1703125
0 0.325 0.734375 0.0859375 0.1625
1 0.709375 0.65625 0.078125 0.153125
1 0.884375 0.2796875 0.0828125 0.1671875
1 0.97890625 0.59375 0.0421875 0.159375
1 0.23359375 0.91640625 0.08125 0.1625
1 0.8984375 0.11953125 0.078125 0.1578125
0 0.778125 0.80625 0.090625 0.1796875
1 0.0171875 0.3015625 0.034375 0.171875
1 0.05 0.29296875 0.09375 0.1671875
1 0.11953125 0.92890625 0.0984375 0.1421875
1 0.95390625 0.6046875 0.084375 0.1609375
0 0.36015625 0.89296875 0.0875 0.1703125
1 0.49921875 0.70234375 0.0859375 0.159375
0 0.27890625 0.746875 0.084375 0.1640625
1 0.08125 0.446875 0.0953125 0.1765625
1 0.18359375 0.921875 0.0984375 0.15625
1 0.73828125 0.8109375 0.0921875 0.175
1 0.690625 0.815625 0.0828125 0.165625
1 0.0859375 0.7828125 0.1 0.1828125
1 0.56875 0.19375 0.075 0.165625