0 0.83203125 0.63671875 0.084375 0.15625
1 0.65234375 0.82890625 0.084375 0.171875
1 0.49375 0.2046875 0.0796875 0.1609375
1 0.85859375 0.7859375 0.0875 0.1734375
0 0.6125 0.82890625 0.0859375 0.1765625
0 0.6140625 0.18671875 0.0796875 0.1578125
1 0.52109375 0.36015625 0.0765625 0.1625
1 0.9140625 0.615625 0.08125 0.1578125
1 0.6546875 0.18046875 0.075 0.1546875
0 0.8203125 0.790625 0.0859375 0.171875
1 0.94140625 0.76875 0.0875 0.16875
0 0.9046875 0.76875 0.084375 0.1671875
0 0.584375 0.68359375 0.0828125 0.159375
1 0.575 0.84453125 0.0890625 0.1765625
1 0.87734375 0.6265625 0.0796875 0.1546875
1 0.6046875 0.340625 0.078125 0.159375
0 0.6453125 0.33359375 0.0796875 0.1640625
1 0.69921875 0.16953125 0.075 0.1546875
1 0.8140625 0.3015625 0.08125 0.1640625
0 0.2734375 0.90390625 0.084375 0.1671875
0 0.7921875 0.64140625 0.0828125 0.1546875
1 0.746875 0.6515625 0.0796875 0.1578125
0 0.178125 0.41640625 0.08125 0.16875
0 0.7296875 0.31796875 0.0796875 0.165625
1 0.5390625 0.6875 0.078125 0.159375
1 0.22890625 0.9109375 0.0796875 0.1625
1 0.15234375 0.76015625 0.096875 0.1765625
1 0.8515625 0.29453125 0.078125 0.165625
1 0.8234375 0.146875 0.0765625 0.1546875
1 0.74296875 0.16484375 0.0765625 0.15625
0 0.68359375 0.325 0.0796875 0.1671875
0 0.53671875 0.19609375 0.0859375 0.1625
1 0.78515625 0.1515625 0.078125 0.1546875
0 0.13046875 0.43046875 0.08125 0.1734375
0 0.45234375 0.215625 0.078125 0.1625
0 0.26484375 0.40234375 0.0859375 0.165625
0 0.2015625 0.7609375 0.08125 0.165625
1 0.70859375 0.6578125 0.0765625 0.1546875
1 0.0359375 0.4515625 0.071875 0.175
1 0.11640625 0.92265625 0.0953125 0.1546875
1 0.90859375 0.13203125 0.0796875 0.159375
1 0.96875 0.7609375 0.0625 0.165625
0 0.184375 0.26171875 0.0734375 0.159375
0 0.48125 0.3640625 0.078125 0.165625
1 0.86015625 0.1375 0.078125 0.15625
0 0.21796875 0.4125 0.078125 0.16875
1 0.55859375 0.3453125 0.0765625 0.1578125
0 0.43828125 0.37578125 0.0765625 0.1703125
1 0.76875 0.31015625 0.0796875 0.1640625
0 0.32890625 0.73046875 0.084375 0.1609375
1 0.97890625 0.59921875 0.0421875 0.1609375
0 0.62734375 0.678125 0.0828125 0.159375
0 0.675 0.66484375 0.084375 0.1609375
0 0.1484375 0.26796875 0.071875 0.15625
1 0.02109375 0.29296875 0.0421875 0.1703125
0 0.525 0.85078125 0.0890625 0.1765625
0 0.41015625 0.2234375 0.0703125 0.1578125
0 0.1046875 0.27578125 0.071875 0.159375
0 0.359375 0.88515625 0.084375 0.1671875
1 0.95390625 0.6125 0.0796875 0.159375
1 0.0875 0.4390625 0.0921875 0.1765625
0 0.2328125 0.25234375 0.075 0.159375
1 0.88828125 0.2875 0.08125 0.1671875
1 0.93671875 0.2796875 0.08125 0.1703125
1 0.3125 0.890625 0.0765625 0.1640625
1 0.25078125 0.746875 0.09375 0.1640625
0 0.27890625 0.74140625 0.08125 0.1609375
0 0.7703125 0.809375 0.0953125 0.1796875
1 0.49609375 0.69921875 0.08125 0.1609375
0 0.18203125 0.91640625 0.0953125 0.1671875
1 0.059375 0.284375 0.0875 0.1640625
1 0.734375 0.8125 0.0875 0.1734375
1 0.69296875 0.81796875 0.0796875 0.1640625
1 0.08984375 0.76875 0.0984375 0.1921875
1 0.57890625 0.18984375 0.0703125 0.1546875