1 0.88125 0.8484375 0.05625 0.1578125
1 0.796875 0.84453125 0.05625 0.1625
1 0.58515625 0.8546875 0.053125 0.1609375
0 0.20078125 0.85703125 0.053125 0.1625
1 0.71015625 0.696875 0.0546875 0.15
0 0.84453125 0.84296875 0.0546875 0.15625
0 0.796875 0.69609375 0.05625 0.146875
1 0.62734375 0.36484375 0.053125 0.1546875
1 0.709375 0.215625 0.05 0.15
1 0.546875 0.209375 0.053125 0.1546875
1 0.84296875 0.365625 0.05 0.15625
1 0.84375 0.69609375 0.053125 0.15
0 0.75703125 0.8484375 0.05625 0.1625
0 0.5875 0.69453125 0.05625 0.1515625
0 0.75703125 0.7 0.0578125 0.1515625
1 0.54453125 0.36875 0.0515625 0.159375
0 0.54453125 0.85 0.053125 0.16875
1 0.75625 0.21171875 0.046875 0.1484375
0 0.67265625 0.365625 0.05 0.159375
0 0.15234375 0.69765625 0.053125 0.159375
1 0.50390625 0.85703125 0.0546875 0.16875
0 0.66875 0.2140625 0.053125 0.1515625
1 0.84296875 0.21640625 0.0484375 0.15
1 0.8828125 0.69375 0.053125 0.15
1 0.8828125 0.36796875 0.05 0.15625
1 0.23828125 0.85703125 0.046875 0.1609375
0 0.54453125 0.69375 0.053125 0.1546875
1 0.8828125 0.215625 0.0484375 0.15
1 0.1046875 0.69609375 0.0671875 0.165625
0 0.284375 0.36171875 0.059375 0.15625
0 0.709375 0.36640625 0.05 0.159375
0 0.50390625 0.36796875 0.0546875 0.1625
0 0.14609375 0.36328125 0.0515625 0.165625
1 0.79765625 0.36640625 0.05 0.1578125
0 0.5046875 0.21328125 0.05 0.1546875
0 0.7578125 0.36953125 0.053125 0.1625
1 0.79453125 0.215625 0.046875 0.1484375
0 0.23671875 0.3625 0.0515625 0.1625
0 0.15078125 0.20859375 0.04375 0.15625
0 0.46171875 0.21328125 0.0453125 0.153125
0 0.196875 0.36015625 0.05 0.1640625
0 0.59140625 0.209375 0.0625 0.159375
1 0.10390625 0.3640625 0.065625 0.16875
1 0.0375 0.86015625 0.06875 0.165625
0 0.63828125 0.7015625 0.05625 0.1515625
0 0.19453125 0.2078125 0.04375 0.1515625
1 0.584375 0.365625 0.0515625 0.1515625
0 0.46171875 0.36875 0.046875 0.16875
1 0.10390625 0.20703125 0.0625 0.159375
0 0.23203125 0.20703125 0.05 0.153125
1 0.96953125 0.84921875 0.053125 0.15625
0 0.28203125 0.20859375 0.05 0.153125
1 0.92109375 0.2125 0.05 0.15
1 0.921875 0.365625 0.05 0.1578125
1 0.9203125 0.84921875 0.05625 0.15625
1 0.9703125 0.36953125 0.046875 0.1625
1 0.96875 0.696875 0.05 0.153125
0 0.45703125 0.8546875 0.05625 0.1703125
1 0.96953125 0.21171875 0.0484375 0.15
1 0.675 0.70234375 0.0484375 0.15
1 0.92265625 0.69765625 0.053125 0.153125
0 0.709375 0.85859375 0.05625 0.16875
0 0.28046875 0.69609375 0.05 0.1515625
0 0.49921875 0.69296875 0.05 0.159375
1 0.04140625 0.36328125 0.0625 0.1640625
1 0.20234375 0.69609375 0.05625 0.15625
1 0.1515625 0.85234375 0.0515625 0.1609375
1 0.040625 0.203125 0.0609375 0.1640625
0 0.23125 0.69765625 0.053125 0.15625
1 0.628125 0.85078125 0.05 0.153125
0 0.66796875 0.86171875 0.0546875 0.16875
0 0.2828125 0.8515625 0.05625 0.1625
1 0.03984375 0.6921875 0.065625 0.175
1 0.10390625 0.8578125 0.0671875 0.159375
0 0.68984375 0.86015625 0.05625 0.171875