1 0.60703125 0.22421875 0.0828125 0.1609375
1 0.51015625 0.86328125 0.0875 0.16875
1 0.8015625 0.91796875 0.090625 0.1640625
1 0.653125 0.39296875 0.084375 0.1609375
1 0.66484375 0.734375 0.084375 0.1578125
0 0.72578125 0.25390625 0.0828125 0.159375
0 0.75078125 0.75234375 0.084375 0.15625
1 0.57265625 0.378125 0.0796875 0.1609375
0 0.471875 0.8484375 0.0875 0.1765625
0 0.71015625 0.74765625 0.0890625 0.1609375
1 0.76484375 0.26484375 0.0796875 0.1546875
1 0.7203125 0.9 0.0921875 0.1734375
1 0.796875 0.76171875 0.0828125 0.159375
0 0.13359375 0.784375 0.084375 0.16875
0 0.5453125 0.70703125 0.0859375 0.1609375
0 0.50390625 0.69609375 0.0828125 0.1609375
1 0.43046875 0.846875 0.0890625 0.175
0 0.46015625 0.6859375 0.084375 0.1640625
0 0.765625 0.9140625 0.084375 0.16875
0 0.696875 0.4015625 0.0828125 0.1640625
1 0.90390625 0.44453125 0.08125 0.1640625
0 0.734375 0.41015625 0.0828125 0.16875
1 0.81875 0.4265625 0.08125 0.1625
1 0.93515625 0.3 0.078125 0.1546875
1 0.81171875 0.27421875 0.078125 0.15625
1 0.86640625 0.43828125 0.0828125 0.1640625
0 0.1859375 0.29140625 0.0859375 0.175
0 0.31875 0.31640625 0.0890625 0.1671875
0 0.11875 0.62265625 0.084375 0.165625
0 0.5328125 0.36875 0.0859375 0.1671875
1 0.83515625 0.76796875 0.0828125 0.1578125
1 0.075 0.6015625 0.1 0.178125
0 0.678125 0.9015625 0.09375 0.178125
0 0.78125 0.4203125 0.0828125 0.1671875
0 0.22109375 0.13828125 0.0765625 0.159375
0 0.565625 0.21875 0.08125 0.1625
1 0.8390625 0.92265625 0.0875 0.1546875
1 0.89765625 0.2890625 0.08125 0.15625
0 0.6515625 0.2328125 0.090625 0.1625
0 0.271875 0.3078125 0.084375 0.1703125
0 0.59453125 0.71953125 0.0859375 0.1609375
1 0.85 0.28046875 0.078125 0.153125
1 0.88671875 0.92734375 0.0859375 0.1453125
0 0.2328125 0.29765625 0.0859375 0.1734375
1 0.1703125 0.79140625 0.078125 0.165625
0 0.5234375 0.209375 0.075 0.159375
0 0.49140625 0.3609375 0.0796875 0.1703125
0 0.2640625 0.14453125 0.0734375 0.1546875
1 0.98984375 0.315625 0.0203125 0.15625
1 0.971875 0.46640625 0.05625 0.1703125
0 0.3 0.1546875 0.078125 0.1609375
0 0.34921875 0.16328125 0.078125 0.159375
1 0.6109375 0.384375 0.08125 0.159375
1 0.96640625 0.30625 0.0671875 0.15625
1 0.91875 0.7875 0.0828125 0.1625
0 0.38359375 0.8359375 0.090625 0.178125
1 0.62890625 0.728125 0.078125 0.153125
1 0.93984375 0.4546875 0.0828125 0.165625
0 0.625 0.8921875 0.096875 0.178125
1 0.140625 0.28046875 0.0953125 0.1765625
1 0.01171875 0.7515625 0.0234375 0.175
1 0.1703125 0.62734375 0.090625 0.165625
1 0.07890625 0.265625 0.096875 0.1765625
0 0.246875 0.64375 0.0828125 0.1609375
1 0.8734375 0.78046875 0.084375 0.1609375
1 0.17421875 0.12734375 0.0921875 0.165625
1 0.58984375 0.88046875 0.0890625 0.171875
0 0.21484375 0.80078125 0.0859375 0.16875
1 0.0859375 0.771875 0.08125 0.1640625
0 0.19296875 0.63359375 0.0921875 0.1671875
1 0.1125 0.109375 0.09375 0.1703125
0 0.55390625 0.8734375 0.0875 0.165625
1 0.04296875 0.76328125 0.0859375 0.1671875
1 0.4171875 0.68203125 0.0828125 0.1625
1 0.03046875 0.58671875 0.0609375 0.1890625