0 0.46953125 0.07265625 0.0671875 0.1453125
0 0.2140625 0.0703125 0.075 0.140625
0 0.40546875 0.07265625 0.0640625 0.1453125
1 0.27890625 0.071875 0.0703125 0.14375
0 0.3421875 0.071875 0.06875 0.14375
0 0.60078125 0.07265625 0.0640625 0.1453125
1 0.40625 0.26171875 0.06875 0.228125
0 0.3390625 0.26171875 0.0734375 0.234375
0 0.1421875 0.253125 0.078125 0.23125
0 0.53515625 0.26171875 0.0734375 0.23125
0 0.46953125 0.26015625 0.0671875 0.23125
0 0.209375 0.259375 0.065625 0.23125
0 0.2703125 0.26171875 0.06875 0.234375
0 0.2046875 0.76328125 0.071875 0.25625
1 0.5359375 0.07265625 0.071875 0.1453125
0 0.796875 0.07421875 0.071875 0.1484375
0 0.3375 0.759375 0.075 0.246875
0 0.72890625 0.07265625 0.0703125 0.1453125
0 0.9265625 0.075 0.075 0.15
0 0.66640625 0.27265625 0.06875 0.2125
0 0.7984375 0.265625 0.075 0.21875
0 0.9296875 0.26953125 0.078125 0.215625
0 0.53203125 0.77421875 0.0734375 0.25625
0 0.6609375 0.77265625 0.071875 0.25625
0 0.6 0.26484375 0.06875 0.221875
0 0.79375 0.77421875 0.075 0.2484375
0 0.94375 0.79921875 0.09375 0.2484375
0 0.1421875 0.77265625 0.0625 0.259375
0 0.40703125 0.76484375 0.0765625 0.2515625
0 0.14296875 0.06953125 0.0765625 0.1390625
0 0.66640625 0.071875 0.0578125 0.14375
0 0.7328125 0.2546875 0.059375 0.21875
0 0.8578125 0.26171875 0.06875 0.2359375
0 0.8640625 0.0703125 0.0625 0.140625
0 0.97734375 0.07890625 0.0390625 0.15625
0 0.2734375 0.7484375 0.0546875 0.23125
0 0.4703125 0.7515625 0.05 0.253125
0 0.5984375 0.76875 0.059375 0.2375
0 0.72890625 0.7640625 0.0734375 0.246875
0 0.86015625 0.7703125 0.0609375 0.25