1 0.53828125 0.09140625 0.1140625 0.1828125
1 0.3296875 0.12734375 0.115625 0.196875
1 0.4046875 0.1140625 0.115625 0.1953125
1 0.471875 0.0984375 0.1109375 0.1953125
0 0.48828125 0.7109375 0.0921875 0.1859375
0 0.5109375 0.28515625 0.109375 0.19375
0 0.2625 0.3390625 0.090625 0.1921875
0 0.4359375 0.3015625 0.1125 0.1984375
1 0.2234375 0.15 0.0953125 0.1953125
0 0.584375 0.2609375 0.109375 0.1953125
1 0.3515625 0.73984375 0.09375 0.1890625
1 0.29921875 0.75078125 0.0953125 0.1890625
0 0.36640625 0.3125 0.1078125 0.2
1 0.33671875 0.91953125 0.0921875 0.1609375
1 0.68203125 0.6765625 0.09375 0.1875
1 0.58359375 0.69140625 0.09375 0.1859375
1 0.39453125 0.73203125 0.0921875 0.1859375
1 0.30859375 0.32421875 0.0953125 0.1921875
0 0.834375 0.0578125 0.109375 0.115625
1 0.26875 0.14140625 0.0953125 0.19375
0 0.603125 0.08203125 0.09375 0.1640625
1 0.0703125 0.79296875 0.0765625 0.1921875
1 0.69296875 0.2453125 0.09375 0.196875
1 0.3875 0.9140625 0.090625 0.171875
0 0.4328125 0.91015625 0.0875 0.1796875
1 0.17265625 0.16015625 0.096875 0.1953125
1 0.44375 0.7203125 0.09375 0.1875
1 0.62890625 0.68515625 0.09375 0.1875
1 0.19375 0.934375 0.103125 0.13125
1 0.6390625 0.2515625 0.090625 0.19375
1 0.24140625 0.9296875 0.0953125 0.140625
1 0.25625 0.759375 0.09375 0.1875
1 0.2953125 0.9234375 0.09375 0.153125
1 0.15859375 0.78359375 0.09375 0.1859375
0 0.72734375 0.6640625 0.0921875 0.1921875
1 0.10859375 0.7953125 0.09375 0.190625
1 0.071875 0.3796875 0.09375 0.19375
0 0.7703125 0.0625 0.1 0.125
0 0.978125 0.6140625 0.04375 0.19375
0 0.83828125 0.64609375 0.1078125 0.2015625
0 0.83671875 0.21171875 0.090625 0.1875
1 0.86171875 0.83125 0.0890625 0.19375
1 0.115625 0.371875 0.0953125 0.1921875
1 0.2015625 0.7703125 0.0953125 0.1875
1 0.034375 0.3890625 0.06875 0.196875
1 0.109375 0.9421875 0.075 0.115625
1 0.0375 0.18984375 0.075 0.1921875
0 0.7390625 0.2359375 0.0921875 0.196875
1 0.53359375 0.70234375 0.090625 0.184375
1 0.01015625 0.396875 0.0203125 0.190625
0 0.9359375 0.621875 0.115625 0.2
0 0.7828125 0.65234375 0.1 0.1984375
0 0.88125 0.196875 0.0828125 0.178125
0 0.659375 0.0765625 0.0875 0.153125
1 0.57109375 0.88828125 0.090625 0.1921875
1 0.78984375 0.221875 0.0859375 0.1921875
0 0.76640625 0.8515625 0.0953125 0.1984375
1 0.14609375 0.9390625 0.0953125 0.121875
1 0.20859375 0.34296875 0.0921875 0.19375
0 0.70859375 0.07109375 0.0953125 0.1421875
0 0.67109375 0.871875 0.090625 0.2
0 0.52421875 0.896875 0.0921875 0.19375
1 0.0734375 0.17734375 0.09375 0.1921875
1 0.125 0.16875 0.09375 0.1921875
0 0.959375 0.81015625 0.08125 0.1953125
1 0.72109375 0.86015625 0.090625 0.196875
1 0.16796875 0.3609375 0.09375 0.1921875
1 0.0109375 0.19921875 0.021875 0.1890625
1 0.91328125 0.81640625 0.096875 0.1921875
0 0.821875 0.84296875 0.0921875 0.1953125
1 0.6265625 0.88046875 0.09375 0.196875
1 0.478125 0.9046875 0.090625 0.190625