1 0.62890625 0.103125 0.07578125 0.1890625
1 0.4125 0.103125 0.08046875 0.1859375
0 0.44921875 0.70703125 0.05546875 0.1796875
1 0.55703125 0.10390625 0.075 0.184375
1 0.4890625 0.10546875 0.07890625 0.18046875
0 0.55703125 0.29375 0.071875 0.18359375
0 0.63359375 0.2859375 0.07265625 0.18359375
0 0.303125 0.2953125 0.05390625 0.18671875
0 0.48046875 0.29453125 0.0765625 0.1875
0 0.4109375 0.29375 0.0703125 0.18671875
1 0.10859375 0.71171875 0.05859375 0.1796875
1 0.30546875 0.10078125 0.05859375 0.19140625
1 0.25390625 0.7078125 0.059375 0.18125
1 0.25234375 0.1 0.05859375 0.190625
1 0.34921875 0.29453125 0.0578125 0.18515625
1 0.3046875 0.7125 0.059375 0.18125
1 0.74375 0.29453125 0.05546875 0.1890625
1 0.64296875 0.71015625 0.05625 0.18125
1 0.35078125 0.10078125 0.059375 0.18984375
1 0.1078125 0.29453125 0.05859375 0.1890625
1 0.1515625 0.2921875 0.0578125 0.18984375
1 0.25 0.29453125 0.05625 0.1859375
1 0.68984375 0.28828125 0.053125 0.18515625
0 0.93046875 0.09375 0.0703125 0.1875
0 0.69375 0.10390625 0.05546875 0.1859375
1 0.20625 0.7109375 0.05859375 0.18125
1 0.15390625 0.71171875 0.06015625 0.18125
1 0.2515625 0.89609375 0.05546875 0.1828125
1 0.01953125 0.7015625 0.03828125 0.1875
1 0.05546875 0.71171875 0.0578125 0.18046875
1 0.05390625 0.29453125 0.059375 0.19140625
0 0.3484375 0.8953125 0.0484375 0.18515625
1 0.1546875 0.8953125 0.05859375 0.184375
1 0.1046875 0.09921875 0.06171875 0.1859375
1 0.3484375 0.70703125 0.05625 0.1796875
1 0.1046875 0.8953125 0.06640625 0.18359375
0 0.68984375 0.7109375 0.05625 0.184375
0 0.8921875 0.29296875 0.05390625 0.18125
1 0.3046875 0.8953125 0.053125 0.184375
1 0.78828125 0.90078125 0.05078125 0.18671875
0 0.79609375 0.2953125 0.06484375 0.1921875
1 0.590625 0.71015625 0.05546875 0.178125
0 0.803125 0.71484375 0.06953125 0.1921875
1 0.20625 0.8953125 0.05546875 0.18359375
0 0.8640625 0.09375 0.059375 0.1875
1 0.01796875 0.2953125 0.03515625 0.19140625
1 0.49375 0.7078125 0.0546875 0.178125
0 0.5921875 0.9 0.04921875 0.190625
0 0.7453125 0.90234375 0.053125 0.19140625
1 0.54609375 0.70703125 0.05703125 0.17734375
1 0.40234375 0.70703125 0.05859375 0.18046875
1 0.2046875 0.2953125 0.05625 0.18515625
1 0.01953125 0.89453125 0.0390625 0.18828125
1 0.15078125 0.09765625 0.05703125 0.18671875
1 0.20703125 0.0984375 0.0578125 0.18828125
0 0.74765625 0.71015625 0.06015625 0.18828125
0 0.01640625 0.10078125 0.0328125 0.18515625
0 0.68984375 0.90078125 0.05546875 0.18828125
0 0.75 0.1046875 0.05078125 0.18203125
0 0.93828125 0.2859375 0.0484375 0.17421875
0 0.44375 0.896875 0.0546875 0.18828125
0 0.79921875 0.09921875 0.05625 0.18515625
0 0.90078125 0.7109375 0.07109375 0.19296875
0 0.896875 0.91015625 0.06796875 0.1734375
1 0.8453125 0.290625 0.04921875 0.18671875
1 0.05078125 0.09765625 0.053125 0.18203125
1 0.4984375 0.8984375 0.0546875 0.18515625
1 0.96953125 0.7109375 0.0609375 0.18046875
1 0.05625 0.89375 0.05703125 0.184375
0 0.97109375 0.90390625 0.05703125 0.18203125
1 0.64296875 0.90078125 0.053125 0.18984375
1 0.3953125 0.89609375 0.05078125 0.18671875
1 0.840625 0.90234375 0.0546875 0.1796875
1 0.54921875 0.9 0.05703125 0.18671875