1 0.54921875 0.85859375 0.071875 0.1703125
1 0.58046875 0.215625 0.0671875 0.1578125
1 0.84375 0.884375 0.075 0.165625
0 0.5125 0.84609375 0.071875 0.175
0 0.7765625 0.7234375 0.071875 0.153125
1 0.86171875 0.73046875 0.06875 0.1546875
0 0.70078125 0.234375 0.0671875 0.1546875
1 0.759375 0.878125 0.0765625 0.1703125
1 0.740625 0.23984375 0.0625 0.1515625
1 0.56171875 0.3734375 0.0640625 0.1625
0 0.5265625 0.7 0.071875 0.15625
1 0.47109375 0.85078125 0.075 0.175
1 0.69140625 0.71640625 0.0671875 0.1546875
1 0.821875 0.73046875 0.06875 0.153125
0 0.7375 0.7234375 0.071875 0.153125
0 0.80859375 0.875 0.0703125 0.165625
0 0.68515625 0.3828125 0.065625 0.1625
1 0.85859375 0.40078125 0.0671875 0.159375
1 0.78671875 0.24296875 0.0625 0.1515625
0 0.16640625 0.81796875 0.0703125 0.1640625
1 0.646875 0.378125 0.065625 0.1578125
1 0.0625 0.315625 0.08125 0.1703125
0 0.21796875 0.3265625 0.0671875 0.165625
1 0.896875 0.403125 0.065625 0.1625
0 0.621875 0.2203125 0.075 0.1609375
1 0.825 0.2484375 0.0640625 0.1515625
0 0.71875 0.875 0.078125 0.171875
1 0.12109375 0.81328125 0.0671875 0.1609375
0 0.771875 0.39296875 0.0671875 0.1640625
0 0.72578125 0.3875 0.0671875 0.1671875
0 0.16796875 0.325 0.06875 0.1703125
1 0.91328125 0.25546875 0.0640625 0.153125
1 0.48828125 0.6953125 0.06875 0.1578125
0 0.5375 0.21484375 0.0671875 0.159375
1 0.09375 0.646875 0.084375 0.171875
1 0.8828125 0.88828125 0.071875 0.1625
1 0.93125 0.89375 0.0703125 0.1640625
0 0.30390625 0.3390625 0.071875 0.1625
1 0.87421875 0.25078125 0.065625 0.1515625
0 0.2703125 0.17890625 0.0609375 0.15625
1 0.81171875 0.396875 0.0671875 0.1625
1 0.653125 0.7109375 0.065625 0.1515625
0 0.521875 0.365625 0.065625 0.165625
1 0.946875 0.740625 0.0671875 0.1578125
0 0.25625 0.334375 0.0640625 0.165625
0 0.61875 0.7078125 0.071875 0.159375
1 0.025 0.7984375 0.05 0.165625
1 0.6 0.3734375 0.065625 0.15625
0 0.23203125 0.1765625 0.0578125 0.15625
0 0.56953125 0.70625 0.071875 0.1578125
1 0.9828125 0.26328125 0.034375 0.1546875
0 0.4953125 0.21015625 0.059375 0.15625
0 0.47734375 0.36484375 0.0625 0.16875
0 0.421875 0.8421875 0.075 0.1765625
0 0.18515625 0.16640625 0.059375 0.1546875
1 0.95 0.259375 0.065625 0.1546875
1 0.20625 0.81875 0.0625 0.1640625
1 0.12421875 0.32109375 0.078125 0.171875
0 0.253125 0.82578125 0.071875 0.1671875
1 0.975 0.41953125 0.05 0.1671875
0 0.66640625 0.875 0.0859375 0.1796875
1 0.93359375 0.409375 0.0671875 0.1640625
0 0.1390625 0.6625 0.0671875 0.1625
0 0.31953125 0.1828125 0.0640625 0.1578125
1 0.18984375 0.6625 0.08125 0.1609375
1 0.90078125 0.7390625 0.06875 0.1578125
0 0.26875 0.6734375 0.0734375 0.159375
0 0.21796875 0.6640625 0.06875 0.1578125
1 0.07890625 0.15625 0.078125 0.165625
1 0.14140625 0.16640625 0.075 0.1609375
1 0.6328125 0.8671875 0.075 0.171875
1 0.59140625 0.8609375 0.0671875 0.1625
1 0.4375 0.68828125 0.06875 0.159375
1 0.03515625 0.634375 0.0703125 0.190625
1 0.075 0.809375 0.0828125 0.1625
1 0.665625 0.2265625 0.0578125 0.153125