1 0.62578125 0.84375 0.075 0.165625
1 0.834375 0.81875 0.0765625 0.16875
1 0.52109375 0.20546875 0.0671875 0.15625
0 0.82109375 0.66640625 0.0734375 0.1546875
1 0.91953125 0.8078125 0.0734375 0.1671875
0 0.58515625 0.8421875 0.071875 0.1734375
1 0.54609375 0.853125 0.0765625 0.175
0 0.88203125 0.80546875 0.075 0.165625
0 0.6421875 0.19921875 0.0671875 0.1515625
1 0.13125 0.7296875 0.084375 0.1734375
0 0.5625 0.203125 0.0734375 0.159375
1 0.53515625 0.3625 0.0640625 0.1625
0 0.79375 0.82421875 0.0765625 0.1671875
0 0.23984375 0.884375 0.071875 0.1640625
1 0.83125 0.33046875 0.0671875 0.1609375
1 0.9046875 0.65234375 0.071875 0.1578125
0 0.1875 0.390625 0.06875 0.16875
0 0.56875 0.69140625 0.0703125 0.1578125
0 0.66015625 0.34765625 0.065625 0.1625
1 0.86484375 0.6609375 0.0703125 0.1546875
1 0.86953125 0.3265625 0.065625 0.1609375
1 0.7296875 0.18828125 0.0625 0.1515625
0 0.1796875 0.734375 0.06875 0.1625
1 0.61953125 0.35390625 0.0671875 0.159375
0 0.7 0.34375 0.06875 0.165625
0 0.13828125 0.39921875 0.0703125 0.1703125
1 0.684375 0.19765625 0.0625 0.15
1 0.7671875 0.1859375 0.0625 0.1515625
1 0.95859375 0.80390625 0.075 0.1625
1 0.85546875 0.17421875 0.065625 0.153125
1 0.78515625 0.3359375 0.0640625 0.1625
1 0.9859375 0.79765625 0.028125 0.1640625
0 0.78125 0.66875 0.071875 0.153125
0 0.74609375 0.33984375 0.065625 0.165625
1 0.69453125 0.67890625 0.0671875 0.153125
0 0.47890625 0.21015625 0.065625 0.1578125
1 0.03671875 0.4109375 0.0734375 0.171875
1 0.81640625 0.1828125 0.0625 0.153125
1 0.978125 0.64296875 0.04375 0.1609375
1 0.57265625 0.35078125 0.0640625 0.1578125
0 0.49453125 0.3640625 0.065625 0.1640625
1 0.5296875 0.69453125 0.0703125 0.1609375
0 0.6609375 0.68125 0.075 0.1578125
0 0.2078125 0.23515625 0.0609375 0.1578125
0 0.27578125 0.38359375 0.075 0.1640625
1 0.94140625 0.16875 0.0671875 0.15625
0 0.2265625 0.390625 0.065625 0.1671875
1 0.89296875 0.17265625 0.0640625 0.153125
1 0.2796875 0.87421875 0.0625 0.1625
1 0.95625 0.31875 0.0703125 0.1671875
1 0.09453125 0.4046875 0.0796875 0.1734375
0 0.16953125 0.23359375 0.059375 0.153125
1 0.734375 0.6734375 0.071875 0.1546875
0 0.61171875 0.68828125 0.0703125 0.1578125
0 0.4953125 0.8578125 0.0765625 0.1796875
0 0.74609375 0.83359375 0.0796875 0.171875
0 0.12578125 0.24296875 0.059375 0.15625
1 0.08125 0.8984375 0.0828125 0.1703125
1 0.02734375 0.25 0.0546875 0.16875
0 0.43515625 0.2171875 0.0578125 0.15625
0 0.45078125 0.37265625 0.059375 0.1671875
1 0.94296875 0.65234375 0.071875 0.1609375
1 0.22734375 0.72578125 0.075 0.1609375
0 0.32734375 0.8734375 0.071875 0.165625
1 0.91015625 0.32265625 0.0671875 0.1640625
0 0.25625 0.23046875 0.0625 0.1578125
0 0.26171875 0.721875 0.065625 0.1578125
1 0.19453125 0.8875 0.06875 0.1609375
1 0.0796875 0.246875 0.0765625 0.1609375
0 0.31015625 0.7203125 0.0734375 0.1609375
1 0.6671875 0.83515625 0.0703125 0.159375
1 0.7078125 0.8359375 0.071875 0.1671875
1 0.48046875 0.7 0.06875 0.1625
1 0.0640625 0.73125 0.0859375 0.1875
1 0.60703125 0.2 0.0578125 0.15
0 0.14609375 0.88828125 0.0828125 0.1671875