1 0.5875 0.2265625 0.06875 0.1375
1 0.54765625 0.21875 0.071875 0.1390625
0 0.38671875 0.79921875 0.0859375 0.1609375
1 0.43359375 0.809375 0.0765625 0.1578125
1 0.309375 0.784375 0.075 0.153125
1 0.23203125 0.3171875 0.0765625 0.153125
1 0.2984375 0.628125 0.0765625 0.15625
0 0.2609375 0.17578125 0.078125 0.1484375
1 0.503125 0.2125 0.071875 0.1421875
1 0.31171875 0.33515625 0.0734375 0.15625
0 0.21484375 0.6109375 0.0765625 0.1515625
0 0.42109375 0.196875 0.0734375 0.1453125
1 0.33984375 0.63125 0.075 0.1625
1 0.27109375 0.328125 0.0765625 0.1578125
0 0.7125 0.7078125 0.078125 0.15625
1 0.46328125 0.2046875 0.071875 0.14375
0 0.2609375 0.6171875 0.078125 0.1546875
0 0.34453125 0.1890625 0.0765625 0.146875
0 0.26953125 0.77421875 0.0796875 0.1578125
1 0.75546875 0.86328125 0.078125 0.15625
1 0.71796875 0.8578125 0.0765625 0.1578125
1 0.5984375 0.38359375 0.0765625 0.153125
1 0.38203125 0.1921875 0.0734375 0.1453125
0 0.38046875 0.6359375 0.0828125 0.165625
1 0.67578125 0.84921875 0.075 0.1609375
1 0.30078125 0.17734375 0.071875 0.1453125
0 0.5046875 0.66171875 0.0796875 0.15625
1 0.54296875 0.66796875 0.0734375 0.15
0 0.39140625 0.34609375 0.078125 0.1578125
0 0.4765625 0.81796875 0.08125 0.165625
0 0.51484375 0.36328125 0.0796875 0.15625
0 0.51484375 0.82265625 0.08125 0.1640625
0 0.35546875 0.3375 0.075 0.1515625
0 0.18984375 0.31015625 0.075 0.15625
0 0.63828125 0.3890625 0.075 0.1578125
0 0.5796875 0.6765625 0.078125 0.1578125
0 0.625 0.2390625 0.071875 0.1453125
1 0.34453125 0.7921875 0.0703125 0.153125
0 0.68125 0.403125 0.075 0.159375
0 0.7109375 0.25234375 0.075 0.146875
0 0.66875 0.246875 0.0734375 0.1484375
1 0.1765625 0.60234375 0.0734375 0.1515625
1 0.7828125 0.71953125 0.0734375 0.15
0 0.45703125 0.65546875 0.075 0.159375
0 0.625 0.684375 0.0765625 0.153125
0 0.79296875 0.2703125 0.0734375 0.1484375
0 0.42109375 0.64453125 0.078125 0.1609375
0 0.2296875 0.76953125 0.075 0.1578125
0 0.63828125 0.84375 0.075 0.159375
0 0.4390625 0.353125 0.075 0.15
0 0.55625 0.82734375 0.0828125 0.1640625
0 0.18515625 0.75625 0.0765625 0.15625
0 0.10546875 0.74296875 0.071875 0.15625
0 0.56171875 0.37734375 0.078125 0.15625
0 0.721875 0.40859375 0.0796875 0.1671875
0 0.13359375 0.5921875 0.0765625 0.1609375
1 0.4765625 0.35859375 0.071875 0.1515625
0 0.7484375 0.259375 0.0734375 0.1453125
0 0.14765625 0.7484375 0.0734375 0.1546875
0 0.6015625 0.83984375 0.0796875 0.1609375
0 0.7703125 0.42109375 0.075 0.159375
0 0.66796875 0.69609375 0.075 0.146875
1 0.7484375 0.7109375 0.071875 0.1515625
1 0.215625 0.1671875 0.06875 0.14375