0 0.396875 0.803125 0.0796875 0.165625
1 0.22578125 0.328125 0.0703125 0.15625
1 0.453125 0.21171875 0.0671875 0.146875
0 0.21875 0.6265625 0.071875 0.15625
0 0.2765625 0.78203125 0.071875 0.1546875
0 0.409375 0.20625 0.0671875 0.1515625
1 0.30234375 0.63671875 0.0703125 0.15625
1 0.546875 0.6734375 0.0703125 0.15625
0 0.3328125 0.19375 0.071875 0.153125
1 0.5921875 0.378125 0.0703125 0.15
1 0.3171875 0.790625 0.06875 0.1546875
1 0.340625 0.640625 0.0703125 0.159375
0 0.50859375 0.6640625 0.0734375 0.15625
1 0.3703125 0.203125 0.071875 0.1546875
0 0.43125 0.353125 0.071875 0.153125
0 0.265625 0.628125 0.071875 0.15625
0 0.71796875 0.39609375 0.0734375 0.1578125
0 0.425 0.6546875 0.0703125 0.1578125
0 0.61484375 0.23515625 0.0671875 0.146875
0 0.46171875 0.66015625 0.0703125 0.15625
0 0.67109375 0.6890625 0.06875 0.153125
0 0.18203125 0.321875 0.0703125 0.15625
1 0.28828125 0.19140625 0.0703125 0.153125
0 0.38515625 0.64453125 0.075 0.1625
1 0.49375 0.21640625 0.065625 0.14375
1 0.53203125 0.22421875 0.0640625 0.146875
0 0.64609375 0.834375 0.065625 0.1515625
0 0.55390625 0.37109375 0.0703125 0.1515625
0 0.6328125 0.384375 0.06875 0.1515625
1 0.7296875 0.84765625 0.0671875 0.1515625
0 0.58671875 0.67890625 0.06875 0.1546875
1 0.69296875 0.84375 0.065625 0.1515625
0 0.73828125 0.253125 0.0671875 0.146875
1 0.5796875 0.228125 0.071875 0.15
1 0.18125 0.6203125 0.071875 0.15625
1 0.309375 0.33984375 0.0703125 0.159375
0 0.70078125 0.2453125 0.06875 0.15
0 0.65625 0.24296875 0.0671875 0.1484375
0 0.52265625 0.81796875 0.071875 0.1546875
1 0.79609375 0.7125 0.065625 0.1515625
0 0.678125 0.390625 0.0671875 0.1515625
1 0.7546875 0.70703125 0.0609375 0.1515625
0 0.196875 0.76640625 0.0671875 0.1515625
1 0.7734375 0.85390625 0.0671875 0.146875
0 0.13515625 0.60546875 0.071875 0.159375
0 0.565625 0.82578125 0.071875 0.15
0 0.6296875 0.68515625 0.0671875 0.1546875
0 0.1578125 0.76015625 0.065625 0.1484375
0 0.38515625 0.3484375 0.071875 0.1546875
0 0.5078125 0.3640625 0.071875 0.1515625
1 0.209375 0.17734375 0.065625 0.1515625
0 0.246875 0.184375 0.0734375 0.1546875
0 0.23984375 0.77421875 0.065625 0.1546875
0 0.115625 0.75546875 0.0640625 0.14375
0 0.7859375 0.2640625 0.059375 0.1453125
1 0.4421875 0.81171875 0.075 0.1640625
1 0.265625 0.3359375 0.0734375 0.1578125
0 0.71953125 0.70234375 0.0640625 0.153125
0 0.6109375 0.82890625 0.0640625 0.15
0 0.4828125 0.81796875 0.071875 0.1578125
0 0.34453125 0.34375 0.071875 0.1546875
1 0.35859375 0.79609375 0.0640625 0.159375
1 0.4703125 0.36015625 0.071875 0.15
0 0.75859375 0.41328125 0.059375 0.1578125