0 0.52578125 0.8453125 0.0640625 0.171875
1 0.7734375 0.86875 0.0671875 0.16875
0 0.7859375 0.7171875 0.0640625 0.15
0 0.53828125 0.69609375 0.0625 0.153125
1 0.48515625 0.85078125 0.0671875 0.171875
1 0.10078125 0.65859375 0.078125 0.1734375
1 0.57265625 0.2140625 0.0609375 0.1546875
0 0.7328125 0.8671875 0.06875 0.1703125
1 0.5640625 0.85703125 0.0640625 0.16875
1 0.55703125 0.36953125 0.059375 0.15625
1 0.64375 0.37109375 0.059375 0.15625
0 0.684375 0.37734375 0.0609375 0.1625
0 0.1796875 0.82890625 0.06875 0.165625
1 0.859375 0.871875 0.065625 0.1640625
1 0.871875 0.7171875 0.0625 0.153125
1 0.78046875 0.23203125 0.0578125 0.1484375
0 0.690625 0.22265625 0.0625 0.1515625
0 0.7234375 0.38203125 0.0625 0.165625
0 0.82421875 0.8625 0.0671875 0.165625
1 0.83203125 0.71796875 0.0640625 0.1515625
1 0.85625 0.38828125 0.059375 0.1578125
0 0.578125 0.6984375 0.0640625 0.1515625
0 0.2125 0.340625 0.0609375 0.1640625
0 0.74765625 0.71171875 0.0625 0.15
1 0.59765625 0.365625 0.0578125 0.1546875
0 0.53125 0.2109375 0.059375 0.1546875
1 0.734375 0.23359375 0.0578125 0.1484375
0 0.62890625 0.70390625 0.0640625 0.153125
1 0.9046875 0.240625 0.059375 0.15
1 0.89375 0.3921875 0.0578125 0.159375
0 0.61640625 0.21640625 0.0671875 0.1578125
1 0.86640625 0.2375 0.059375 0.15
1 0.946875 0.87734375 0.065625 0.1625
1 0.8171875 0.2375 0.05625 0.1484375
1 0.03125 0.81953125 0.0625 0.1640625
0 0.7703125 0.384375 0.059375 0.1625
1 0.89765625 0.8734375 0.065625 0.159375
0 0.51875 0.36328125 0.0609375 0.165625
0 0.22109375 0.1859375 0.053125 0.153125
0 0.14765625 0.6671875 0.0625 0.1625
1 0.95703125 0.72265625 0.0609375 0.1546875
1 0.94296875 0.246875 0.059375 0.15
0 0.165625 0.34296875 0.0640625 0.16875
0 0.26171875 0.1890625 0.0578125 0.1546875
1 0.496875 0.69375 0.0609375 0.15625
1 0.05859375 0.33046875 0.0734375 0.1703125
1 0.6640625 0.709375 0.0578125 0.1515625
1 0.80625 0.38828125 0.0609375 0.159375
1 0.98125 0.25 0.0375 0.153125
0 0.43203125 0.84453125 0.0734375 0.1765625
1 0.12109375 0.3359375 0.0734375 0.171875
1 0.7015625 0.70859375 0.0640625 0.1515625
0 0.25390625 0.34765625 0.059375 0.1640625
1 0.934375 0.39609375 0.0609375 0.1625
1 0.975 0.4 0.05 0.165625
0 0.303125 0.34921875 0.0703125 0.1625
0 0.17734375 0.1828125 0.05625 0.15625
0 0.6875 0.86875 0.06875 0.175
1 0.19296875 0.6703125 0.065625 0.159375
1 0.90859375 0.7234375 0.0625 0.1546875
0 0.31171875 0.19375 0.0578125 0.153125
0 0.48671875 0.21171875 0.0515625 0.1515625
0 0.47421875 0.36328125 0.0546875 0.1671875
1 0.1328125 0.1796875 0.06875 0.159375
0 0.0875 0.82265625 0.078125 0.1625
0 0.23046875 0.6734375 0.0578125 0.15625
1 0.13671875 0.82109375 0.0625 0.1609375
1 0.0703125 0.1734375 0.071875 0.1640625
0 0.27734375 0.68125 0.0671875 0.1578125
0 0.265625 0.8328125 0.0796875 0.16875
1 0.60859375 0.85390625 0.0609375 0.15625
1 0.0390625 0.65 0.0765625 0.190625
1 0.646875 0.86015625 0.065625 0.16875