1 0.5671875 0.0765625 0.0828125 0.14375
0 0.49921875 0.06875 0.0765625 0.1375
0 0.2421875 0.06171875 0.08125 0.1234375
0 0.17421875 0.0578125 0.0828125 0.115625
0 0.35859375 0.25703125 0.0890625 0.2515625
0 0.36953125 0.06484375 0.0796875 0.1296875
1 0.3109375 0.0640625 0.078125 0.128125
0 0.43984375 0.0671875 0.0765625 0.134375
0 0.55625 0.26953125 0.0890625 0.2453125
0 0.6265625 0.07578125 0.0765625 0.1421875
0 0.2296875 0.23828125 0.0796875 0.2421875
0 0.15625 0.23046875 0.09375 0.2375
0 0.69375 0.08515625 0.078125 0.1484375
0 0.765625 0.08515625 0.08125 0.1453125
0 0.42578125 0.25703125 0.084375 0.2515625
0 0.4859375 0.2609375 0.084375 0.2453125
0 0.2953125 0.24453125 0.084375 0.2453125
0 0.8265625 0.08671875 0.078125 0.14375
0 0.959375 0.1 0.08125 0.153125
0 0.75859375 0.2875 0.0828125 0.225
0 0.12421875 0.7515625 0.0921875 0.2765625
0 0.89765625 0.096875 0.0796875 0.1484375
0 0.5875 0.78125 0.0859375 0.2640625
0 0.9515625 0.296875 0.090625 0.2234375
0 0.8203125 0.275 0.0890625 0.228125
0 0.88515625 0.27890625 0.0890625 0.225
0 0.725 0.7890625 0.0890625 0.25625
0 0.68671875 0.27265625 0.0796875 0.23125
0 0.65625 0.78828125 0.0859375 0.265625
0 0.19765625 0.74921875 0.0875 0.2609375
0 0.61875 0.27578125 0.084375 0.2359375
0 0.5265625 0.77890625 0.084375 0.25625
0 0.33046875 0.75546875 0.0890625 0.2546875
0 0.7875 0.79609375 0.0859375 0.259375
0 0.265625 0.75234375 0.0828125 0.2546875
0 0.4015625 0.76640625 0.096875 0.2609375
0 0.4609375 0.775 0.0828125 0.253125
0 0.99375 0.0984375 0.0125 0.146875
0 0.859375 0.8125 0.1015625 0.271875
0 0.93984375 0.825 0.1015625 0.2890625
0 0.9890625 0.29453125 0.021875 0.2171875