1 0.9109375 0.81328125 0.0734375 0.1625
1 0.6171875 0.8453125 0.06875 0.1640625
1 0.8265625 0.8234375 0.0734375 0.1671875
1 0.72890625 0.678125 0.06875 0.1546875
0 0.81328125 0.66875 0.06875 0.1515625
1 0.9 0.6578125 0.0671875 0.15625
0 0.8734375 0.8109375 0.06875 0.1625
1 0.521875 0.20703125 0.065625 0.1578125
0 0.7875 0.82421875 0.0734375 0.1671875
1 0.53515625 0.36171875 0.0640625 0.1578125
1 0.6203125 0.353125 0.065625 0.15625
1 0.68515625 0.1984375 0.0609375 0.1515625
0 0.64453125 0.2 0.065625 0.1546875
0 0.77578125 0.6765625 0.071875 0.1546875
1 0.53671875 0.85546875 0.071875 0.175
0 0.57734375 0.84296875 0.071875 0.1734375
0 0.69765625 0.346875 0.065625 0.165625
1 0.12578125 0.72421875 0.0828125 0.1765625
0 0.66015625 0.35 0.0640625 0.159375
0 0.56171875 0.68984375 0.0671875 0.159375
1 0.8703125 0.3296875 0.0640625 0.1609375
0 0.23203125 0.88203125 0.071875 0.1640625
1 0.73203125 0.19296875 0.0609375 0.15
0 0.74609375 0.34140625 0.0671875 0.165625
0 0.17421875 0.725 0.065625 0.1640625
1 0.85703125 0.18359375 0.0625 0.1515625
0 0.1375 0.39609375 0.065625 0.1703125
1 0.78359375 0.3375 0.0640625 0.1578125
1 0.77109375 0.18984375 0.0609375 0.15
1 0.83203125 0.334375 0.065625 0.1578125
0 0.18828125 0.390625 0.065625 0.1671875
1 0.81875 0.18359375 0.0625 0.15
0 0.60546875 0.6859375 0.0703125 0.1578125
0 0.22734375 0.3859375 0.0640625 0.165625
0 0.49375 0.36796875 0.06875 0.165625
0 0.48046875 0.2140625 0.0640625 0.1578125
0 0.5671875 0.2015625 0.071875 0.159375
0 0.27578125 0.3796875 0.071875 0.159375
1 0.98203125 0.8046875 0.0359375 0.1625
0 0.128125 0.24140625 0.05625 0.15625
1 0.86015625 0.66640625 0.0671875 0.153125
1 0.5734375 0.35859375 0.0640625 0.153125
0 0.48984375 0.8578125 0.0703125 0.178125
1 0.90078125 0.18359375 0.0640625 0.1546875
0 0.65625 0.68828125 0.071875 0.15625
1 0.1859375 0.88359375 0.065625 0.1609375
0 0.17265625 0.23125 0.05625 0.1515625
1 0.97578125 0.6515625 0.0484375 0.159375
0 0.2109375 0.23203125 0.059375 0.1578125
0 0.4515625 0.371875 0.059375 0.1671875
1 0.959375 0.32890625 0.0640625 0.165625
1 0.94453125 0.1734375 0.0640625 0.153125
1 0.9515625 0.80234375 0.0703125 0.1609375
1 0.69140625 0.68671875 0.065625 0.1515625
1 0.0359375 0.40546875 0.071875 0.1703125
1 0.9078125 0.32890625 0.065625 0.1625
0 0.4390625 0.21875 0.05625 0.1546875
0 0.7359375 0.840625 0.0828125 0.1796875
1 0.07421875 0.896875 0.08125 0.1671875
1 0.09453125 0.4 0.0765625 0.1734375
1 0.08203125 0.24296875 0.0734375 0.1625
0 0.3015625 0.71328125 0.0671875 0.15625
0 0.26015625 0.22890625 0.059375 0.15625
1 0.93984375 0.659375 0.0671875 0.1578125
0 0.51875 0.69140625 0.065625 0.165625
1 0.22421875 0.72109375 0.0734375 0.1609375
0 0.25234375 0.71875 0.0671875 0.159375
1 0.7 0.8375 0.0734375 0.1671875
0 0.31640625 0.8734375 0.06875 0.1671875
1 0.27265625 0.878125 0.0625 0.165625
0 0.1390625 0.8859375 0.08125 0.1671875
1 0.659375 0.83828125 0.0640625 0.1578125
1 0.02734375 0.2453125 0.0546875 0.16875
1 0.059375 0.72890625 0.0828125 0.184375
1 0.4765625 0.69921875 0.06875 0.1640625
1 0.60703125 0.20703125 0.053125 0.1578125