0 0.41796875 0.0796875 0.084375 0.153125
0 0.16328125 0.11015625 0.090625 0.1515625
1 0.22734375 0.10234375 0.0859375 0.15
0 0.29140625 0.09453125 0.0859375 0.15
0 0.35390625 0.0875 0.08125 0.1515625
0 0.11484375 0.2984375 0.1078125 0.2390625
0 0.5453125 0.06953125 0.08125 0.1390625
0 0.3109375 0.2828125 0.1015625 0.2421875
1 0.37734375 0.275 0.0984375 0.2390625
0 0.50625 0.26328125 0.1015625 0.24375
0 0.1765625 0.8109375 0.10625 0.2765625
0 0.43984375 0.2671875 0.0953125 0.240625
0 0.24375 0.29140625 0.096875 0.240625
1 0.4828125 0.07421875 0.0875 0.1484375
0 0.63828125 0.253125 0.09375 0.2171875
0 0.74296875 0.059375 0.0890625 0.11875
0 0.30390625 0.78515625 0.1015625 0.253125
0 0.67578125 0.06171875 0.0890625 0.1234375
0 0.565625 0.765625 0.1046875 0.2671875
0 0.7015625 0.24140625 0.1015625 0.2265625
0 0.87109375 0.0515625 0.0921875 0.103125
0 0.8296875 0.22421875 0.10625 0.228125
0 0.4375 0.77265625 0.1046875 0.25625
0 0.571875 0.25703125 0.096875 0.228125
0 0.69375 0.75234375 0.10625 0.2671875
0 0.825 0.734375 0.1109375 0.2578125
0 0.946875 0.21171875 0.0671875 0.2234375
0 0.95625 0.74453125 0.0875 0.2578125
0 0.09921875 0.11171875 0.0703125 0.1375
0 0.18046875 0.2875 0.0765625 0.234375
0 0.6109375 0.06484375 0.075 0.1296875
0 0.80703125 0.05859375 0.0734375 0.1171875
0 0.921875 0.05 0.059375 0.1
0 0.765625 0.23359375 0.0796875 0.234375
0 0.89375 0.21484375 0.0921875 0.253125
0 0.23984375 0.79375 0.0765625 0.2421875
0 0.371875 0.771875 0.096875 0.24375
0 0.50234375 0.7609375 0.084375 0.2421875
0 0.6296875 0.74765625 0.0921875 0.2546875
0 0.759375 0.73828125 0.0921875 0.2484375
0 0.8890625 0.728125 0.090625 0.2546875