1 0.771875 0.86328125 0.0671875 0.1671875
1 0.85546875 0.875 0.06875 0.1640625
1 0.6953125 0.709375 0.0671875 0.153125
0 0.74140625 0.715625 0.06875 0.1546875
1 0.72890625 0.2296875 0.0609375 0.153125
1 0.56640625 0.21171875 0.065625 0.159375
0 0.7828125 0.71484375 0.0671875 0.153125
1 0.634375 0.37265625 0.065625 0.1578125
1 0.8515625 0.3875 0.0625 0.159375
0 0.68828125 0.225 0.0640625 0.15625
1 0.559375 0.8578125 0.065625 0.165625
0 0.7328125 0.8703125 0.06875 0.171875
0 0.81796875 0.86640625 0.065625 0.1625
1 0.553125 0.36953125 0.0640625 0.1625
1 0.86171875 0.2390625 0.0609375 0.15
0 0.68046875 0.3765625 0.0640625 0.1625
1 0.775 0.228125 0.059375 0.1515625
1 0.47890625 0.8515625 0.0671875 0.1734375
1 0.8296875 0.71796875 0.0640625 0.1546875
0 0.48203125 0.20859375 0.05625 0.1578125
0 0.57265625 0.7 0.06875 0.153125
0 0.52109375 0.8484375 0.0671875 0.1734375
0 0.15703125 0.33515625 0.0640625 0.16875
0 0.53203125 0.6953125 0.065625 0.1515625
0 0.13984375 0.66953125 0.0625 0.1625
1 0.0921875 0.6609375 0.0796875 0.171875
0 0.7640625 0.38515625 0.0671875 0.165625
0 0.17578125 0.8328125 0.0671875 0.1640625
0 0.17109375 0.18203125 0.05625 0.159375
1 0.9015625 0.2421875 0.059375 0.15
1 0.80546875 0.38515625 0.0625 0.1625
1 0.86796875 0.71953125 0.0640625 0.153125
0 0.52421875 0.21328125 0.0609375 0.1609375
0 0.4859375 0.69375 0.065625 0.1515625
1 0.89140625 0.38828125 0.0609375 0.1609375
0 0.7171875 0.3796875 0.0640625 0.1640625
1 0.8140625 0.23515625 0.059375 0.1515625
0 0.5125 0.3671875 0.0671875 0.165625
0 0.29375 0.34140625 0.06875 0.159375
1 0.2125 0.834375 0.0609375 0.1625
0 0.471875 0.36171875 0.0625 0.1734375
0 0.62265625 0.7046875 0.06875 0.1546875
1 0.0515625 0.32734375 0.075 0.171875
0 0.21484375 0.1859375 0.0546875 0.1546875
0 0.24609375 0.33984375 0.065625 0.1671875
0 0.6109375 0.2140625 0.071875 0.159375
0 0.20703125 0.3375 0.0625 0.1671875
1 0.896875 0.8703125 0.065625 0.159375
1 0.9421875 0.8796875 0.0640625 0.1609375
0 0.30234375 0.1859375 0.059375 0.15625
0 0.2515625 0.1859375 0.059375 0.15625
1 0.94140625 0.2421875 0.0609375 0.153125
0 0.4296875 0.84765625 0.071875 0.175
1 0.59296875 0.3703125 0.0640625 0.15625
1 0.18671875 0.6734375 0.065625 0.159375
1 0.9734375 0.4 0.053125 0.165625
0 0.26640625 0.67734375 0.065625 0.1578125
1 0.65859375 0.7078125 0.059375 0.15
1 0.93046875 0.39375 0.0625 0.1625
1 0.953125 0.728125 0.0609375 0.1546875
1 0.1296875 0.82734375 0.0609375 0.159375
1 0.97890625 0.24375 0.0421875 0.153125
0 0.6828125 0.87109375 0.06875 0.175
1 0.0609375 0.16875 0.075 0.165625
1 0.125 0.1765625 0.071875 0.1625
1 0.025 0.82109375 0.05 0.1671875
1 0.90703125 0.72578125 0.0640625 0.15625
0 0.25703125 0.8390625 0.065625 0.1671875
1 0.44296875 0.69453125 0.0671875 0.1546875
0 0.21953125 0.6765625 0.0640625 0.1609375
1 0.1125 0.33359375 0.0734375 0.171875
1 0.078125 0.825 0.078125 0.1640625
1 0.64375 0.86484375 0.0703125 0.1703125
1 0.596875 0.85625 0.0609375 0.1609375
1 0.03046875 0.6578125 0.0609375 0.178125
1 0.65078125 0.225 0.0546875 0.1625