0 0.5234375 0.81953125 0.090625 0.1671875
1 0.17890625 0.446875 0.0828125 0.15625
1 0.3703125 0.703125 0.0828125 0.15625
1 0.34453125 0.2515625 0.0796875 0.15
0 0.290625 0.7265625 0.0828125 0.15625
1 0.44453125 0.83984375 0.0796875 0.1546875
0 0.3328125 0.71171875 0.0828125 0.15625
0 0.40703125 0.85234375 0.0828125 0.1546875
1 0.6109375 0.640625 0.08125 0.15625
0 0.3 0.2640625 0.0796875 0.153125
1 0.409375 0.69453125 0.0828125 0.1578125
0 0.2265625 0.28515625 0.084375 0.15625
0 0.57265625 0.64765625 0.084375 0.1578125
0 0.73125 0.60703125 0.08125 0.153125
1 0.2640625 0.2765625 0.084375 0.15625
1 0.53671875 0.35078125 0.08125 0.1515625
0 0.45 0.678125 0.0875 0.1640625
0 0.13515625 0.45859375 0.0828125 0.15625
0 0.5296875 0.65859375 0.08125 0.15625
1 0.3828125 0.2421875 0.0765625 0.146875
0 0.5046875 0.2109375 0.078125 0.1484375
0 0.37734375 0.3890625 0.08125 0.15
1 0.84765625 0.73046875 0.0796875 0.153125
0 0.49140625 0.671875 0.08125 0.159375
1 0.4203125 0.23203125 0.0765625 0.1484375
0 0.76640625 0.75078125 0.078125 0.153125
1 0.18359375 0.296875 0.084375 0.15625
0 0.64921875 0.63125 0.0796875 0.15625
0 0.3234375 0.8640625 0.078125 0.1515625
0 0.20546875 0.73984375 0.0828125 0.1578125
1 0.8125 0.74140625 0.078125 0.153125
0 0.62265625 0.1796875 0.078125 0.1484375
0 0.64453125 0.784375 0.084375 0.15625
1 0.21796875 0.4390625 0.084375 0.1578125
1 0.25 0.73515625 0.0828125 0.1546875
0 0.5859375 0.1859375 0.0796875 0.1515625
0 0.54375 0.20234375 0.078125 0.1484375
0 0.33359375 0.40390625 0.0828125 0.1546875
1 0.81640625 0.59375 0.075 0.15625
0 0.29453125 0.415625 0.0828125 0.1546875
0 0.659375 0.31875 0.0859375 0.159375
0 0.57734375 0.340625 0.08125 0.1546875
0 0.36875 0.86015625 0.078125 0.153125
1 0.46640625 0.21796875 0.08125 0.1515625
1 0.56796875 0.8109375 0.0875 0.165625
0 0.69140625 0.61953125 0.0796875 0.15625
0 0.6875 0.775 0.0828125 0.1515625
1 0.85546875 0.5796875 0.0765625 0.1515625
0 0.284375 0.87265625 0.0765625 0.1484375
0 0.14296875 0.30703125 0.084375 0.15625
1 0.890625 0.71875 0.078125 0.15
0 0.62109375 0.32890625 0.078125 0.1546875
0 0.4984375 0.35859375 0.0796875 0.1515625
1 0.2609375 0.425 0.0828125 0.1578125
0 0.73046875 0.759375 0.0765625 0.1515625
0 0.45390625 0.3703125 0.08125 0.1515625
0 0.78125 0.60078125 0.0765625 0.153125
0 0.2421875 0.8828125 0.0734375 0.1453125
0 0.6703125 0.1703125 0.0703125 0.1453125
1 0.4859375 0.82890625 0.0765625 0.159375
0 0.60859375 0.79609375 0.08125 0.159375
1 0.41640625 0.38046875 0.0796875 0.1484375
0 0.70859375 0.31328125 0.0703125 0.15625
1 0.10390625 0.31953125 0.084375 0.1578125