0 0.4890625 0.81796875 0.0765625 0.1625
1 0.371875 0.2390625 0.0671875 0.1453125
1 0.35078125 0.68671875 0.0671875 0.153125
0 0.4109375 0.23125 0.0671875 0.1484375
0 0.37109375 0.83984375 0.06875 0.153125
0 0.55546875 0.65390625 0.071875 0.15625
0 0.26953125 0.7015625 0.0671875 0.153125
0 0.3140625 0.6921875 0.0671875 0.1515625
1 0.5953125 0.65078125 0.0671875 0.1546875
0 0.32890625 0.246875 0.0640625 0.15
1 0.1890625 0.415625 0.0671875 0.1578125
1 0.28984375 0.253125 0.0671875 0.1515625
0 0.25234375 0.259375 0.06875 0.1515625
0 0.3921875 0.38046875 0.0703125 0.1515625
1 0.38984375 0.68203125 0.0671875 0.1578125
1 0.41171875 0.8296875 0.065625 0.1546875
1 0.55234375 0.35703125 0.0671875 0.146875
0 0.43359375 0.6703125 0.0734375 0.1625
0 0.51328125 0.3609375 0.0671875 0.1484375
1 0.21171875 0.26640625 0.0671875 0.1484375
0 0.5328125 0.21484375 0.0640625 0.146875
0 0.1453125 0.42265625 0.0671875 0.1546875
1 0.78359375 0.7703125 0.0640625 0.15
0 0.47421875 0.66875 0.0671875 0.15625
1 0.496875 0.2171875 0.06875 0.15
1 0.81953125 0.7640625 0.0625 0.1484375
0 0.634375 0.6453125 0.065625 0.1546875
0 0.61328125 0.79609375 0.06875 0.153125
0 0.24921875 0.84765625 0.0609375 0.146875
0 0.51015625 0.66328125 0.0671875 0.1546875
0 0.66015625 0.1953125 0.065625 0.1484375
0 0.2890625 0.846875 0.0671875 0.15
0 0.73984375 0.77578125 0.0625 0.15
0 0.5734375 0.2109375 0.0625 0.146875
0 0.71796875 0.634375 0.0671875 0.15
0 0.33203125 0.8375 0.0640625 0.1546875
1 0.13046875 0.275 0.0609375 0.15625
0 0.1640625 0.271875 0.0734375 0.153125
1 0.2296875 0.70625 0.065625 0.1515625
0 0.61796875 0.19921875 0.0640625 0.1453125
1 0.80234375 0.62421875 0.0578125 0.15
0 0.65703125 0.79140625 0.06875 0.1484375
0 0.67734375 0.63828125 0.0640625 0.153125
0 0.6765625 0.33828125 0.06875 0.153125
1 0.45078125 0.23046875 0.0625 0.14375
0 0.63828125 0.34375 0.0640625 0.15
1 0.45234375 0.82265625 0.059375 0.1578125
1 0.83671875 0.61328125 0.0640625 0.1484375
0 0.30703125 0.39765625 0.06875 0.15625
0 0.346875 0.390625 0.06875 0.153125
0 0.184375 0.709375 0.0671875 0.159375
0 0.7015625 0.78125 0.0609375 0.15
0 0.7671875 0.628125 0.0609375 0.15
0 0.4671875 0.36875 0.06875 0.1484375
0 0.59296875 0.35 0.065625 0.1515625
1 0.86328125 0.75703125 0.065625 0.1453125
0 0.703125 0.1921875 0.0578125 0.1453125
0 0.20546875 0.8546875 0.0609375 0.1390625
0 0.5765625 0.80703125 0.065625 0.153125
1 0.5359375 0.8125 0.0734375 0.1609375
1 0.271875 0.40546875 0.06875 0.159375
1 0.43125 0.375 0.06875 0.1484375
1 0.23046875 0.41171875 0.06875 0.15625
0 0.72265625 0.33515625 0.05625 0.153125