0 0.31171875 0.228125 0.053125 0.1171875
1 0.30390625 0.46796875 0.0515625 0.109375
0 0.68515625 0.17890625 0.053125 0.1125
0 0.54296875 0.43671875 0.0515625 0.1109375
0 0.33984375 0.46171875 0.0546875 0.115625
0 0.45234375 0.56328125 0.0546875 0.1265625
1 0.72421875 0.5328125 0.0546875 0.1265625
1 0.61015625 0.4328125 0.05 0.1125
0 0.48359375 0.821875 0.0515625 0.121875
1 0.575 0.43515625 0.0515625 0.109375
1 0.8453125 0.4015625 0.0546875 0.115625
1 0.940625 0.88671875 0.0546875 0.121875
1 0.75 0.16953125 0.0515625 0.115625
1 0.2078125 0.4796875 0.05 0.1078125
1 0.2734375 0.471875 0.053125 0.1109375
1 0.47578125 0.44765625 0.0515625 0.1125
0 0.43828125 0.446875 0.053125 0.115625
1 0.9484375 0.38671875 0.053125 0.1203125
0 0.2203125 0.59375 0.0546875 0.128125
1 0.965625 0.5015625 0.0546875 0.1265625
0 0.79296875 0.5203125 0.053125 0.125
1 0.50625 0.4421875 0.0515625 0.1109375
0 0.64609375 0.4265625 0.0515625 0.109375
1 0.12109375 0.60703125 0.0546875 0.1265625
1 0.88515625 0.15234375 0.0515625 0.1140625
0 0.8265625 0.1609375 0.0609375 0.11875
0 0.7609375 0.52734375 0.053125 0.125
0 0.6515625 0.80234375 0.05625 0.1296875
1 0.65859375 0.54296875 0.0546875 0.1234375
1 0.58984375 0.54765625 0.0546875 0.1265625
0 0.8828125 0.39296875 0.0546875 0.115625
0 0.86484375 0.5171875 0.0578125 0.1265625
0 0.9078125 0.89140625 0.053125 0.1203125
1 0.040625 0.49921875 0.05 0.1109375
1 0.825 0.78359375 0.053125 0.1265625
0 0.69453125 0.53984375 0.053125 0.1265625
0 0.77265625 0.909375 0.0546875 0.1203125
1 0.984375 0.7625 0.03125 0.128125
1 0.921875 0.14921875 0.053125 0.1140625
0 0.42109375 0.56875 0.05625 0.125
1 0.6484375 0.1859375 0.053125 0.1140625
1 0.83125 0.5171875 0.0546875 0.1234375
1 0.4203125 0.8359375 0.0546875 0.1296875
0 0.38359375 0.83671875 0.053125 0.1265625
0 0.625 0.5453125 0.053125 0.1265625
0 0.29296875 0.95390625 0.0578125 0.0921875
1 0.48515625 0.56328125 0.0546875 0.125
0 0.23828125 0.47421875 0.0484375 0.1078125
0 0.5515625 0.19921875 0.05 0.1140625
0 0.75390625 0.78671875 0.0546875 0.13125
0 0.68046875 0.42109375 0.05 0.1109375
1 0.7609375 0.0046875 0.040625 0.009375
1 0.8953125 0.77734375 0.0515625 0.125
0 0.3515625 0.57890625 0.0546875 0.128125
0 0.3203125 0.58359375 0.0578125 0.1296875
1 0.34765625 0.84453125 0.053125 0.1265625
1 0.2796875 0.23203125 0.053125 0.115625
1 0.78359375 0.165625 0.05 0.115625
1 0.721875 0.7953125 0.0515625 0.13125
0 0.171875 0.48359375 0.0578125 0.1125
1 0.4484375 0.21015625 0.0515625 0.1125
0 0.4125 0.215625 0.05 0.1125
0 0.690625 0.7953125 0.0546875 0.13125
0 0.7921875 0.78203125 0.053125 0.128125
1 0.0734375 0.49296875 0.0484375 0.1140625
0 0.409375 0.44921875 0.053125 0.11875
0 0.69765625 0.0078125 0.0421875 0.015625
0 0.26328125 0.9546875 0.0578125 0.090625
0 0.3828125 0.575 0.053125 0.1265625
1 0.51640625 0.20078125 0.0515625 0.1140625
0 0.91328125 0.3890625 0.05 0.1140625
0 0.08125 0.6109375 0.0578125 0.1265625
0 0.9046875 0.51015625 0.065625 0.1328125
0 0.21015625 0.23984375 0.053125 0.1171875
0 0.34765625 0.22421875 0.0515625 0.1140625
0 0.809375 0.90390625 0.059375 0.121875
0 0.1234375 0.4890625 0.06875 0.121875
0 0.93046875 0.771875 0.0515625 0.11875
0 0.48203125 0.20625 0.0515625 0.1125
1 0.00703125 0.08125 0.0140625 0.05
0 0.21484375 0.95625 0.0703125 0.0875
0 0.28125 0.5875 0.05625 0.128125
0 0.39609375 0.94609375 0.0609375 0.1078125
1 0.7125 0.4171875 0.0515625 0.1125
0 0.55625 0.55 0.053125 0.128125
1 0.38203125 0.21640625 0.0515625 0.1171875
0 0.171875 0.96328125 0.06875 0.0734375
0 0.18984375 0.05703125 0.04375 0.05
0 0.325 0.953125 0.059375 0.09375
0 0.31328125 0.85 0.0578125 0.125
0 0.24765625 0.2375 0.0515625 0.115625
0 0.71953125 0.17890625 0.05 0.1140625
0 0.615625 0.1921875 0.0546875 0.11875
0 0.97109375 0.8828125 0.0515625 0.121875
0 0.428125 0.94453125 0.059375 0.1109375
1 0.22265625 0.053125 0.040625 0.05
0 0.44921875 0.8296875 0.05 0.1265625
1 0.3578125 0.0375 0.040625 0.05
1 0.99375 0.87890625 0.0125 0.1203125
0 0.0484375 0.61640625 0.0546875 0.128125
0 0.5140625 0.825 0.05 0.121875
1 0.734375 0.9125 0.05625 0.121875
0 0.28046875 0.85 0.053125 0.125
0 0.178125 0.2453125 0.053125 0.1203125
1 0.58203125 0.19453125 0.05 0.1140625
1 0.72734375 0.00625 0.0390625 0.0125
1 0.875 0.89765625 0.05 0.1171875
1 0.66171875 0.0109375 0.0421875 0.021875
0 0.521875 0.5546875 0.0515625 0.13125
1 0.32578125 0.040625 0.0390625 0.0484375
1 0.39140625 0.0328125 0.040625 0.0515625
0 0.07890625 0.25859375 0.053125 0.1171875
0 0.18359375 0.5953125 0.053125 0.128125
0 0.665625 0.92109375 0.053125 0.1203125
0 0.46875 0.9421875 0.053125 0.115625
0 0.146875 0.246875 0.05 0.115625
1 0.49453125 0.02265625 0.0421875 0.0453125
0 0.15546875 0.603125 0.05 0.125
0 0.11328125 0.9640625 0.0765625 0.071875
0 0.15 0.86171875 0.05625 0.121875
0 0.84140625 0.9046875 0.0515625 0.1171875
0 0.28984375 0.0453125 0.04375 0.05
1 0.6203125 0.8109375 0.0515625 0.13125
0 0.25390625 0.04921875 0.0421875 0.05
0 0.359375 0.94921875 0.05625 0.1015625
0 0.25 0.8515625 0.05625 0.128125
0 0.60546875 0.93515625 0.053125 0.115625
0 0.6328125 0.9296875 0.05 0.1171875
0 0.01640625 0.49765625 0.0328125 0.1140625
1 0.56015625 0.01875 0.0421875 0.0375
1 0.59453125 0.015625 0.0421875 0.03125
0 0.86015625 0.7796875 0.05 0.1234375
0 0.52890625 0.0203125 0.0421875 0.040625
1 0.115625 0.2546875 0.0515625 0.1140625
0 0.2515625 0.590625 0.05 0.125
0 0.70390625 0.9171875 0.0515625 0.11875
1 0.6296875 0.01328125 0.040625 0.0265625
0 0.109375 0.8640625 0.053125 0.125
0 0.021875 0.07890625 0.034375 0.05
0 0.50078125 0.93984375 0.0546875 0.1203125
0 0.2078125 0.859375 0.0546875 0.1234375
1 0.94765625 0.14609375 0.0375 0.1109375
1 0.45859375 0.0265625 0.04375 0.053125
1 0.184375 0.86328125 0.046875 0.1203125
0 0.05625 0.88203125 0.040625 0.121875
0 0.7484375 0.409375 0.0546875 0.1171875
1 0.53125 0.9375 0.05625 0.1203125
0 0.0515625 0.075 0.0421875 0.0515625
0 0.08125 0.87265625 0.0484375 0.1203125
0 0.959375 0.76953125 0.0484375 0.125
0 0.02265625 0.6171875 0.0375 0.1234375
1 0.42734375 0.02890625 0.040625 0.0515625
1 0.36875 0.45859375 0.0515625 0.11875
0 0.0453125 0.26484375 0.0484375 0.121875
0 0.77890625 0.40625 0.05625 0.1171875
0 0.809375 0.403125 0.0515625 0.115625
1 0.9859375 0.496875 0.028125 0.121875
0 0.07265625 0.96796875 0.0453125 0.0640625
0 0.09296875 0.06953125 0.040625 0.0515625
0 0.1234375 0.06640625 0.040625 0.0515625
1 0.02109375 0.26953125 0.0421875 0.1203125
0 0.97890625 0.38125 0.034375 0.1171875
0 0.1578125 0.0625 0.04375 0.0515625
1 0.5515625 0.8203125 0.0453125 0.1265625
1 0.93125 0.50625 0.05 0.128125
1 0.853125 0.15625 0.0453125 0.115625