1 0.634375 0.1046875 0.0796875 0.190625
1 0.41875 0.09921875 0.0828125 0.1875
0 0.56015625 0.29375 0.075 0.184375
1 0.565625 0.103125 0.078125 0.1859375
0 0.30625 0.290625 0.0578125 0.1875
0 0.63671875 0.28671875 0.0765625 0.184375
1 0.4953125 0.103125 0.08125 0.1828125
0 0.4421875 0.7046875 0.0578125 0.18125
0 0.48359375 0.29375 0.0796875 0.1875
0 0.4140625 0.28984375 0.0734375 0.1875
1 0.35390625 0.2859375 0.0609375 0.1859375
1 0.2578125 0.09609375 0.0625 0.1890625
1 0.746875 0.29609375 0.059375 0.190625
1 0.3109375 0.09765625 0.0609375 0.1890625
1 0.3015625 0.7046875 0.0625 0.18125
1 0.103125 0.703125 0.0625 0.1828125
1 0.11015625 0.28671875 0.0609375 0.1890625
1 0.24921875 0.7015625 0.0625 0.18125
1 0.63828125 0.71171875 0.059375 0.18125
1 0.35625 0.09921875 0.0625 0.1875
0 0.69921875 0.10546875 0.059375 0.1875
1 0.15546875 0.28828125 0.0609375 0.1875
1 0.24375 0.88984375 0.059375 0.1859375
1 0.69296875 0.28984375 0.05625 0.1859375
0 0.9375 0.10546875 0.0734375 0.1890625
0 0.340625 0.88984375 0.053125 0.1875
1 0.1484375 0.70390625 0.0625 0.1828125
1 0.05703125 0.28515625 0.0625 0.1921875
1 0.01796875 0.690625 0.0359375 0.190625
0 0.68515625 0.71328125 0.059375 0.1859375
1 0.78046875 0.9046875 0.0546875 0.1875
1 0.5859375 0.7140625 0.059375 0.178125
0 0.79921875 0.7140625 0.0765625 0.190625
1 0.34375 0.7046875 0.059375 0.1796875
1 0.14609375 0.8875 0.0609375 0.1859375
1 0.29609375 0.89140625 0.05625 0.1859375
1 0.2015625 0.7046875 0.0625 0.18125
1 0.0515625 0.7015625 0.0609375 0.1828125
0 0.8953125 0.29765625 0.05625 0.18125
1 0.11015625 0.0921875 0.0640625 0.184375
0 0.87109375 0.1 0.0640625 0.1890625
1 0.096875 0.88671875 0.06875 0.1859375
1 0.253125 0.2890625 0.059375 0.1875
1 0.02109375 0.28515625 0.0375 0.190625
1 0.20078125 0.8890625 0.059375 0.1875
1 0.540625 0.70703125 0.059375 0.178125
0 0.584375 0.9 0.0546875 0.196875
0 0.7953125 0.29921875 0.0578125 0.19375
1 0.48828125 0.70703125 0.059375 0.1796875
1 0.39765625 0.7046875 0.0609375 0.18125
0 0.74296875 0.7140625 0.0625 0.1890625
0 0.68203125 0.903125 0.059375 0.190625
0 0.73671875 0.90390625 0.0578125 0.1921875
0 0.75546875 0.10859375 0.053125 0.1828125
0 0.021875 0.09140625 0.034375 0.1828125
1 0.15703125 0.09140625 0.0609375 0.1828125
1 0.21015625 0.09375 0.059375 0.1859375
1 0.015625 0.88515625 0.03125 0.1890625
0 0.94140625 0.2921875 0.05 0.1734375
0 0.80546875 0.1046875 0.0609375 0.1890625
1 0.05625 0.08984375 0.05625 0.1796875
0 0.89453125 0.71328125 0.0765625 0.2
0 0.8875 0.9125 0.071875 0.175
1 0.20859375 0.2890625 0.0609375 0.1875
1 0.84765625 0.2953125 0.0515625 0.1875
0 0.43359375 0.890625 0.059375 0.190625
1 0.48359375 0.896875 0.05625 0.1875
1 0.83359375 0.90234375 0.0625 0.184375
1 0.04921875 0.884375 0.059375 0.1859375
0 0.96328125 0.91015625 0.0609375 0.1796875
1 0.5390625 0.9 0.059375 0.1890625
1 0.63671875 0.90234375 0.0546875 0.190625
1 0.38828125 0.89375 0.05625 0.1890625