1 0.79765625 0.84609375 0.05625 0.16171875
1 0.88203125 0.85 0.05625 0.1578125
1 0.58515625 0.85546875 0.05390625 0.16171875
1 0.84375 0.696875 0.053125 0.15234375
1 0.71015625 0.69765625 0.0546875 0.15
0 0.2 0.85625 0.053125 0.16171875
0 0.66796875 0.21640625 0.05546875 0.15078125
0 0.84453125 0.84453125 0.0546875 0.15703125
1 0.62734375 0.36484375 0.05390625 0.15390625
0 0.79765625 0.696875 0.05546875 0.1484375
1 0.546875 0.21015625 0.05234375 0.15390625
0 0.75703125 0.70078125 0.05859375 0.15234375
1 0.5453125 0.36875 0.05078125 0.15859375
0 0.54453125 0.85 0.05390625 0.17109375
1 0.709375 0.215625 0.04921875 0.14765625
1 0.84296875 0.365625 0.05 0.15546875
0 0.75703125 0.84921875 0.05625 0.16015625
1 0.50390625 0.85703125 0.0546875 0.16953125
0 0.54609375 0.69453125 0.05390625 0.14921875
1 0.8828125 0.69453125 0.053125 0.1515625
1 0.75703125 0.2140625 0.0484375 0.146875
0 0.58828125 0.69609375 0.05546875 0.14921875
0 0.6734375 0.365625 0.04921875 0.1578125
1 0.1046875 0.69140625 0.06640625 0.1671875
1 0.8828125 0.36875 0.05 0.15625
0 0.15234375 0.696875 0.05078125 0.1578125
1 0.23828125 0.85625 0.04765625 0.1609375
1 0.84375 0.2171875 0.04765625 0.14765625
0 0.14609375 0.3625 0.0515625 0.165625
0 0.50390625 0.36796875 0.05546875 0.1625
0 0.15078125 0.2078125 0.0453125 0.15625
0 0.75703125 0.36484375 0.053125 0.1609375
0 0.71015625 0.365625 0.05 0.16171875
0 0.284375 0.3609375 0.05859375 0.1546875
0 0.50546875 0.21328125 0.05 0.15390625
1 0.79609375 0.21484375 0.04765625 0.14609375
0 0.23671875 0.3609375 0.05234375 0.16171875
0 0.63828125 0.696875 0.05546875 0.15078125
1 0.04140625 0.3625 0.0640625 0.16640625
1 0.88203125 0.21640625 0.04921875 0.146875
0 0.49921875 0.69375 0.05234375 0.15
1 0.79765625 0.36640625 0.05 0.1578125
1 0.9203125 0.85078125 0.05546875 0.15625
0 0.19765625 0.36171875 0.05078125 0.1625
0 0.59296875 0.209375 0.06328125 0.1578125
0 0.46171875 0.21328125 0.04453125 0.153125
1 0.96953125 0.85 0.053125 0.1578125
0 0.4609375 0.36875 0.0484375 0.16796875
0 0.19453125 0.20703125 0.04375 0.15234375
0 0.23125 0.20625 0.05 0.1546875
1 0.96875 0.6953125 0.0515625 0.15390625
1 0.584375 0.365625 0.0515625 0.1515625
1 0.921875 0.215625 0.05 0.14765625
1 0.10390625 0.3640625 0.0640625 0.16875
1 0.96953125 0.2171875 0.05078125 0.15078125
0 0.28203125 0.2078125 0.0484375 0.15234375
1 0.0375 0.859375 0.0671875 0.16484375
1 0.92265625 0.36640625 0.04921875 0.15859375
0 0.45625 0.8546875 0.05703125 0.17109375
1 0.92265625 0.6984375 0.053125 0.1546875
1 0.971875 0.36953125 0.0484375 0.1625
1 0.10390625 0.20546875 0.06171875 0.15859375
1 0.67578125 0.70234375 0.0484375 0.15
0 0.28046875 0.69609375 0.05234375 0.1515625
0 0.709375 0.859375 0.05546875 0.16875
0 0.284375 0.85546875 0.05625 0.16484375
0 0.66796875 0.86171875 0.0546875 0.16796875
1 0.2046875 0.69609375 0.0609375 0.15703125
1 0.15078125 0.8546875 0.04921875 0.1578125
1 0.03984375 0.20078125 0.06171875 0.16484375
1 0.45546875 0.7 0.05703125 0.1484375
1 0.628125 0.8515625 0.05078125 0.153125
0 0.2265625 0.7 0.0625 0.15625
0 0.10390625 0.8515625 0.06484375 0.16015625
1 0.03984375 0.69140625 0.065625 0.1734375