1 0.86328125 0.8671875 0.06875 0.1609375
1 0.56796875 0.8578125 0.0640625 0.1625
1 0.778125 0.865625 0.0671875 0.165625
1 0.7015625 0.70859375 0.0625 0.153125
0 0.78671875 0.7109375 0.0640625 0.15
1 0.8734375 0.71171875 0.0625 0.1546875
0 0.8265625 0.86015625 0.0640625 0.1609375
1 0.5625 0.21328125 0.0609375 0.15625
0 0.7390625 0.8609375 0.06875 0.165625
1 0.55390625 0.36796875 0.0578125 0.1578125
1 0.63984375 0.37109375 0.0609375 0.1546875
1 0.72578125 0.22734375 0.05625 0.15
0 0.68515625 0.2234375 0.0609375 0.153125
0 0.7484375 0.71328125 0.065625 0.153125
1 0.48671875 0.85703125 0.0671875 0.1734375
0 0.52890625 0.85078125 0.065625 0.171875
0 0.7171875 0.37578125 0.0609375 0.1640625
1 0.0984375 0.66953125 0.078125 0.175
0 0.6796875 0.37421875 0.0578125 0.159375
0 0.53515625 0.696875 0.0625 0.1578125
1 0.890625 0.3828125 0.059375 0.159375
0 0.18203125 0.840625 0.0671875 0.1625
1 0.77265625 0.228125 0.05625 0.1484375
0 0.76640625 0.37734375 0.0625 0.1640625
0 0.1453125 0.678125 0.0609375 0.1625
1 0.89765625 0.2359375 0.05625 0.15
0 0.15546875 0.346875 0.0609375 0.16875
1 0.80390625 0.378125 0.059375 0.1578125
1 0.81171875 0.23046875 0.05625 0.1484375
1 0.85234375 0.38203125 0.059375 0.1578125
0 0.20703125 0.3484375 0.059375 0.165625
1 0.86015625 0.23125 0.0578125 0.15
0 0.57890625 0.69921875 0.065625 0.15625
0 0.24609375 0.34921875 0.059375 0.165625
0 0.5125 0.36875 0.0625 0.1640625
0 0.5203125 0.2140625 0.059375 0.15625
0 0.6078125 0.2140625 0.0671875 0.1578125
0 0.29453125 0.35 0.0671875 0.1578125
1 0.95234375 0.871875 0.0640625 0.1609375
0 0.16796875 0.1921875 0.0515625 0.1546875
1 0.83359375 0.71484375 0.0625 0.1515625
1 0.5921875 0.3703125 0.0578125 0.153125
0 0.43984375 0.853125 0.0640625 0.1765625
1 0.940625 0.2421875 0.059375 0.1546875
0 0.628125 0.7078125 0.0671875 0.1546875
1 0.1359375 0.8359375 0.0609375 0.159375
0 0.21328125 0.18828125 0.05 0.15
1 0.959375 0.71796875 0.0625 0.1578125
0 0.25078125 0.19453125 0.0546875 0.15625
0 0.4703125 0.36640625 0.0546875 0.165625
1 0.975 0.39375 0.05 0.165625
1 0.978125 0.23828125 0.04375 0.1515625
1 0.9046875 0.8625 0.065625 0.159375
1 0.66328125 0.7109375 0.059375 0.15
1 0.0515625 0.3421875 0.071875 0.1671875
1 0.92734375 0.38671875 0.059375 0.1609375
0 0.47890625 0.21328125 0.0515625 0.153125
0 0.68671875 0.8703125 0.0765625 0.178125
1 0.03046875 0.834375 0.0609375 0.165625
1 0.1125 0.34453125 0.071875 0.1703125
1 0.121875 0.1875 0.06875 0.1609375
0 0.2734375 0.68359375 0.0625 0.1546875
0 0.3 0.1984375 0.0546875 0.1546875
1 0.91328125 0.71875 0.0625 0.15625
0 0.4921875 0.6921875 0.059375 0.1640625
1 0.19609375 0.68046875 0.06875 0.159375
0 0.22421875 0.68203125 0.0625 0.1578125
1 0.65078125 0.8625 0.06875 0.165625
0 0.26640625 0.84453125 0.0640625 0.165625
1 0.22265625 0.84296875 0.05625 0.1640625
0 0.0890625 0.83203125 0.075 0.165625
1 0.61015625 0.85703125 0.059375 0.15625
1 0.05859375 0.18125 0.06875 0.165625
1 0.03515625 0.66484375 0.0703125 0.1828125
1 0.44921875 0.69375 0.0625 0.1625
1 0.646875 0.22421875 0.0484375 0.15625