1 0.4984375 0.2125 0.059375 0.1359375
1 0.45859375 0.21796875 0.0625 0.1375
0 0.48515625 0.81953125 0.075 0.159375
1 0.53203125 0.81484375 0.0671875 0.15625
1 0.40703125 0.8296875 0.065625 0.1515625
1 0.1890625 0.409375 0.0671875 0.1515625
1 0.34765625 0.68359375 0.0671875 0.1546875
0 0.171875 0.265625 0.06875 0.1453125
1 0.4140625 0.22578125 0.0625 0.140625
1 0.26953125 0.4015625 0.0640625 0.1546875
0 0.26328125 0.69375 0.0671875 0.15
0 0.33125 0.2359375 0.065625 0.14375
1 0.38828125 0.67421875 0.0640625 0.1609375
1 0.22890625 0.40703125 0.0671875 0.15625
0 0.76640625 0.63203125 0.0671875 0.1546875
1 0.37421875 0.23046875 0.0640625 0.1421875
0 0.30859375 0.6859375 0.06875 0.1515625
0 0.25625 0.25234375 0.0671875 0.1453125
0 0.365625 0.83203125 0.06875 0.1546875
1 0.85546875 0.76640625 0.06875 0.1546875
1 0.81796875 0.77265625 0.0671875 0.15625
1 0.5578125 0.359375 0.0671875 0.1515625
1 0.29296875 0.24375 0.0640625 0.14375
0 0.428125 0.66640625 0.0734375 0.1640625
1 0.775 0.778125 0.065625 0.159375
1 0.2109375 0.2546875 0.0625 0.1421875
0 0.55390625 0.65234375 0.06875 0.153125
1 0.59296875 0.646875 0.0640625 0.1484375
0 0.34921875 0.38671875 0.06875 0.15625
0 0.57578125 0.809375 0.071875 0.1625
0 0.471875 0.365625 0.06875 0.1546875
0 0.61328125 0.80234375 0.0703125 0.1625
0 0.3125 0.38984375 0.065625 0.15
0 0.14609375 0.41484375 0.065625 0.1546875
0 0.59765625 0.3515625 0.065625 0.1546875
0 0.63046875 0.64296875 0.06875 0.15625
0 0.53828125 0.21328125 0.0625 0.1421875
1 0.4421875 0.82578125 0.059375 0.153125
0 0.6421875 0.3515625 0.065625 0.1578125
0 0.6234375 0.19921875 0.065625 0.1453125
0 0.58203125 0.20703125 0.0640625 0.146875
1 0.22421875 0.69765625 0.0640625 0.15
1 0.83671875 0.621875 0.0640625 0.1484375
0 0.50703125 0.6609375 0.065625 0.1578125
0 0.67578125 0.63671875 0.0671875 0.1515625
0 0.7078125 0.19140625 0.0640625 0.146875
0 0.46953125 0.66171875 0.0671875 0.159375
0 0.32578125 0.83984375 0.065625 0.15625
0 0.73828125 0.784375 0.0640625 0.1578125
0 0.39609375 0.37890625 0.065625 0.1484375
0 0.6546875 0.79375 0.071875 0.1625
0 0.2796875 0.84140625 0.065625 0.1546875
0 0.2 0.853125 0.0609375 0.15625
0 0.52109375 0.3640625 0.06875 0.1546875
0 0.68203125 0.34453125 0.0703125 0.165625
0 0.1796875 0.70078125 0.0671875 0.159375
1 0.434375 0.37265625 0.0625 0.15
0 0.66171875 0.19453125 0.0640625 0.14375
0 0.24140625 0.8453125 0.0640625 0.153125
0 0.7015625 0.79140625 0.06875 0.159375
0 0.7328125 0.34140625 0.065625 0.1578125
0 0.7203125 0.634375 0.065625 0.1453125
1 0.8015625 0.6234375 0.0625 0.15
1 0.1265625 0.27109375 0.059375 0.1421875