0 0.43203125 0.0765625 0.0796875 0.15
0 0.17734375 0.0984375 0.0859375 0.1484375
1 0.24140625 0.09296875 0.08125 0.1484375
0 0.30546875 0.0875 0.08125 0.1484375
0 0.36875 0.0828125 0.0765625 0.15
0 0.121875 0.28515625 0.1 0.2359375
0 0.56171875 0.0703125 0.0765625 0.140625
0 0.31875 0.2765625 0.09375 0.240625
1 0.38515625 0.27109375 0.090625 0.2375
0 0.51484375 0.26328125 0.09375 0.2421875
0 0.16640625 0.8 0.096875 0.275
0 0.4484375 0.265625 0.0875 0.2390625
0 0.2515625 0.2828125 0.0890625 0.2390625
1 0.49765625 0.0734375 0.0828125 0.146875
0 0.646875 0.2578125 0.0859375 0.215625
0 0.7578125 0.06328125 0.084375 0.1265625
0 0.29375 0.778125 0.09375 0.2515625
0 0.690625 0.06484375 0.084375 0.1296875
0 0.55625 0.76796875 0.096875 0.265625
0 0.71015625 0.2484375 0.09375 0.225
0 0.8875 0.0578125 0.0875 0.115625
0 0.8390625 0.2359375 0.1 0.225
0 0.428125 0.7703125 0.0953125 0.2546875
0 0.58046875 0.26015625 0.0890625 0.2265625
0 0.68515625 0.759375 0.096875 0.265625
0 0.81640625 0.7453125 0.103125 0.25625
0 0.95703125 0.22734375 0.059375 0.221875
0 0.953125 0.76171875 0.09375 0.2546875
0 0.1125 0.09765625 0.065625 0.1359375
0 0.18828125 0.2765625 0.06875 0.2328125
0 0.62578125 0.0671875 0.0703125 0.134375
0 0.821875 0.0640625 0.06875 0.128125
0 0.9375 0.05703125 0.053125 0.1140625
0 0.775 0.24296875 0.071875 0.2328125
0 0.90390625 0.22890625 0.084375 0.2515625
0 0.2296875 0.78515625 0.06875 0.2421875
0 0.3625 0.7671875 0.0890625 0.2421875
0 0.49296875 0.7609375 0.0765625 0.240625
0 0.62109375 0.75234375 0.084375 0.253125
0 0.75078125 0.746875 0.0828125 0.246875
0 0.88125 0.7421875 0.08125 0.253125