0 0.34140625 0.21015625 0.040625 0.1125
1 0.75625 0.55390625 0.0421875 0.121875
0 0.7171875 0.2 0.04375 0.1109375
0 0.44609375 0.5578125 0.0421875 0.121875
1 0.78203125 0.19765625 0.040625 0.1140625
0 0.34453125 0.44375 0.04375 0.1109375
0 0.790625 0.5515625 0.04375 0.1171875
1 0.309375 0.44765625 0.0390625 0.10625
0 0.55 0.4421875 0.040625 0.1046875
1 0.584375 0.55703125 0.0421875 0.11875
1 0.21171875 0.44921875 0.0390625 0.1046875
1 0.12578125 0.94140625 0.0578125 0.1171875
0 0.6890625 0.559375 0.0390625 0.11875
1 0.653125 0.559375 0.04375 0.11875
1 0.6796875 0.203125 0.04375 0.1109375
0 0.21171875 0.56328125 0.040625 0.1234375
1 0.3515625 0.940625 0.046875 0.11875
0 0.45 0.81875 0.0390625 0.11875
1 0.478125 0.5609375 0.04375 0.1203125
0 0.61875 0.815625 0.0421875 0.1265625
1 0.278125 0.44765625 0.040625 0.1078125
0 0.8609375 0.19765625 0.05 0.1171875
1 0.9625 0.55 0.04375 0.121875
1 0.82109375 0.5546875 0.040625 0.1203125
1 0.5125 0.44375 0.0390625 0.10625
1 0.0765625 0.45390625 0.0390625 0.109375
0 0.4140625 0.56171875 0.04375 0.125
1 0.48203125 0.44296875 0.040625 0.1078125
1 0.4796875 0.20625 0.040625 0.1078125
1 0.81328125 0.01796875 0.0359375 0.0359375
1 0.79375 0.81640625 0.0390625 0.121875
0 0.86015625 0.5546875 0.0453125 0.121875
1 0.7203125 0.55625 0.0421875 0.1234375
0 0.55078125 0.55703125 0.0421875 0.121875
1 0.68984375 0.81875 0.0390625 0.1265625
0 0.72265625 0.81328125 0.0421875 0.125
0 0.6515625 0.44375 0.0453125 0.109375
0 0.44609375 0.4421875 0.0421875 0.1140625
0 0.35 0.821875 0.040625 0.1234375
0 0.24296875 0.446875 0.0375 0.1046875
0 0.61875 0.5578125 0.040625 0.11875
0 0.16796875 0.94140625 0.0546875 0.1171875
0 0.58203125 0.20625 0.0390625 0.1125
0 0.3125 0.5640625 0.04375 0.125
0 0.4421875 0.2078125 0.0390625 0.109375
1 0.853125 0.4359375 0.040625 0.115625
1 0.9640625 0.81328125 0.0359375 0.121875
1 0.8890625 0.43125 0.040625 0.1171875
1 0.91640625 0.015625 0.0359375 0.03125
1 0.11171875 0.5671875 0.040625 0.121875
0 0.3140625 0.94140625 0.04375 0.1171875
1 0.8171875 0.19765625 0.0375 0.1125
0 0.68515625 0.4421875 0.040625 0.1046875
0 0.6578125 0.815625 0.040625 0.125
0 0.728125 0.9359375 0.0421875 0.1171875
1 0.6140625 0.44375 0.040625 0.109375
1 0.309375 0.2109375 0.040625 0.1109375
1 0.38515625 0.82265625 0.040625 0.125
1 0.96171875 0.43046875 0.0421875 0.1140625
0 0.7609375 0.8125 0.040625 0.1234375
1 0.91875 0.19921875 0.0390625 0.1109375
0 0.89921875 0.81640625 0.040625 0.115625
0 0.34453125 0.5625 0.0421875 0.1234375
0 0.7484375 0.01796875 0.0375 0.0359375
0 0.17734375 0.45 0.0453125 0.10625
1 0.86328125 0.81796875 0.0390625 0.1203125
0 0.04140625 0.4515625 0.0390625 0.1125
0 0.375 0.5625 0.040625 0.1234375
0 0.765625 0.934375 0.046875 0.1171875
0 0.5109375 0.20625 0.040625 0.1078125
0 0.2390625 0.21171875 0.040625 0.1140625
1 0.71953125 0.440625 0.040625 0.1078125
1 0.778125 0.01796875 0.034375 0.0359375
0 0.7515625 0.203125 0.0390625 0.1109375
1 0.14140625 0.03046875 0.0359375 0.0484375
0 0.41953125 0.82109375 0.0375 0.1234375
1 0.3125 0.8265625 0.0390625 0.121875
1 0.6125 0.20546875 0.040625 0.1140625
0 0.3890625 0.9421875 0.046875 0.115625
0 0.2390625 0.02734375 0.0390625 0.0453125
0 0.37265625 0.209375 0.0390625 0.1109375
0 0.415625 0.43984375 0.040625 0.115625
1 0.54765625 0.2046875 0.040625 0.1109375
0 0.646875 0.20625 0.04375 0.1140625
0 0.071875 0.5671875 0.04375 0.1234375
1 0.04140625 0.03125 0.034375 0.046875
0 0.2765625 0.21328125 0.0390625 0.1125
1 0.2703125 0.0265625 0.034375 0.0453125
0 0.865625 0.01640625 0.0625 0.0328125
0 0.515625 0.55625 0.0390625 0.1265625
0 0.4796875 0.8265625 0.0375 0.11875
0 0.06328125 0.94296875 0.0640625 0.1140625
0 0.2796875 0.82421875 0.0421875 0.121875
0 0.92109375 0.4328125 0.040625 0.1140625
0 0.27265625 0.5640625 0.0421875 0.125
1 0.83125 0.93515625 0.0390625 0.1140625
1 0.37421875 0.025 0.0359375 0.0453125
1 0.41171875 0.20546875 0.0390625 0.115625
1 0.95625 0.19921875 0.040625 0.115625
0 0.86171875 0.9359375 0.040625 0.115625
1 0.409375 0.025 0.0375 0.046875
0 0.24609375 0.9421875 0.0421875 0.115625
0 0.20703125 0.2125 0.040625 0.115625
0 0.10703125 0.21484375 0.040625 0.1109375
0 0.01484375 0.44765625 0.0296875 0.1140625
0 0.62109375 0.9359375 0.0390625 0.1171875
0 0.1140625 0.82421875 0.0421875 0.115625
1 0.6890625 0.9359375 0.04375 0.1171875
1 0.54375 0.02265625 0.0375 0.0453125
0 0.24609375 0.825 0.0390625 0.121875
0 0.278125 0.94375 0.04375 0.1125
0 0.17578125 0.56171875 0.0375 0.125
0 0.21640625 0.9421875 0.0421875 0.115625
0 0.14609375 0.565625 0.0375 0.121875
0 0.8984375 0.93046875 0.0390625 0.11875
0 0.303125 0.02578125 0.0375 0.0453125
1 0.44140625 0.02421875 0.0359375 0.046875
1 0.9703125 0.9296875 0.0390625 0.11875
0 0.03828125 0.56875 0.040625 0.125
1 0.14375 0.21484375 0.040625 0.109375
0 0.89921875 0.553125 0.0484375 0.128125
1 0.609375 0.02109375 0.0375 0.0421875
0 0.58359375 0.44375 0.0421875 0.1078125
0 0.07265625 0.82265625 0.040625 0.1203125
0 0.575 0.021875 0.0375 0.04375
0 0.24296875 0.5640625 0.0359375 0.121875
0 0.17578125 0.2140625 0.0359375 0.1109375
1 0.94765625 0.01484375 0.0359375 0.0296875
0 0.21484375 0.8234375 0.0421875 0.1234375
0 0.79765625 0.9375 0.0375 0.1140625
0 0.171875 0.82578125 0.040625 0.1203125
1 0.7140625 0.01875 0.0375 0.0375
1 0.64609375 0.02109375 0.0359375 0.0421875
0 0.33828125 0.02578125 0.0390625 0.0453125
0 0.92890625 0.93046875 0.0390625 0.11875
0 0.828125 0.8171875 0.0375 0.11875
1 0.1125 0.4515625 0.0390625 0.1046875
0 0.1703125 0.028125 0.034375 0.0453125
0 0.58671875 0.94140625 0.0375 0.1140625
0 0.07265625 0.2171875 0.0359375 0.115625
0 0.56015625 0.94375 0.04375 0.1109375
1 0.5875 0.8234375 0.0375 0.1265625
1 0.5078125 0.02421875 0.0375 0.0484375
0 0.75625 0.4359375 0.04375 0.1125
0 0.14296875 0.44765625 0.0359375 0.109375
0 0.4546875 0.9390625 0.040625 0.1171875
0 0.421875 0.9421875 0.040625 0.115625
0 0.01875 0.834375 0.028125 0.1203125
1 0.68046875 0.0203125 0.0359375 0.040625
0 0.7875 0.4359375 0.0453125 0.1125
1 0.14296875 0.82578125 0.03125 0.115625
0 0.0984375 0.0296875 0.0390625 0.0453125
0 0.659375 0.93671875 0.0390625 0.115625
0 0.9296875 0.81640625 0.0359375 0.11875
0 0.81875 0.4359375 0.0390625 0.1125
0 0.01171875 0.03125 0.0234375 0.046875
1 0.37421875 0.4453125 0.0375 0.1140625
1 0.484375 0.9390625 0.0453125 0.1171875
0 0.046875 0.825 0.034375 0.11875
0 0.0234375 0.94453125 0.034375 0.1109375
1 0.98203125 0.19296875 0.0265625 0.109375
1 0.4765625 0.0234375 0.0375 0.046875
0 0.01171875 0.5671875 0.0234375 0.1234375
0 0.990625 0.80625 0.01875 0.128125
0 0.0671875 0.03046875 0.03125 0.0453125
1 0.98828125 0.54921875 0.0234375 0.1203125
1 0.04453125 0.21953125 0.0375 0.1140625
0 0.0140625 0.2140625 0.028125 0.1125
0 0.99140625 0.92578125 0.0171875 0.1203125
0 0.9890625 0.43125 0.021875 0.115625
1 0.928125 0.55 0.0375 0.1234375
0 0.20625 0.028125 0.0375 0.046875
1 0.5171875 0.8265625 0.03125 0.1203125
1 0.978125 0.01328125 0.025 0.0265625
0 0.1109375 0.0296875 0.028125 0.0453125