1 0.809375 0.83515625 0.0625 0.1640625
1 0.89375 0.83671875 0.0625 0.159375
1 0.59765625 0.85234375 0.059375 0.1640625
1 0.85078125 0.684375 0.0578125 0.1546875
1 0.7171875 0.68984375 0.059375 0.1515625
0 0.2125 0.86640625 0.059375 0.1640625
0 0.6578125 0.2109375 0.0609375 0.153125
0 0.85625 0.83203125 0.059375 0.159375
1 0.62265625 0.36015625 0.059375 0.15625
0 0.8046875 0.68671875 0.0609375 0.15
1 0.53671875 0.20859375 0.0578125 0.15625
0 0.7640625 0.69140625 0.0640625 0.1546875
1 0.540625 0.3671875 0.05625 0.1609375
0 0.55703125 0.8484375 0.059375 0.1734375
1 0.69921875 0.20859375 0.0546875 0.15
1 0.83828125 0.35390625 0.0546875 0.1578125
0 0.76875 0.83984375 0.0625 0.1625
1 0.51640625 0.85703125 0.0609375 0.171875
0 0.553125 0.69296875 0.059375 0.1515625
1 0.8890625 0.68125 0.0578125 0.153125
1 0.746875 0.20546875 0.053125 0.1484375
0 0.5953125 0.69296875 0.0609375 0.1515625
0 0.66875 0.359375 0.0546875 0.159375
1 0.11171875 0.70546875 0.071875 0.16875
1 0.878125 0.35546875 0.0546875 0.1578125
0 0.159375 0.70859375 0.05625 0.159375
1 0.25078125 0.86484375 0.053125 0.1625
1 0.83359375 0.20546875 0.053125 0.15
0 0.14140625 0.375 0.0578125 0.1671875
0 0.49921875 0.36796875 0.0609375 0.1640625
0 0.140625 0.2203125 0.05 0.1578125
0 0.75234375 0.35625 0.059375 0.1625
0 0.70546875 0.35859375 0.05625 0.1640625
0 0.2796875 0.36875 0.0640625 0.15625
0 0.4953125 0.21328125 0.0546875 0.15625
1 0.7859375 0.2046875 0.053125 0.1484375
0 0.23203125 0.3703125 0.0578125 0.1640625
0 0.6453125 0.6921875 0.0609375 0.153125
1 0.03671875 0.37890625 0.0703125 0.16875
1 0.871875 0.203125 0.0546875 0.1484375
0 0.50625 0.69375 0.0578125 0.1515625
1 0.79296875 0.35625 0.05625 0.159375
1 0.93203125 0.8359375 0.0609375 0.1578125
0 0.19296875 0.37265625 0.05625 0.1640625
0 0.5828125 0.20625 0.06875 0.159375
0 0.4515625 0.21484375 0.05 0.1546875
1 0.97578125 0.8328125 0.0484375 0.159375
0 0.45625 0.3703125 0.0546875 0.1703125
0 0.184375 0.21796875 0.0484375 0.153125
0 0.22109375 0.215625 0.0546875 0.15625
1 0.9734375 0.678125 0.053125 0.15625
1 0.5796875 0.3625 0.05625 0.153125
1 0.91171875 0.20078125 0.0546875 0.15
1 0.09921875 0.378125 0.0703125 0.1703125
1 0.959375 0.20078125 0.05625 0.153125
0 0.271875 0.215625 0.053125 0.1546875
1 0.05 0.875 0.0734375 0.1671875
1 0.91796875 0.3515625 0.0546875 0.1609375
0 0.46875 0.85625 0.0625 0.1734375
1 0.9296875 0.68359375 0.0578125 0.15625
1 0.9671875 0.353125 0.0546875 0.1640625
1 0.09375 0.21953125 0.0671875 0.1609375
1 0.6828125 0.69609375 0.053125 0.1515625
0 0.2875 0.70390625 0.0578125 0.153125
0 0.721875 0.8515625 0.0609375 0.1703125
0 0.296875 0.8625 0.0625 0.1671875
0 0.68046875 0.85546875 0.0609375 0.1703125
1 0.21171875 0.70625 0.065625 0.159375
1 0.16328125 0.86640625 0.0546875 0.159375
1 0.03125 0.21640625 0.0625 0.1671875
1 0.4625 0.7015625 0.0625 0.15
1 0.640625 0.846875 0.05625 0.1546875
0 0.23359375 0.709375 0.0671875 0.1578125
0 0.11640625 0.86484375 0.0703125 0.1625
1 0.046875 0.70703125 0.071875 0.175