1 0.61796875 0.08359375 0.0984375 0.15
0 0.55 0.0734375 0.09375 0.146875
0 0.3 0.05 0.09375 0.1
0 0.49140625 0.0671875 0.0953125 0.134375
1 0.3671875 0.05546875 0.09375 0.1109375
0 0.425 0.06171875 0.096875 0.1234375
0 0.3875 0.23515625 0.1203125 0.25625
0 0.67578125 0.09375 0.09375 0.1484375
0 0.2296875 0.0421875 0.1 0.084375
0 0.58125 0.2734375 0.11875 0.2578125
0 0.7421875 0.11171875 0.096875 0.15625
0 0.5140625 0.26171875 0.115625 0.25
0 0.19140625 0.18828125 0.121875 0.2421875
0 0.81328125 0.11875 0.096875 0.1515625
0 0.26484375 0.20703125 0.109375 0.2453125
0 0.45546875 0.2484375 0.1171875 0.25625
0 0.87421875 0.13046875 0.0984375 0.153125
0 0.328125 0.2203125 0.1140625 0.25
0 0.97734375 0.1546875 0.0453125 0.15625
0 0.78046875 0.3203125 0.10625 0.23125
0 0.94375 0.14765625 0.096875 0.15625
0 0.9578125 0.35390625 0.084375 0.2328125
0 0.8453125 0.315625 0.1140625 0.2328125
0 0.5515625 0.78828125 0.115625 0.26875
0 0.65234375 0.2859375 0.115625 0.2484375
0 0.49296875 0.778125 0.11875 0.2671875
0 0.0984375 0.703125 0.125 0.28125
0 0.90859375 0.3375 0.1140625 0.23125
0 0.3671875 0.746875 0.1203125 0.2671875
0 0.2953125 0.73359375 0.121875 0.2640625
0 0.7125 0.2984375 0.10625 0.240625
0 0.16875 0.7125 0.11875 0.2671875
0 0.42734375 0.76328125 0.115625 0.2671875
0 0.234375 0.72265625 0.115625 0.2625
0 0.6203125 0.8046875 0.115625 0.26875
0 0.68828125 0.8140625 0.1125 0.2578125
0 0.7484375 0.828125 0.1171875 0.2609375
0 0.81953125 0.85234375 0.128125 0.271875
0 0.89609375 0.8640625 0.1359375 0.271875