1 0.62734375 0.10234375 0.0765625 0.18984375
1 0.41171875 0.10078125 0.0796875 0.1859375
0 0.55625 0.29296875 0.071875 0.1828125
1 0.55859375 0.10234375 0.07421875 0.18515625
0 0.30234375 0.29375 0.05390625 0.18671875
0 0.6328125 0.284375 0.07265625 0.18359375
1 0.48828125 0.103125 0.078125 0.18125
0 0.44609375 0.70546875 0.0546875 0.1796875
0 0.4796875 0.29375 0.0765625 0.18671875
0 0.41015625 0.29140625 0.06953125 0.18671875
1 0.35 0.28828125 0.0578125 0.184375
1 0.25078125 0.1 0.05859375 0.1875
1 0.74296875 0.2921875 0.05546875 0.1890625
1 0.30390625 0.10078125 0.05703125 0.18828125
1 0.30546875 0.7078125 0.059375 0.18046875
1 0.10703125 0.71015625 0.05859375 0.18125
1 0.10625 0.29375 0.0578125 0.18828125
1 0.253125 0.70625 0.059375 0.18046875
1 0.6421875 0.709375 0.05625 0.18046875
1 0.34921875 0.1015625 0.05859375 0.18671875
0 0.6921875 0.10234375 0.05546875 0.1859375
1 0.1515625 0.29453125 0.0578125 0.1859375
1 0.25078125 0.89453125 0.05546875 0.18515625
1 0.6890625 0.28671875 0.053125 0.18515625
0 0.93046875 0.09765625 0.0703125 0.1875
0 0.34765625 0.8921875 0.04921875 0.18671875
1 0.15234375 0.71015625 0.059375 0.18125
1 0.053125 0.29296875 0.059375 0.190625
1 0.01875 0.69921875 0.0375 0.190625
0 0.6890625 0.71015625 0.05625 0.184375
1 0.7875 0.9 0.05078125 0.18671875
1 0.58984375 0.7125 0.05703125 0.1765625
0 0.803125 0.70859375 0.07265625 0.18984375
1 0.34765625 0.70703125 0.05625 0.17890625
1 0.153125 0.89375 0.0578125 0.18515625
1 0.303125 0.89453125 0.053125 0.18515625
1 0.20546875 0.71015625 0.05859375 0.1796875
1 0.05546875 0.709375 0.05703125 0.18203125
0 0.89140625 0.290625 0.053125 0.1796875
1 0.10390625 0.0984375 0.0609375 0.18515625
0 0.8640625 0.09375 0.0609375 0.1875
1 0.10390625 0.89375 0.065625 0.18515625
1 0.24921875 0.29375 0.05625 0.1859375
1 0.0171875 0.29375 0.034375 0.18984375
1 0.2078125 0.89453125 0.05546875 0.18671875
1 0.54453125 0.70625 0.05625 0.1765625
0 0.59140625 0.8984375 0.05078125 0.1953125
0 0.79140625 0.29375 0.05390625 0.1921875
1 0.4921875 0.70703125 0.05625 0.178125
1 0.4015625 0.70625 0.0578125 0.18046875
0 0.746875 0.71015625 0.059375 0.1875
0 0.6890625 0.9 0.05546875 0.18984375
0 0.74453125 0.9015625 0.05390625 0.1921875
0 0.7484375 0.10390625 0.05 0.18203125
0 0.015625 0.09921875 0.03125 0.1859375
1 0.15 0.09609375 0.05703125 0.1859375
1 0.203125 0.09921875 0.05625 0.18515625
1 0.01875 0.89375 0.0375 0.1890625
0 0.9375 0.284375 0.04765625 0.17265625
0 0.7984375 0.09921875 0.0578125 0.1875
1 0.05 0.096875 0.053125 0.18203125
0 0.8984375 0.70625 0.07265625 0.19921875
0 0.8953125 0.9078125 0.06953125 0.178125
1 0.2046875 0.29453125 0.05703125 0.1859375
1 0.84375 0.2890625 0.0484375 0.18671875
0 0.440625 0.89140625 0.05625 0.18984375
1 0.490625 0.896875 0.053125 0.1859375
1 0.840625 0.89609375 0.059375 0.1828125
1 0.05625 0.8921875 0.05625 0.18515625
0 0.97109375 0.90390625 0.0578125 0.18046875
1 0.54609375 0.89921875 0.05546875 0.1875
1 0.64375 0.9 0.0515625 0.18984375
1 0.3953125 0.8953125 0.053125 0.1875