1 0.76015625 0.87421875 0.075 0.1671875
1 0.84375 0.88671875 0.0734375 0.1640625
1 0.54765625 0.86171875 0.071875 0.165625
1 0.82109375 0.73125 0.0703125 0.15625
1 0.640625 0.37890625 0.0703125 0.159375
0 0.1640625 0.8234375 0.0703125 0.165625
1 0.68828125 0.71796875 0.0703125 0.1546875
0 0.77578125 0.72578125 0.071875 0.1546875
0 0.80625 0.884375 0.0703125 0.165625
0 0.69765625 0.2359375 0.0703125 0.15625
1 0.5765625 0.21640625 0.06875 0.1578125
0 0.734375 0.7265625 0.075 0.1578125
1 0.559375 0.37421875 0.0671875 0.1625
0 0.5078125 0.853125 0.071875 0.175
1 0.7390625 0.2390625 0.0640625 0.153125
1 0.85546875 0.40234375 0.0671875 0.1609375
0 0.71953125 0.8734375 0.075 0.165625
0 0.56640625 0.70390625 0.071875 0.1546875
1 0.46640625 0.8546875 0.0734375 0.1734375
0 0.68671875 0.384375 0.065625 0.1625
0 0.52578125 0.69765625 0.0703125 0.1578125
1 0.89453125 0.40859375 0.0671875 0.1609375
1 0.20234375 0.8265625 0.0640625 0.165625
1 0.86015625 0.7328125 0.06875 0.15625
1 0.78515625 0.2421875 0.0625 0.1515625
1 0.87109375 0.2546875 0.0640625 0.1515625
0 0.13359375 0.659375 0.0671875 0.1625
0 0.51875 0.36953125 0.071875 0.1671875
1 0.08671875 0.653125 0.0828125 0.1703125
0 0.7234375 0.38828125 0.0671875 0.165625
0 0.18203125 0.1734375 0.0625 0.159375
0 0.1625 0.3265625 0.06875 0.1703125
0 0.76953125 0.3921875 0.0703125 0.165625
0 0.4859375 0.696875 0.071875 0.1625
0 0.3 0.33984375 0.0765625 0.1609375
0 0.53515625 0.215625 0.0671875 0.1578125
1 0.909375 0.25703125 0.0640625 0.1515625
1 0.81015625 0.39765625 0.0671875 0.1625
0 0.6171875 0.71015625 0.071875 0.15625
0 0.25234375 0.33515625 0.06875 0.1671875
1 0.93046875 0.89609375 0.071875 0.1625
1 0.88125 0.89140625 0.0734375 0.1625
1 0.8234375 0.2484375 0.0640625 0.1515625
0 0.4921875 0.2109375 0.0609375 0.15625
0 0.21328125 0.32890625 0.0671875 0.16875
0 0.47578125 0.3625 0.065625 0.175
0 0.42109375 0.85 0.0703125 0.171875
0 0.2640625 0.1796875 0.065625 0.159375
0 0.2265625 0.178125 0.059375 0.15625
0 0.62265625 0.21953125 0.0765625 0.1609375
1 0.95078125 0.259375 0.065625 0.1546875
1 0.59765625 0.375 0.0671875 0.15625
1 0.946875 0.7421875 0.06875 0.159375
1 0.05859375 0.31640625 0.0796875 0.171875
1 0.021875 0.80859375 0.04375 0.1703125
1 0.934375 0.41015625 0.065625 0.1625
1 0.98203125 0.26328125 0.0359375 0.1546875
1 0.975 0.41875 0.05 0.165625
1 0.1203125 0.3234375 0.08125 0.175
0 0.3140625 0.18671875 0.0640625 0.15625
1 0.9 0.740625 0.0703125 0.159375
1 0.65078125 0.72109375 0.0671875 0.1515625
0 0.2609375 0.67109375 0.065625 0.15625
0 0.67109375 0.878125 0.0734375 0.171875
1 0.13671875 0.16640625 0.0765625 0.1640625
1 0.18359375 0.6640625 0.071875 0.1625
0 0.24765625 0.83125 0.071875 0.16875
1 0.07421875 0.15625 0.078125 0.1703125
0 0.2109375 0.6671875 0.0734375 0.1609375
1 0.115625 0.8171875 0.065625 0.1625
0 0.62890625 0.87734375 0.0734375 0.1734375
1 0.590625 0.8625 0.06875 0.1578125
1 0.03125 0.64296875 0.0625 0.1765625
1 0.4359375 0.690625 0.075 0.159375
1 0.06875 0.8140625 0.0828125 0.1640625
0 0.40546875 0.85 0.0546875 0.16875