1 0.79375 0.92109375 0.09375 0.1578125
1 0.66171875 0.73984375 0.0875 0.1578125
1 0.71015625 0.91015625 0.0953125 0.171875
1 0.7921875 0.76875 0.0875 0.1609375
0 0.74609375 0.7578125 0.0890625 0.1578125
0 0.76015625 0.9125 0.0890625 0.1671875
0 0.72734375 0.2640625 0.0875 0.1578125
1 0.57578125 0.38046875 0.0828125 0.1625
1 0.61171875 0.2296875 0.084375 0.159375
1 0.5046875 0.865625 0.0875 0.1671875
1 0.76875 0.271875 0.0828125 0.15625
1 0.86484375 0.44609375 0.0859375 0.1640625
0 0.696875 0.4078125 0.084375 0.1640625
1 0.66015625 0.39921875 0.0859375 0.159375
0 0.128125 0.7796875 0.090625 0.1671875
1 0.83046875 0.77421875 0.0890625 0.1609375
0 0.11796875 0.61953125 0.0890625 0.16875
0 0.7359375 0.4171875 0.0875 0.16875
1 0.90234375 0.45859375 0.084375 0.1640625
0 0.7078125 0.75 0.0890625 0.1578125
1 0.425 0.8484375 0.090625 0.178125
0 0.6734375 0.8984375 0.0921875 0.16875
1 0.815625 0.28046875 0.08125 0.1546875
1 0.89921875 0.3015625 0.0796875 0.1546875
0 0.46640625 0.8578125 0.0890625 0.178125
0 0.5015625 0.7 0.0859375 0.15625
0 0.2375 0.30078125 0.0859375 0.1703125
1 0.8203125 0.4375 0.0859375 0.1640625
0 0.78203125 0.428125 0.0875 0.16875
1 0.93671875 0.31015625 0.08125 0.153125
0 0.1875 0.28984375 0.0859375 0.1734375
0 0.534375 0.37421875 0.0890625 0.16875
1 0.87890625 0.93046875 0.0921875 0.1390625
1 0.07421875 0.6 0.1046875 0.1796875
1 0.61484375 0.38515625 0.0828125 0.1578125
0 0.5703125 0.22421875 0.0828125 0.159375
1 0.85234375 0.28984375 0.08125 0.153125
1 0.0828125 0.76875 0.0859375 0.165625
0 0.2765625 0.30859375 0.0859375 0.1703125
0 0.22578125 0.1390625 0.078125 0.1578125
0 0.65546875 0.240625 0.0921875 0.1625
1 0.83203125 0.92578125 0.0921875 0.1484375
0 0.49375 0.3640625 0.08125 0.171875
1 0.14609375 0.28046875 0.1 0.178125
1 0.9140625 0.7953125 0.0875 0.1625
0 0.37890625 0.8390625 0.0875 0.175
0 0.3078125 0.15546875 0.08125 0.1609375
0 0.59140625 0.72421875 0.0875 0.1578125
0 0.46328125 0.6890625 0.084375 0.1546875
0 0.32421875 0.31796875 0.0921875 0.165625
0 0.54296875 0.71171875 0.0875 0.1578125
0 0.271875 0.14453125 0.075 0.1546875
0 0.528125 0.215625 0.0765625 0.15625
1 0.9671875 0.315625 0.065625 0.15625
1 0.08671875 0.26640625 0.0984375 0.175
1 0.98984375 0.3265625 0.0203125 0.15625
1 0.9734375 0.478125 0.053125 0.16875
1 0.9421875 0.46484375 0.084375 0.165625
1 0.62421875 0.73203125 0.08125 0.1546875
0 0.61796875 0.89765625 0.1046875 0.1828125
1 0.1828125 0.12734375 0.09375 0.1671875
1 0.1671875 0.790625 0.0828125 0.1703125
1 0.01171875 0.74609375 0.0234375 0.1734375
1 0.86796875 0.78671875 0.0875 0.1640625
0 0.20859375 0.8015625 0.0875 0.175
0 0.35546875 0.16875 0.0796875 0.1578125
0 0.1984375 0.634375 0.0828125 0.1625
1 0.4140625 0.68359375 0.0875 0.1578125
1 0.16875 0.62734375 0.0921875 0.165625
0 0.2453125 0.64375 0.084375 0.1609375
0 0.04375 0.7546875 0.0875 0.171875
1 0.5859375 0.88515625 0.0921875 0.1734375
1 0.546875 0.871875 0.08125 0.159375
1 0.12265625 0.1046875 0.0953125 0.175
1 0.69140625 0.25703125 0.075 0.159375
1 0.03125 0.58046875 0.0625 0.1921875
0 0.6359375 0.896875 0.08125 0.1625