0 0.30703125 0.23125 0.05625 0.1171875
1 0.74375 0.1640625 0.0546875 0.1171875
1 0.50546875 0.44453125 0.0546875 0.1125
0 0.45390625 0.5640625 0.0578125 0.1265625
0 0.3390625 0.4640625 0.05625 0.115625
1 0.303125 0.471875 0.053125 0.109375
1 0.84296875 0.396875 0.053125 0.1140625
1 0.759375 0.525 0.0578125 0.13125
0 0.4890625 0.82265625 0.053125 0.1234375
0 0.5421875 0.4375 0.0546875 0.109375
1 0.18203125 0.96171875 0.0734375 0.0765625
1 0.659375 0.53984375 0.05625 0.1234375
1 0.878125 0.3890625 0.053125 0.1109375
0 0.4375 0.4484375 0.0546875 0.115625
1 0.2078125 0.484375 0.0515625 0.1078125
0 0.65625 0.79921875 0.05625 0.1296875
1 0.2734375 0.47578125 0.053125 0.1109375
0 0.67890625 0.17578125 0.05625 0.1140625
1 0.48671875 0.56171875 0.0578125 0.1265625
1 0.6421875 0.1828125 0.05625 0.1140625
1 0.590625 0.54609375 0.0546875 0.1234375
1 0.4703125 0.45 0.0546875 0.1125
0 0.42265625 0.571875 0.0578125 0.128125
1 0.275 0.2359375 0.05625 0.115625
1 0.4421875 0.2109375 0.0546875 0.1125
0 0.221875 0.59921875 0.05625 0.128125
0 0.79375 0.515625 0.0546875 0.1203125
0 0.865625 0.5109375 0.059375 0.1265625
0 0.903125 0.503125 0.0640625 0.1296875
0 0.7796875 0.9046875 0.05625 0.1203125
1 0.9859375 0.753125 0.028125 0.125
0 0.55703125 0.5515625 0.0578125 0.1265625
0 0.759375 0.7828125 0.05625 0.1296875
1 0.96640625 0.49296875 0.0578125 0.1265625
1 0.4265625 0.8375 0.05625 0.1296875
1 0.82578125 0.515625 0.0546875 0.125
0 0.23828125 0.478125 0.0515625 0.109375
0 0.64453125 0.42421875 0.053125 0.1109375
1 0.725 0.7890625 0.0515625 0.1296875
0 0.625 0.54296875 0.053125 0.121875
0 0.4078125 0.45 0.0546875 0.11875
0 0.4078125 0.21640625 0.0546875 0.1140625
1 0.5109375 0.20078125 0.05625 0.1140625
1 0.83046875 0.778125 0.0546875 0.1265625
0 0.13984375 0.490625 0.0515625 0.115625
0 0.22421875 0.95859375 0.0703125 0.0828125
1 0.60546875 0.43046875 0.053125 0.1140625
0 0.796875 0.778125 0.0546875 0.128125
0 0.1734375 0.48984375 0.05625 0.1125
0 0.69609375 0.53828125 0.053125 0.128125
0 0.54609375 0.19453125 0.053125 0.11875
0 0.69609375 0.79375 0.05625 0.128125
0 0.321875 0.58671875 0.0609375 0.13125
1 0.8796875 0.1453125 0.053125 0.1140625
0 0.6765625 0.4203125 0.053125 0.109375
1 0.478125 0.20546875 0.053125 0.1140625
1 0.21640625 0.05859375 0.040625 0.0515625
1 0.778125 0.16015625 0.0515625 0.115625
0 0.390625 0.8390625 0.0546875 0.1265625
0 0.13203125 0.96484375 0.0796875 0.0703125
1 0.359375 0.84609375 0.059375 0.128125
0 0.3375 0.22578125 0.0546875 0.1140625
1 0.8984375 0.771875 0.05 0.1234375
1 0.91484375 0.1421875 0.053125 0.1140625
0 0.184375 0.06328125 0.04375 0.0515625
0 0.61015625 0.1859375 0.05625 0.1203125
0 0.81640625 0.89921875 0.0609375 0.121875
0 0.03671875 0.50703125 0.053125 0.1171875
1 0.37734375 0.22109375 0.05625 0.115625
1 0.35 0.03984375 0.0421875 0.0515625
0 0.2046875 0.24453125 0.05625 0.1171875
0 0.35390625 0.58125 0.0578125 0.128125
1 0.384375 0.0359375 0.0421875 0.053125
0 0.68828125 0.00625 0.0421875 0.0125
0 0.3015625 0.9546875 0.05625 0.090625
1 0.3171875 0.04375 0.040625 0.05
1 0.71015625 0.4140625 0.0515625 0.1109375
0 0.45859375 0.82734375 0.0515625 0.1265625
1 0.74140625 0.909375 0.0578125 0.1203125
0 0.07109375 0.49765625 0.0515625 0.1171875
0 0.2421875 0.2421875 0.0546875 0.115625
0 0.28828125 0.59296875 0.0609375 0.1296875
0 0.91171875 0.8875 0.0546875 0.1203125
1 0.9453125 0.37734375 0.0546875 0.11875
0 0.38359375 0.57734375 0.05625 0.128125
1 0.88125 0.89140625 0.0515625 0.1171875
1 0.4859375 0.02265625 0.04375 0.0453125
1 0.0875 0.07734375 0.040625 0.0515625
0 0.24609375 0.05390625 0.04375 0.05
0 0.31953125 0.85390625 0.059375 0.1265625
0 0.521875 0.55390625 0.053125 0.1296875
0 0.7140625 0.17421875 0.0515625 0.1140625
1 0.00390625 0.090625 0.0078125 0.05
1 0.7171875 0.0046875 0.040625 0.009375
0 0.40390625 0.946875 0.0609375 0.10625
0 0.91328125 0.38125 0.053125 0.1140625
0 0.43671875 0.9453125 0.0609375 0.109375
0 0.8203125 0.1546875 0.059375 0.11875
0 0.17421875 0.25078125 0.05625 0.1203125
0 0.075 0.26484375 0.0546875 0.1140625
1 0.5734375 0.19375 0.053125 0.115625
0 0.51953125 0.82578125 0.0515625 0.1203125
0 0.33671875 0.95390625 0.0578125 0.0921875
0 0.2875 0.853125 0.053125 0.1265625
0 0.27265625 0.9578125 0.0578125 0.084375
0 0.12109375 0.6171875 0.053125 0.1296875
0 0.1859375 0.6 0.0515625 0.128125
0 0.1546875 0.86796875 0.0578125 0.1234375
0 0.08359375 0.6203125 0.0546875 0.128125
0 0.57578125 0.434375 0.0546875 0.1125
1 0.1109375 0.26015625 0.0546875 0.1140625
0 0.93515625 0.765625 0.053125 0.11875
0 0.11953125 0.871875 0.053125 0.121875
0 0.25390625 0.59453125 0.053125 0.1265625
0 0.5171875 0.02109375 0.04375 0.0421875
0 0.6734375 0.91796875 0.0546875 0.121875
0 0.11640625 0.071875 0.040625 0.05
0 0.14296875 0.25546875 0.0515625 0.1140625
0 0.28046875 0.0484375 0.04375 0.0484375
0 0.94921875 0.88203125 0.053125 0.1203125
1 0.5515625 0.01875 0.04375 0.0375
0 0.8484375 0.8984375 0.0515625 0.1171875
1 0.45 0.0265625 0.04375 0.053125
0 0.15234375 0.6109375 0.0515625 0.128125
0 0.215625 0.86171875 0.0578125 0.125
0 0.25625 0.85625 0.05625 0.1296875
0 0.015625 0.50625 0.03125 0.115625
0 0.0515625 0.62421875 0.0546875 0.1296875
1 0.653125 0.009375 0.04375 0.01875
1 0.18515625 0.8671875 0.046875 0.11875
1 0.10703125 0.49609375 0.05 0.1140625
0 0.8640625 0.7734375 0.05 0.121875
0 0.9765625 0.87421875 0.046875 0.1203125
0 0.640625 0.92734375 0.05 0.1171875
0 0.61328125 0.9328125 0.05625 0.115625
0 0.74609375 0.40625 0.0546875 0.1140625
0 0.37265625 0.94921875 0.0609375 0.1015625
1 0.41796875 0.03046875 0.0421875 0.0515625
0 0.4765625 0.94296875 0.053125 0.1140625
1 0.5859375 0.01484375 0.04375 0.0296875
0 0.06328125 0.890625 0.0421875 0.1234375
0 0.80859375 0.3984375 0.053125 0.1140625
0 0.7109375 0.9140625 0.053125 0.1203125
0 0.96796875 0.75859375 0.0484375 0.1203125
1 0.94140625 0.1375 0.0390625 0.1109375
0 0.040625 0.27109375 0.0484375 0.1171875
1 0.6265625 0.81015625 0.053125 0.128125
0 0.5078125 0.93984375 0.053125 0.1203125
0 0.015625 0.08671875 0.03125 0.0484375
1 0.36953125 0.46171875 0.053125 0.11875
0 0.77734375 0.4015625 0.0578125 0.1171875
0 0.0828125 0.9703125 0.05 0.059375
1 0.61953125 0.01171875 0.0421875 0.0234375
0 0.04296875 0.08125 0.0453125 0.0484375
0 0.090625 0.878125 0.05 0.1234375
1 0.53828125 0.93828125 0.0578125 0.1203125
1 0.9859375 0.48984375 0.028125 0.1203125
0 0.02421875 0.6265625 0.0390625 0.125
0 0.72578125 0.53046875 0.0546875 0.1359375
0 0.9765625 0.37265625 0.0359375 0.1171875
1 0.01875 0.27578125 0.0375 0.1171875
0 0.15234375 0.06796875 0.04375 0.0515625
0 0.940625 0.496875 0.05625 0.128125
1 0.55703125 0.821875 0.0453125 0.121875
1 0.8484375 0.15234375 0.04375 0.1171875
0 0.05859375 0.08046875 0.03125 0.05
0 0.928125 0.503125 0.0546875 0.13125