1 0.790625 0.846875 0.05625 0.165625
1 0.55078125 0.20703125 0.0578125 0.15625
1 0.8734375 0.853125 0.059375 0.1625
0 0.67265625 0.2140625 0.0578125 0.1546875
0 0.753125 0.7015625 0.059375 0.1515625
0 0.79375 0.69765625 0.0578125 0.15
1 0.62734375 0.3640625 0.05625 0.15625
1 0.70625 0.69765625 0.0578125 0.15
1 0.8453125 0.36875 0.0546875 0.1578125
1 0.83984375 0.6984375 0.0546875 0.1515625
1 0.54609375 0.36484375 0.05625 0.159375
1 0.49609375 0.85 0.05625 0.1703125
0 0.7515625 0.85625 0.059375 0.1703125
1 0.7984375 0.36484375 0.0546875 0.1640625
1 0.7140625 0.21640625 0.053125 0.1515625
1 0.7609375 0.21640625 0.053125 0.1515625
0 0.67421875 0.36484375 0.0546875 0.1609375
0 0.53828125 0.84453125 0.0578125 0.171875
1 0.57734375 0.85234375 0.05625 0.1640625
0 0.1546875 0.196875 0.05 0.1515625
1 0.84765625 0.21796875 0.053125 0.1484375
0 0.83671875 0.846875 0.0546875 0.1625
0 0.58359375 0.69453125 0.059375 0.1515625
1 0.03203125 0.84609375 0.0640625 0.1640625
0 0.4671875 0.2078125 0.0484375 0.153125
0 0.19296875 0.846875 0.05625 0.1640625
0 0.1484375 0.68671875 0.053125 0.159375
0 0.75859375 0.3671875 0.05625 0.1625
0 0.50859375 0.21015625 0.053125 0.1578125
0 0.5421875 0.68984375 0.0578125 0.1515625
1 0.878125 0.70078125 0.0546875 0.1515625
0 0.1484375 0.35078125 0.0546875 0.165625
1 0.91484375 0.84609375 0.05625 0.159375
1 0.10078125 0.6796875 0.0703125 0.1703125
0 0.59765625 0.2078125 0.065625 0.1546875
0 0.2859375 0.35 0.0609375 0.15625
0 0.71171875 0.36796875 0.0546875 0.1625
1 0.884375 0.36796875 0.0515625 0.1578125
0 0.49609375 0.6890625 0.05625 0.1546875
1 0.79921875 0.2171875 0.0515625 0.15
0 0.50625 0.3640625 0.0578125 0.1625
1 0.8875 0.21875 0.0515625 0.15
1 0.2296875 0.8453125 0.053125 0.1625
1 0.9609375 0.85390625 0.0546875 0.159375
0 0.4640625 0.3625 0.0515625 0.171875
0 0.634375 0.69609375 0.059375 0.153125
0 0.19921875 0.19921875 0.0453125 0.1515625
0 0.2375 0.35078125 0.05625 0.1625
0 0.1984375 0.35078125 0.053125 0.1625
0 0.44921875 0.846875 0.0640625 0.171875
1 0.03984375 0.35078125 0.0671875 0.16875
0 0.23671875 0.19765625 0.0515625 0.153125
0 0.2859375 0.1984375 0.05 0.153125
1 0.66953125 0.7015625 0.053125 0.1515625
1 0.5859375 0.3640625 0.0546875 0.1546875
0 0.27578125 0.69296875 0.0578125 0.15625
1 0.925 0.2203125 0.0546875 0.1515625
1 0.92421875 0.36953125 0.053125 0.1609375
1 0.96484375 0.7015625 0.0515625 0.1515625
1 0.97421875 0.2171875 0.05 0.153125
1 0.9734375 0.37421875 0.0515625 0.1640625
0 0.27578125 0.84765625 0.059375 0.1640625
1 0.91875 0.7015625 0.0546875 0.1515625
1 0.14453125 0.84453125 0.053125 0.1609375
1 0.1984375 0.6921875 0.0609375 0.1578125
0 0.70546875 0.8578125 0.0546875 0.171875
1 0.10546875 0.3515625 0.0640625 0.1703125
1 0.04453125 0.190625 0.065625 0.1625
1 0.10859375 0.1953125 0.0625 0.15625
1 0.03515625 0.675 0.06875 0.1859375
1 0.09765625 0.8453125 0.06875 0.1609375
0 0.66484375 0.8609375 0.059375 0.171875
1 0.61484375 0.8484375 0.0546875 0.1578125
0 0.68359375 0.86015625 0.05625 0.175
0 0.22109375 0.6890625 0.0640625 0.1578125
1 0.4515625 0.69140625 0.0609375 0.15
1 0.63515625 0.215625 0.0453125 0.1578125