0 0.48671875 0.07109375 0.0765625 0.1421875
0 0.428125 0.06796875 0.075 0.1359375
0 0.23125 0.0625 0.078125 0.125
1 0.55703125 0.071875 0.0796875 0.14375
0 0.54609375 0.265625 0.0875 0.2515625
0 0.3578125 0.06640625 0.075 0.1328125
1 0.2984375 0.0640625 0.075 0.128125
0 0.1484375 0.2359375 0.0859375 0.234375
0 0.6140625 0.0734375 0.0734375 0.140625
0 0.47890625 0.26171875 0.0796875 0.24375
0 0.6828125 0.08203125 0.0796875 0.1484375
0 0.75390625 0.0796875 0.08125 0.1453125
0 0.15703125 0.06015625 0.0796875 0.1203125
0 0.2203125 0.24296875 0.0765625 0.2375
0 0.815625 0.08671875 0.078125 0.1484375
0 0.28515625 0.25546875 0.0796875 0.246875
0 0.94765625 0.08828125 0.084375 0.1484375
0 0.67890625 0.2703125 0.08125 0.2328125
0 0.75078125 0.28359375 0.0828125 0.221875
0 0.8859375 0.08984375 0.0796875 0.15
0 0.34921875 0.25234375 0.0859375 0.2453125
0 0.8109375 0.28046875 0.0875 0.221875
0 0.94375 0.2875 0.09375 0.225
0 0.8796875 0.28203125 0.084375 0.2234375
0 0.528125 0.77734375 0.08125 0.2609375
0 0.328125 0.75859375 0.0875 0.253125
0 0.6578125 0.78203125 0.08125 0.2546875
0 0.459375 0.771875 0.084375 0.2625
0 0.196875 0.75703125 0.0859375 0.2671875
0 0.61796875 0.26640625 0.084375 0.2375
0 0.5875 0.78125 0.078125 0.2640625
0 0.26484375 0.7578125 0.0859375 0.259375
0 0.7265625 0.7828125 0.08125 0.2484375
0 0.39765625 0.76328125 0.0875 0.253125
0 0.78828125 0.790625 0.0828125 0.253125
0 0.1265625 0.7625 0.090625 0.2828125
0 0.98828125 0.08828125 0.0234375 0.1453125
0 0.86640625 0.80234375 0.0953125 0.265625
0 0.93671875 0.8265625 0.103125 0.2796875
0 0.9859375 0.28359375 0.028125 0.2234375
1 0.41875 0.25078125 0.078125 0.225