1 0.56953125 0.09453125 0.1015625 0.1890625
1 0.3578125 0.121875 0.1046875 0.19375
0 0.27578125 0.3265625 0.078125 0.19375
0 0.52734375 0.28984375 0.0953125 0.1921875
0 0.6015625 0.27109375 0.096875 0.1921875
1 0.50234375 0.10078125 0.0984375 0.19375
1 0.4328125 0.11171875 0.103125 0.190625
0 0.47578125 0.71328125 0.078125 0.1828125
0 0.4515625 0.3015625 0.1015625 0.196875
1 0.24921875 0.1359375 0.0828125 0.19375
0 0.38359375 0.309375 0.0953125 0.196875
1 0.13984375 0.76640625 0.0828125 0.1875
1 0.28359375 0.74140625 0.0828125 0.1875
1 0.32265625 0.315625 0.0828125 0.1921875
1 0.0796875 0.35234375 0.084375 0.196875
1 0.2953125 0.12890625 0.0828125 0.19375
1 0.71328125 0.26328125 0.08125 0.1953125
1 0.1984375 0.1421875 0.084375 0.1953125
1 0.334375 0.73359375 0.084375 0.1875
1 0.12578125 0.34921875 0.0828125 0.1921875
1 0.671875 0.69375 0.0828125 0.1890625
1 0.6578125 0.265625 0.078125 0.1921875
1 0.0890625 0.77421875 0.0828125 0.1875
1 0.30703125 0.91796875 0.0796875 0.1640625
1 0.0515625 0.1625 0.0875 0.1953125
0 0.71796875 0.68515625 0.08125 0.190625
1 0.03515625 0.359375 0.0703125 0.2
1 0.18359375 0.76015625 0.0828125 0.1890625
0 0.63515625 0.08828125 0.0796875 0.1765625
0 0.87109375 0.06953125 0.0953125 0.1390625
1 0.053125 0.7765625 0.0625 0.190625
0 0.40390625 0.909375 0.0734375 0.18125
1 0.84140625 0.85859375 0.0765625 0.1890625
0 0.92578125 0.65703125 0.1015625 0.2015625
1 0.2375 0.7515625 0.0828125 0.1890625
1 0.209375 0.9234375 0.08125 0.153125
1 0.01171875 0.36484375 0.0234375 0.1953125
0 0.64765625 0.8859375 0.078125 0.19375
1 0.2234375 0.33359375 0.08125 0.19375
0 0.83203125 0.6734375 0.1 0.2
1 0.975 0.6515625 0.05 0.1875
0 0.8046875 0.0734375 0.084375 0.146875
1 0.26328125 0.9203125 0.0796875 0.159375
0 0.85859375 0.24140625 0.0765625 0.1890625
1 0.61796875 0.69765625 0.08125 0.1859375
0 0.79765625 0.86640625 0.0796875 0.19375
0 0.77421875 0.67578125 0.084375 0.19375
1 0.1625 0.9265625 0.090625 0.146875
0 0.7609375 0.25703125 0.08125 0.1984375
1 0.378125 0.72890625 0.0796875 0.1859375
1 0.359375 0.91328125 0.078125 0.1734375
1 0.178125 0.34140625 0.0828125 0.19375
1 0.5734375 0.70078125 0.08125 0.184375
1 0.01796875 0.16953125 0.0359375 0.1859375
1 0.078125 0.9328125 0.0625 0.134375
0 0.74296875 0.871875 0.0796875 0.190625
1 0.096875 0.153125 0.0828125 0.19375
0 0.690625 0.0828125 0.075 0.165625
0 0.90390625 0.22890625 0.071875 0.1828125
0 0.73984375 0.078125 0.0828125 0.15625
1 0.153125 0.146875 0.0828125 0.1953125
0 0.95078125 0.85859375 0.0921875 0.1703125
0 0.4890625 0.9015625 0.096875 0.196875
1 0.52109375 0.70859375 0.0796875 0.18125
1 0.81171875 0.24609375 0.0734375 0.19375
0 0.98828125 0.8328125 0.0234375 0.190625
1 0.43125 0.72109375 0.08125 0.1859375
1 0.1140625 0.9296875 0.08125 0.140625
1 0.69921875 0.8796875 0.078125 0.1921875
1 0.89375 0.85390625 0.0796875 0.184375
0 0.5515625 0.8984375 0.0828125 0.196875
0 0.57734375 0.8984375 0.121875 0.2