0 0.415625 0.23046875 0.0625 0.15
0 0.484375 0.81953125 0.0734375 0.1640625
1 0.190625 0.41015625 0.0640625 0.1546875
0 0.265625 0.69921875 0.065625 0.153125
1 0.37578125 0.23671875 0.0640625 0.1484375
1 0.34765625 0.68515625 0.0640625 0.1546875
0 0.31015625 0.68828125 0.065625 0.1546875
0 0.36484375 0.8375 0.0671875 0.153125
0 0.553125 0.6546875 0.06875 0.1546875
0 0.14609375 0.41640625 0.065625 0.1546875
1 0.59296875 0.653125 0.0640625 0.1546875
1 0.29453125 0.25078125 0.065625 0.153125
0 0.25625 0.2546875 0.065625 0.153125
0 0.33203125 0.24375 0.0609375 0.1515625
0 0.39453125 0.37890625 0.0671875 0.15
1 0.40546875 0.82890625 0.0640625 0.1546875
1 0.38671875 0.67890625 0.0640625 0.1578125
0 0.5375 0.2140625 0.0625 0.146875
1 0.5546875 0.3578125 0.065625 0.146875
0 0.471875 0.66875 0.065625 0.15625
1 0.7796875 0.77578125 0.0625 0.1515625
1 0.21328125 0.26171875 0.065625 0.153125
1 0.8421875 0.62265625 0.0609375 0.15
1 0.81640625 0.7703125 0.0609375 0.15
0 0.715625 0.63515625 0.0640625 0.1515625
0 0.63203125 0.6484375 0.0625 0.1546875
0 0.665625 0.196875 0.0609375 0.146875
0 0.24296875 0.84296875 0.059375 0.146875
0 0.7328125 0.78046875 0.0609375 0.15
0 0.609375 0.7984375 0.0671875 0.1515625
0 0.5796875 0.21171875 0.0609375 0.146875
0 0.68046875 0.340625 0.0671875 0.1546875
0 0.43046875 0.6703125 0.0703125 0.1609375
0 0.5171875 0.36171875 0.0625 0.1484375
0 0.5078125 0.66328125 0.0625 0.153125
1 0.8015625 0.63203125 0.0578125 0.1546875
1 0.27421875 0.39921875 0.0640625 0.1578125
0 0.6234375 0.20078125 0.0609375 0.14375
0 0.65234375 0.79453125 0.065625 0.1484375
0 0.59609375 0.353125 0.0625 0.1484375
0 0.3078125 0.39296875 0.065625 0.153125
1 0.22578125 0.7015625 0.065625 0.153125
0 0.2828125 0.840625 0.0625 0.1515625
0 0.3265625 0.83515625 0.0625 0.1546875
0 0.640625 0.346875 0.0625 0.15
1 0.13203125 0.2734375 0.0609375 0.15
0 0.1703125 0.2671875 0.06875 0.1546875
1 0.86015625 0.7640625 0.0640625 0.1453125
0 0.675 0.6390625 0.0609375 0.153125
0 0.3484375 0.3875 0.0671875 0.1515625
0 0.18046875 0.7015625 0.0671875 0.1578125
1 0.446875 0.82265625 0.0578125 0.1578125
0 0.7078125 0.1953125 0.0546875 0.14375
0 0.2015625 0.85078125 0.0578125 0.140625
0 0.765625 0.634375 0.0609375 0.15
1 0.5015625 0.221875 0.0625 0.15
0 0.696875 0.78515625 0.059375 0.1484375
0 0.571875 0.80859375 0.0640625 0.153125
1 0.23125 0.40703125 0.0671875 0.15625
0 0.4703125 0.36875 0.065625 0.1484375
1 0.4546875 0.22890625 0.059375 0.146875
1 0.53046875 0.81484375 0.0703125 0.1625
1 0.43359375 0.375 0.065625 0.1484375