0 0.2796875 0.253125 0.0671875 0.11875
1 0.7078125 0.140625 0.065625 0.11875
1 0.5 0.44453125 0.0640625 0.1140625
0 0.4609375 0.56875 0.06875 0.128125
0 0.3359375 0.48125 0.0671875 0.1171875
1 0.3015625 0.4921875 0.0625 0.1109375
1 0.83046875 0.3609375 0.0640625 0.115625
1 0.76015625 0.49765625 0.06875 0.1328125
0 0.5234375 0.821875 0.065625 0.125
0 0.5359375 0.4328125 0.0640625 0.1109375
1 0.234375 0.97578125 0.084375 0.0484375
1 0.6625 0.52265625 0.0671875 0.125
1 0.86484375 0.35 0.0625 0.1125
0 0.4328125 0.45546875 0.065625 0.1171875
1 0.2078125 0.51484375 0.0609375 0.109375
0 0.68671875 0.78125 0.06875 0.13125
1 0.271875 0.5 0.0640625 0.1140625
0 0.64453125 0.15859375 0.0671875 0.115625
1 0.49296875 0.56328125 0.06875 0.128125
1 0.60859375 0.16953125 0.065625 0.1171875
1 0.5953125 0.53671875 0.065625 0.125
1 0.46484375 0.453125 0.065625 0.115625
0 0.43046875 0.5796875 0.0703125 0.13125
1 0.2484375 0.2609375 0.0671875 0.1171875
1 0.41171875 0.21875 0.065625 0.115625
0 0.23359375 0.62734375 0.06875 0.1296875
0 0.79375 0.484375 0.065625 0.121875
0 0.8640625 0.47265625 0.071875 0.128125
0 0.90078125 0.4609375 0.0765625 0.1328125
0 0.8203125 0.8734375 0.0671875 0.121875
0 0.56171875 0.5453125 0.06875 0.128125
0 0.7875 0.7546875 0.06875 0.13125
1 0.9625 0.44453125 0.0703125 0.128125
1 0.4625 0.84375 0.06875 0.13125
1 0.82578125 0.48125 0.065625 0.1265625
0 0.2375 0.50625 0.0609375 0.1109375
0 0.6359375 0.409375 0.0625 0.1125
1 0.7546875 0.7640625 0.0640625 0.13125
0 0.62890625 0.5296875 0.0640625 0.1234375
0 0.403125 0.46015625 0.0671875 0.1203125
0 0.37890625 0.22734375 0.0640625 0.115625
1 0.4796875 0.2015625 0.0671875 0.115625
1 0.85703125 0.7421875 0.065625 0.128125
0 0.140625 0.528125 0.0609375 0.115625
0 0.2765625 0.97109375 0.08125 0.0578125
1 0.59765625 0.4203125 0.0640625 0.115625
0 0.82421875 0.7453125 0.0671875 0.1296875
0 0.17421875 0.52421875 0.0671875 0.1140625
0 0.69921875 0.5171875 0.065625 0.128125
0 0.5140625 0.19140625 0.0640625 0.1203125
0 0.72578125 0.77109375 0.0671875 0.1296875
0 0.33203125 0.6046875 0.071875 0.1328125
1 0.83984375 0.1078125 0.0625 0.115625
0 0.6671875 0.40234375 0.0625 0.1109375
1 0.44765625 0.209375 0.0640625 0.115625
1 0.171875 0.090625 0.0453125 0.053125
1 0.74140625 0.1328125 0.0609375 0.115625
0 0.4265625 0.8484375 0.0671875 0.128125
0 0.1859375 0.98125 0.090625 0.0375
1 0.39609375 0.859375 0.071875 0.1296875
0 0.309375 0.24375 0.065625 0.115625
1 0.925 0.72890625 0.0625 0.125
1 0.87578125 0.10078125 0.0640625 0.115625
0 0.140625 0.0984375 0.046875 0.053125
0 0.57734375 0.1765625 0.0671875 0.121875
0 0.85625 0.86328125 0.071875 0.125
0 0.040625 0.5546875 0.0640625 0.11875
1 0.3484375 0.2359375 0.065625 0.1171875
1 0.303125 0.0578125 0.046875 0.0546875
0 0.1796875 0.27734375 0.0671875 0.1203125
0 0.36328125 0.59609375 0.0703125 0.13125
1 0.33671875 0.05078125 0.0453125 0.05625
0 0.35234375 0.96328125 0.0671875 0.0734375
1 0.27109375 0.06484375 0.04375 0.0515625
1 0.7 0.39296875 0.0625 0.1125
0 0.49296875 0.83046875 0.0640625 0.128125
1 0.7828125 0.88203125 0.06875 0.1234375
0 0.0734375 0.54296875 0.0625 0.11875
0 0.21640625 0.2703125 0.0640625 0.1171875
0 0.29921875 0.61484375 0.071875 0.13125
0 0.95 0.84296875 0.065625 0.121875
1 0.9296875 0.33125 0.065625 0.1203125
0 0.3921875 0.5890625 0.0671875 0.1296875
1 0.9203125 0.84921875 0.0625 0.11875
1 0.43515625 0.02578125 0.0484375 0.0515625
1 0.0453125 0.12265625 0.04375 0.0546875
0 0.20078125 0.0828125 0.046875 0.053125
0 0.35703125 0.8703125 0.0703125 0.128125
0 0.52734375 0.5515625 0.065625 0.13125
0 0.67890625 0.15390625 0.0625 0.115625
0 0.4515625 0.95 0.071875 0.1
0 0.8984375 0.33828125 0.0625 0.115625
0 0.484375 0.946875 0.071875 0.10625
0 0.7828125 0.12265625 0.0703125 0.1203125
0 0.14921875 0.2859375 0.0671875 0.121875
0 0.05234375 0.31015625 0.0640625 0.115625
1 0.54140625 0.1875 0.0625 0.1171875
0 0.55390625 0.821875 0.0625 0.121875
0 0.3875 0.96015625 0.06875 0.0796875
0 0.32578125 0.8734375 0.065625 0.128125
0 0.3234375 0.96796875 0.06875 0.0640625
0 0.13515625 0.65625 0.065625 0.13125
0 0.1984375 0.6328125 0.0640625 0.1296875
0 0.1953125 0.90234375 0.06875 0.125
0 0.0984375 0.6625 0.0671875 0.1296875
0 0.56875 0.4265625 0.065625 0.115625
1 0.08828125 0.30234375 0.065625 0.115625
0 0.96015625 0.71875 0.0640625 0.1203125
0 0.16015625 0.91015625 0.0640625 0.1234375
0 0.26484375 0.61953125 0.0640625 0.128125
0 0.465625 0.021875 0.046875 0.04375
0 0.715625 0.89765625 0.065625 0.1234375
0 0.0734375 0.1140625 0.04375 0.0515625
0 0.11953125 0.29375 0.0609375 0.115625
0 0.234375 0.0734375 0.046875 0.0515625
0 0.97734375 0.8328125 0.0453125 0.121875
1 0.49921875 0.01796875 0.0484375 0.0359375
0 0.88828125 0.859375 0.0625 0.11875
1 0.40078125 0.034375 0.0484375 0.05625
0 0.16640625 0.646875 0.0640625 0.1296875
0 0.2546875 0.88984375 0.06875 0.1265625
0 0.2953125 0.8796875 0.06875 0.13125
0 0.0203125 0.55859375 0.040625 0.1171875
0 0.06640625 0.67109375 0.0671875 0.1296875
1 0.22578125 0.89765625 0.0578125 0.1203125
1 0.109375 0.53671875 0.0609375 0.115625
0 0.890625 0.73359375 0.0625 0.1234375
0 0.99140625 0.821875 0.0171875 0.121875
0 0.684375 0.91015625 0.0609375 0.11875
0 0.6578125 0.91875 0.065625 0.1171875
0 0.73515625 0.38125 0.065625 0.1171875
0 0.421875 0.95390625 0.071875 0.0921875
1 0.36953125 0.04140625 0.046875 0.0546875
0 0.52265625 0.9421875 0.0640625 0.115625
1 0.534375 0.0125 0.046875 0.025
0 0.10625 0.93359375 0.0546875 0.1234375
0 0.79609375 0.36640625 0.0625 0.115625
0 0.753125 0.8890625 0.0640625 0.1203125
0 0.98125 0.7078125 0.0375 0.121875
1 0.90078125 0.09296875 0.05 0.1109375
0 0.025 0.3203125 0.05 0.11875
1 0.65859375 0.7953125 0.065625 0.1296875
0 0.5546875 0.93828125 0.0640625 0.1234375
1 0.365625 0.47578125 0.0640625 0.1203125
0 0.765625 0.3734375 0.06875 0.11875
1 0.56796875 0.0078125 0.0453125 0.015625
0 0.0125 0.13046875 0.025 0.0515625
0 0.1328125 0.91875 0.0609375 0.125
1 0.58359375 0.93203125 0.06875 0.121875
1 0.98125 0.43984375 0.0375 0.1203125
0 0.03984375 0.67578125 0.0515625 0.125
0 0.728125 0.50703125 0.0671875 0.1375
0 0.9609375 0.32421875 0.046875 0.115625
1 0.01171875 0.328125 0.0234375 0.11875
0 0.10859375 0.10625 0.0484375 0.0546875
0 0.93828125 0.4515625 0.06875 0.1296875
1 0.590625 0.8140625 0.05625 0.121875
1 0.81015625 0.1171875 0.05625 0.1171875
0 0.0171875 0.12890625 0.034375 0.0515625
0 0.92578125 0.45859375 0.0671875 0.1328125