1 0.7859375 0.9234375 0.096875 0.153125
1 0.6578125 0.74296875 0.090625 0.1578125
1 0.70234375 0.91328125 0.0984375 0.1734375
1 0.7875 0.7734375 0.0890625 0.1609375
0 0.74140625 0.7625 0.0921875 0.1578125
0 0.75234375 0.91640625 0.0921875 0.1671875
0 0.73203125 0.26796875 0.0890625 0.1578125
1 0.578125 0.38203125 0.0859375 0.1625
1 0.61640625 0.23203125 0.0875 0.159375
1 0.4984375 0.865625 0.0890625 0.1671875
1 0.77265625 0.2765625 0.084375 0.15625
1 0.86640625 0.453125 0.0875 0.1640625
0 0.6984375 0.4109375 0.0875 0.1640625
1 0.6625 0.4015625 0.0875 0.159375
0 0.1234375 0.7734375 0.09375 0.1671875
1 0.82578125 0.7796875 0.090625 0.1625
0 0.115625 0.6125 0.090625 0.16875
0 0.73671875 0.42109375 0.0890625 0.16875
1 0.903125 0.465625 0.0875 0.1640625
0 0.703125 0.75390625 0.090625 0.1578125
1 0.41875 0.846875 0.09375 0.178125
0 0.66640625 0.9015625 0.0953125 0.16875
1 0.81875 0.2859375 0.084375 0.1546875
1 0.90234375 0.30859375 0.0828125 0.1546875
0 0.46015625 0.85703125 0.090625 0.178125
0 0.4984375 0.7 0.0890625 0.15625
0 0.240625 0.29609375 0.0875 0.1703125
1 0.821875 0.44296875 0.0875 0.1640625
0 0.78359375 0.4328125 0.090625 0.16875
1 0.93984375 0.3171875 0.084375 0.153125
0 0.19140625 0.284375 0.0890625 0.175
0 0.53671875 0.375 0.0921875 0.16875
1 0.871875 0.93359375 0.09375 0.1328125
1 0.07265625 0.5921875 0.10625 0.1796875
1 0.61640625 0.3875 0.0859375 0.1578125
0 0.575 0.22578125 0.0859375 0.159375
1 0.85625 0.29609375 0.0828125 0.153125
1 0.078125 0.7609375 0.0890625 0.165625
0 0.2796875 0.3046875 0.0875 0.1703125
0 0.23203125 0.134375 0.0796875 0.1578125
0 0.659375 0.24375 0.09375 0.1625
1 0.82421875 0.928125 0.0953125 0.14375
0 0.49609375 0.3640625 0.0828125 0.171875
1 0.15 0.27421875 0.1015625 0.178125
1 0.90859375 0.80234375 0.0890625 0.1625
0 0.3734375 0.8375 0.090625 0.175
0 0.3140625 0.15234375 0.0828125 0.1609375
0 0.5875 0.72578125 0.0890625 0.1578125
0 0.46015625 0.68828125 0.0859375 0.1546875
0 0.32734375 0.31484375 0.09375 0.165625
0 0.53984375 0.7125 0.0890625 0.1578125
0 0.278125 0.140625 0.078125 0.1546875
0 0.5328125 0.215625 0.078125 0.15625
1 0.96875 0.325 0.0625 0.15625
1 0.090625 0.259375 0.1015625 0.175
1 0.99140625 0.334375 0.0171875 0.15625
1 0.97265625 0.4875 0.0546875 0.16875
1 0.9421875 0.47265625 0.0875 0.165625
1 0.6203125 0.734375 0.084375 0.1546875
0 0.6109375 0.9 0.10625 0.1828125
1 0.1890625 0.121875 0.096875 0.1671875
1 0.1625 0.784375 0.0859375 0.1703125
1 0.86328125 0.79375 0.090625 0.1640625
0 0.203125 0.79609375 0.090625 0.175
0 0.3609375 0.16640625 0.08125 0.1578125
0 0.196875 0.62890625 0.0859375 0.1625
1 0.4109375 0.68203125 0.090625 0.1578125
1 0.16640625 0.62109375 0.0953125 0.1671875
0 0.24296875 0.63984375 0.0859375 0.1609375
0 0.0421875 0.74765625 0.084375 0.1734375
1 0.57890625 0.88671875 0.0953125 0.1734375
1 0.53984375 0.87265625 0.084375 0.159375
1 0.1296875 0.0984375 0.0984375 0.1765625
1 0.69609375 0.2609375 0.078125 0.159375
1 0.03125 0.571875 0.0625 0.19375
0 0.62890625 0.89921875 0.0828125 0.1625