0 0.60859375 0.82890625 0.08125 0.175
1 0.8546875 0.79140625 0.084375 0.1734375
0 0.83046875 0.64140625 0.078125 0.1546875
0 0.584375 0.68125 0.078125 0.15625
1 0.5703125 0.84375 0.084375 0.1765625
1 0.15078125 0.75078125 0.0953125 0.178125
1 0.50078125 0.2046875 0.0765625 0.1578125
0 0.81484375 0.8 0.0859375 0.175
1 0.6484375 0.83046875 0.0796875 0.171875
1 0.5234375 0.359375 0.075 0.159375
1 0.60859375 0.340625 0.075 0.159375
0 0.64921875 0.33671875 0.0765625 0.165625
0 0.26875 0.896875 0.084375 0.16875
1 0.93828125 0.77421875 0.08125 0.1671875
1 0.91328125 0.62109375 0.078125 0.15625
1 0.70703125 0.17265625 0.071875 0.1515625
0 0.61796875 0.18515625 0.0765625 0.1546875
0 0.68828125 0.33125 0.078125 0.16875
0 0.90234375 0.7734375 0.0828125 0.16875
1 0.875 0.63125 0.078125 0.1546875
1 0.81875 0.30546875 0.075 0.1609375
0 0.6234375 0.6734375 0.078125 0.1546875
0 0.1828125 0.41484375 0.0765625 0.1671875
0 0.79140625 0.6453125 0.0765625 0.153125
1 0.5625 0.34609375 0.071875 0.1578125
0 0.46015625 0.21171875 0.0734375 0.1578125
1 0.6625 0.18515625 0.071875 0.1515625
0 0.67421875 0.66640625 0.0796875 0.1578125
1 0.83046875 0.15078125 0.0734375 0.153125
1 0.85546875 0.3 0.0734375 0.1625
0 0.54453125 0.196875 0.0828125 0.1609375
1 0.79140625 0.15625 0.0734375 0.1546875
1 0.74453125 0.16796875 0.071875 0.1515625
1 0.115625 0.9203125 0.09375 0.159375
0 0.734375 0.321875 0.075 0.165625
1 0.9671875 0.76484375 0.065625 0.1640625
0 0.48515625 0.36328125 0.0765625 0.16875
0 0.15390625 0.2625 0.0671875 0.15625
0 0.1984375 0.74765625 0.078125 0.165625
1 0.97890625 0.60546875 0.0421875 0.1578125
1 0.86875 0.146875 0.0734375 0.1546875
0 0.1375 0.428125 0.08125 0.171875
0 0.19375 0.25546875 0.071875 0.1578125
1 0.54375 0.6890625 0.0765625 0.159375
1 0.0375 0.4421875 0.075 0.175
1 0.709375 0.6640625 0.071875 0.1546875
1 0.7703125 0.3171875 0.0765625 0.1640625
1 0.9171875 0.13828125 0.0734375 0.15625
0 0.5171875 0.85078125 0.090625 0.18125
1 0.09296875 0.43203125 0.090625 0.175
1 0.74609375 0.653125 0.078125 0.1546875
0 0.22421875 0.41171875 0.075 0.1671875
1 0.89609375 0.29453125 0.0765625 0.165625
1 0.9421875 0.2875 0.0765625 0.16875
0 0.27265625 0.4015625 0.0875 0.1671875
0 0.11015625 0.2703125 0.071875 0.159375
0 0.77109375 0.8125 0.084375 0.178125
1 0.24296875 0.73984375 0.08125 0.1625
1 0.95078125 0.61796875 0.078125 0.1578125
0 0.24296875 0.2484375 0.0734375 0.15625
0 0.4171875 0.2234375 0.0671875 0.1546875
0 0.4421875 0.3734375 0.071875 0.1703125
1 0.06640625 0.278125 0.084375 0.1640625
0 0.178125 0.91328125 0.09375 0.1671875
0 0.28046875 0.73359375 0.0734375 0.159375
1 0.225 0.89921875 0.0796875 0.1640625
1 0.0234375 0.2859375 0.046875 0.16875
0 0.328125 0.7296875 0.0828125 0.1609375
0 0.353125 0.8796875 0.0953125 0.1734375
1 0.690625 0.8171875 0.0765625 0.1609375
1 0.0890625 0.75703125 0.0953125 0.1953125
1 0.7296875 0.8140625 0.08125 0.171875