1 0.5890625 0.8546875 0.0578125 0.1609375
1 0.79921875 0.85234375 0.06015625 0.16328125
1 0.5515625 0.209375 0.05078125 0.15234375
0 0.8015625 0.69921875 0.05859375 0.14921875
1 0.88515625 0.85 0.05703125 0.16171875
0 0.54921875 0.84921875 0.0546875 0.16875
1 0.50859375 0.85625 0.05859375 0.16953125
0 0.84765625 0.84375 0.0578125 0.16015625
0 0.67265625 0.215625 0.0515625 0.14765625
1 0.109375 0.68984375 0.0671875 0.1671875
0 0.59296875 0.2109375 0.0578125 0.15390625
1 0.54921875 0.3671875 0.04765625 0.1578125
0 0.75859375 0.853125 0.059375 0.1625
0 0.20078125 0.8546875 0.05546875 0.159375
1 0.846875 0.365625 0.0515625 0.15703125
1 0.88671875 0.69375 0.05625 0.153125
0 0.20078125 0.35859375 0.0515625 0.1640625
0 0.5484375 0.69765625 0.0546875 0.15234375
0 0.675 0.36484375 0.05 0.15859375
1 0.84609375 0.6984375 0.05546875 0.14921875
1 0.8859375 0.36640625 0.05 0.15703125
1 0.7609375 0.2140625 0.04765625 0.146875
0 0.15703125 0.7 0.053125 0.15859375
1 0.634375 0.3671875 0.0515625 0.1546875
0 0.71484375 0.365625 0.0515625 0.16171875
0 0.15078125 0.36171875 0.053125 0.16640625
1 0.71484375 0.21875 0.04765625 0.14609375
1 0.7984375 0.215625 0.046875 0.146875
1 0.92421875 0.85 0.05859375 0.1578125
1 0.8875 0.21328125 0.05078125 0.1484375
1 0.80078125 0.36640625 0.0484375 0.15859375
1 0.97265625 0.85 0.0546875 0.15859375
0 0.76171875 0.696875 0.05625 0.1484375
0 0.76171875 0.36640625 0.04921875 0.1609375
1 0.675 0.6984375 0.05234375 0.1484375
0 0.509375 0.209375 0.05 0.15390625
1 0.0453125 0.3625 0.06328125 0.165625
1 0.84765625 0.21796875 0.04765625 0.14921875
1 0.9734375 0.69453125 0.053125 0.15625
1 0.5875 0.359375 0.0484375 0.153125
0 0.50859375 0.3640625 0.04921875 0.16015625
1 0.509375 0.696875 0.0546875 0.15546875
0 0.64140625 0.696875 0.05859375 0.153125
0 0.23671875 0.20625 0.0453125 0.1546875
0 0.2890625 0.3609375 0.059375 0.159375
1 0.9734375 0.21640625 0.05078125 0.15234375
0 0.23984375 0.3625 0.04921875 0.16328125
1 0.925 0.215625 0.04921875 0.1484375
1 0.24140625 0.84921875 0.046875 0.1578125
1 0.97265625 0.3671875 0.053125 0.1625
1 0.10703125 0.3625 0.0625 0.1671875
0 0.19921875 0.20078125 0.04375 0.14921875
1 0.71484375 0.696875 0.05703125 0.15
0 0.59140625 0.69921875 0.05546875 0.15234375
0 0.4578125 0.85546875 0.05859375 0.17421875
0 0.71015625 0.8578125 0.06328125 0.16640625
0 0.1546875 0.20546875 0.04296875 0.153125
1 0.0421875 0.85234375 0.06640625 0.1640625
1 0.04453125 0.2015625 0.06328125 0.1625
0 0.46484375 0.21171875 0.0421875 0.153125
0 0.4640625 0.36796875 0.04296875 0.16328125
1 0.925 0.69765625 0.05625 0.15625
1 0.20546875 0.69609375 0.059375 0.15546875
0 0.2890625 0.853125 0.05546875 0.1609375
1 0.9265625 0.36640625 0.05 0.16015625
0 0.2859375 0.20625 0.046875 0.15390625
0 0.23984375 0.69609375 0.05 0.15390625
1 0.15546875 0.853125 0.05234375 0.15625
1 0.10859375 0.2046875 0.06015625 0.15625
0 0.28828125 0.69921875 0.05703125 0.15546875
1 0.63125 0.85078125 0.0546875 0.1546875
1 0.671875 0.85546875 0.0546875 0.16171875
1 0.459375 0.696875 0.053125 0.15703125
1 0.0421875 0.684375 0.0671875 0.18125
1 0.6375 0.2125 0.04296875 0.14609375
0 0.1078125 0.84921875 0.06640625 0.1609375