0 0.32109375 0.22265625 0.05 0.1171875
1 0.76171875 0.1796875 0.05 0.1171875
0 0.54453125 0.44140625 0.0515625 0.1109375
1 0.8484375 0.4140625 0.0515625 0.115625
1 0.7234375 0.540625 0.0515625 0.1265625
1 0.92734375 0.90234375 0.05 0.1203125
1 0.50859375 0.44609375 0.05 0.1125
0 0.69609375 0.18671875 0.0515625 0.1125
1 0.57734375 0.43984375 0.0484375 0.109375
0 0.44140625 0.44453125 0.05 0.115625
1 0.6578125 0.5484375 0.0515625 0.125
1 0.965625 0.515625 0.053125 0.1234375
0 0.47265625 0.82109375 0.046875 0.121875
0 0.69296875 0.54609375 0.0484375 0.1265625
0 0.76015625 0.53359375 0.05 0.125
1 0.815625 0.7953125 0.0484375 0.125
1 0.659375 0.19140625 0.0515625 0.1140625
1 0.5875 0.55390625 0.05 0.1265625
1 0.45078125 0.5609375 0.053125 0.125
0 0.8640625 0.53046875 0.053125 0.1265625
0 0.89375 0.90546875 0.0484375 0.11875
0 0.56171875 0.2015625 0.05 0.1140625
0 0.64765625 0.4328125 0.0515625 0.1125
0 0.4109375 0.4453125 0.05 0.11875
1 0.459375 0.20859375 0.0515625 0.1125
0 0.640625 0.8078125 0.05 0.128125
0 0.2171875 0.58359375 0.05 0.1265625
1 0.52734375 0.2015625 0.05 0.115625
1 0.9515625 0.40234375 0.05 0.11875
0 0.41875 0.56484375 0.053125 0.125
1 0.4734375 0.4484375 0.05 0.1125
1 0.83046875 0.528125 0.0515625 0.1234375
1 0.2890625 0.225 0.0515625 0.115625
0 0.42265625 0.2125 0.05 0.1140625
0 0.74375 0.796875 0.05 0.128125
1 0.4828125 0.5609375 0.0515625 0.1234375
0 0.90546875 0.52265625 0.0671875 0.1296875
0 0.88515625 0.40625 0.0515625 0.115625
1 0.98125 0.78046875 0.0375 0.1265625
0 0.7578125 0.91875 0.05 0.11875
1 0.71171875 0.8046875 0.046875 0.1296875
1 0.934375 0.16484375 0.05 0.1140625
0 0.7921875 0.5359375 0.05 0.1234375
0 0.17578125 0.47109375 0.05 0.1109375
1 0.89765625 0.165625 0.0484375 0.115625
0 0.68046875 0.4296875 0.05 0.109375
0 0.35703125 0.21953125 0.05 0.1140625
0 0.0375 0.48125 0.0484375 0.11875
0 0.27734375 0.95 0.0484375 0.1
0 0.34140625 0.453125 0.053125 0.1203125
1 0.61015625 0.4375 0.0484375 0.1109375
0 0.78359375 0.79765625 0.0484375 0.125
1 0.77890625 0.00859375 0.0390625 0.0171875
0 0.61875 0.55 0.05 0.1265625
1 0.884375 0.79140625 0.046875 0.1234375
1 0.39140625 0.2125 0.05 0.11875
0 0.6796875 0.803125 0.05 0.1265625
0 0.5546875 0.55390625 0.05 0.1265625
0 0.21875 0.23046875 0.0515625 0.11875
0 0.490625 0.20625 0.05 0.1125
0 0.35 0.571875 0.05 0.128125
0 0.31796875 0.5765625 0.053125 0.1296875
0 0.7140625 0.0109375 0.040625 0.021875
0 0.378125 0.03125 0.04375 0.0484375
1 0.71484375 0.4265625 0.05 0.1125
0 0.51953125 0.5546875 0.0484375 0.128125
0 0.3796875 0.56953125 0.0515625 0.125
1 0.0140625 0.0640625 0.028125 0.05
0 0.24765625 0.9515625 0.0484375 0.096875
0 0.2078125 0.04609375 0.040625 0.0484375
0 0.83046875 0.00546875 0.0640625 0.0109375
0 0.6265625 0.19609375 0.053125 0.1171875
0 0.1875 0.234375 0.05 0.11875
0 0.73203125 0.1828125 0.0453125 0.1171875
1 0.371875 0.83515625 0.05 0.1265625
0 0.915625 0.403125 0.0484375 0.1140625
1 0.209375 0.4671875 0.0453125 0.1109375
0 0.7953125 0.91484375 0.053125 0.1203125
0 0.4078125 0.83125 0.05 0.13125
1 0.59296875 0.19765625 0.0484375 0.1140625
0 0.9203125 0.7875 0.0484375 0.11875
0 0.25625 0.23046875 0.05 0.115625
0 0.1984375 0.95546875 0.059375 0.0890625
0 0.134375 0.475 0.0515625 0.11875
0 0.9578125 0.89921875 0.046875 0.1203125
0 0.30390625 0.4546875 0.053125 0.1203125
0 0.0875 0.24375 0.05 0.115625
0 0.19296875 0.84453125 0.053125 0.1265625
0 0.303125 0.84140625 0.0453125 0.1203125
0 0.278125 0.57890625 0.05 0.128125
0 0.2390625 0.4625 0.0453125 0.1125
0 0.3375 0.83828125 0.05 0.11875
0 0.153125 0.9578125 0.05625 0.084375
1 0.71953125 0.921875 0.05 0.1203125
1 0.9875 0.89609375 0.025 0.1203125
0 0.23828125 0.84453125 0.0484375 0.125
1 0.74453125 0.009375 0.0390625 0.01875
0 0.41328125 0.94375 0.0515625 0.1125
0 0.09609375 0.84765625 0.0515625 0.1265625
0 0.38125 0.9453125 0.05 0.109375
0 0.4375 0.825 0.046875 0.125
1 0.86171875 0.91171875 0.046875 0.1171875
0 0.7828125 0.415625 0.053125 0.1171875
0 0.15234375 0.84609375 0.053125 0.1265625
0 0.0953125 0.9578125 0.065625 0.084375
0 0.50234375 0.82578125 0.0453125 0.11875
0 0.83984375 0.1734375 0.05 0.1203125
1 0.37109375 0.45 0.0484375 0.1203125
0 0.82734375 0.91640625 0.046875 0.115625
1 0.12421875 0.240625 0.05 0.1125
0 0.18125 0.584375 0.0453125 0.1265625
0 0.3109375 0.95078125 0.05 0.0984375
0 0.65078125 0.9265625 0.046875 0.1203125
0 0.11484375 0.5953125 0.0453125 0.125
1 0.240625 0.04453125 0.0390625 0.0484375
0 0.15625 0.23671875 0.0453125 0.1125
1 0.271875 0.45703125 0.0453125 0.1171875
1 0.6796875 0.01328125 0.040625 0.0265625
0 0.79765625 0.1796875 0.046875 0.1171875
0 0.0140625 0.48046875 0.028125 0.1171875
0 0.07890625 0.59765625 0.0453125 0.1234375
0 0.453125 0.9421875 0.046875 0.115625
0 0.7515625 0.41875 0.0515625 0.115625
0 0.04296875 0.8640625 0.0375 0.125
0 0.05390625 0.2484375 0.04375 0.11875
0 0.26953125 0.84140625 0.0453125 0.125
1 0.071875 0.478125 0.040625 0.1109375
0 0.2484375 0.58125 0.0453125 0.1234375
1 0.340625 0.03359375 0.0390625 0.046875
0 0.8484375 0.790625 0.0484375 0.125
0 0.61796875 0.934375 0.04375 0.1171875
1 0.57578125 0.01875 0.0421875 0.0375
0 0.34453125 0.946875 0.0484375 0.10625
0 0.58984375 0.93828125 0.05 0.1125
0 0.03515625 0.06171875 0.03125 0.046875
0 0.14765625 0.59296875 0.04375 0.1265625
1 0.51171875 0.02265625 0.0421875 0.0453125
1 0.6125 0.0171875 0.040625 0.034375
0 0.3046875 0.0375 0.040625 0.0484375
0 0.6890625 0.92421875 0.046875 0.11875
1 0.64765625 0.01484375 0.0390625 0.0296875
0 0.0453125 0.59921875 0.0453125 0.125
0 0.1015625 0.475 0.0390625 0.1109375
0 0.48515625 0.940625 0.0484375 0.11875
0 0.0671875 0.05859375 0.0421875 0.0484375
1 0.96015625 0.16171875 0.034375 0.1125
0 0.8125 0.41484375 0.05 0.1140625
0 0.54140625 0.0203125 0.0421875 0.040625
0 0.95078125 0.7859375 0.04375 0.121875
0 0.27109375 0.040625 0.040625 0.0484375
1 0.478125 0.02421875 0.040625 0.0484375
1 0.51484375 0.9390625 0.0515625 0.1203125
1 0.44375 0.0265625 0.0421875 0.05
1 0.86640625 0.17265625 0.0421875 0.11875
1 0.4078125 0.02890625 0.0390625 0.0484375
0 0.11015625 0.05546875 0.040625 0.05
1 0.61015625 0.8171875 0.046875 0.128125
0 0.0546875 0.9609375 0.0375 0.078125
1 0.98671875 0.515625 0.0265625 0.121875
0 0.01796875 0.60234375 0.03125 0.1234375
0 0.13828125 0.053125 0.0375 0.0484375
0 0.17265625 0.05 0.040625 0.05
1 0.02578125 0.25234375 0.046875 0.1171875
0 0.06953125 0.85390625 0.0390625 0.1203125
0 0.00703125 0.24921875 0.0140625 0.1171875
0 0.9828125 0.39921875 0.0296875 0.1171875
1 0.540625 0.82421875 0.0390625 0.11875
1 0.93203125 0.521875 0.0453125 0.128125
0 0.11328125 0.95859375 0.0546875 0.0828125
1 0.13203125 0.85 0.034375 0.121875
1 0.55703125 0.9390625 0.0515625 0.115625