0 0.35625 0.20234375 0.04375 0.1140625
1 0.7984375 0.21171875 0.04375 0.1140625
1 0.75234375 0.5671875 0.0453125 0.1203125
0 0.44296875 0.55546875 0.0453125 0.1234375
0 0.34765625 0.43671875 0.0453125 0.1125
1 0.51484375 0.446875 0.04375 0.109375
1 0.315625 0.43828125 0.0421875 0.1109375
0 0.7859375 0.56640625 0.04375 0.1234375
1 0.58125 0.5625 0.04375 0.121875
0 0.43359375 0.8140625 0.0421875 0.121875
0 0.55234375 0.4453125 0.04375 0.10625
1 0.65078125 0.5671875 0.0453125 0.11875
0 0.60234375 0.821875 0.04375 0.128125
1 0.47578125 0.55859375 0.0453125 0.1234375
1 0.628125 0.209375 0.0421875 0.1109375
0 0.209375 0.54765625 0.04375 0.1234375
1 0.28125 0.43671875 0.04375 0.1078125
1 0.21484375 0.434375 0.040625 0.1046875
0 0.73359375 0.2109375 0.0453125 0.1109375
1 0.7765625 0.83203125 0.0421875 0.1234375
0 0.41875 0.434375 0.04375 0.115625
0 0.33203125 0.81328125 0.040625 0.1234375
1 0.49453125 0.20546875 0.0421875 0.109375
0 0.8578125 0.575 0.046875 0.125
0 0.44765625 0.43828125 0.0421875 0.1125
1 0.81796875 0.571875 0.04375 0.1234375
1 0.4796875 0.4453125 0.04375 0.109375
0 0.0375 0.925 0.0640625 0.1203125
0 0.4109375 0.55703125 0.0453125 0.125
0 0.65390625 0.45078125 0.046875 0.1109375
0 0.8953125 0.5734375 0.0515625 0.1265625
1 0.69921875 0.2109375 0.0421875 0.1109375
0 0.2234375 0.93046875 0.0453125 0.11875
1 0.671875 0.828125 0.040625 0.128125
0 0.684375 0.5671875 0.0453125 0.125
0 0.70546875 0.82421875 0.04375 0.1265625
0 0.61640625 0.56484375 0.04375 0.1234375
0 0.24609375 0.43359375 0.040625 0.10625
1 0.32421875 0.2015625 0.04375 0.1125
0 0.59765625 0.209375 0.040625 0.1109375
1 0.615625 0.45 0.0421875 0.1109375
0 0.70390625 0.94375 0.0453125 0.1125
1 0.94765625 0.8359375 0.0390625 0.125
1 0.96015625 0.45859375 0.04375 0.115625
0 0.9234375 0.4578125 0.0453125 0.1109375
0 0.309375 0.5546875 0.046875 0.1265625
1 0.971875 0.21875 0.0421875 0.1109375
0 0.71796875 0.56875 0.0421875 0.1265625
1 0.89140625 0.45703125 0.04375 0.1109375
1 0.8390625 0.03359375 0.0375 0.04375
0 0.74453125 0.82578125 0.0421875 0.125
0 0.45859375 0.20546875 0.0421875 0.1125
0 0.1921875 0.9296875 0.046875 0.11875
1 0.8328125 0.2140625 0.040625 0.1125
1 0.66640625 0.21015625 0.0421875 0.109375
1 0.721875 0.453125 0.0421875 0.1109375
0 0.6875 0.45234375 0.04375 0.1078125
1 0.93515625 0.215625 0.0421875 0.1125
0 0.34140625 0.5546875 0.0453125 0.125
1 0.859375 0.45546875 0.0421875 0.1109375
1 0.56328125 0.20546875 0.04375 0.1140625
0 0.18046875 0.4328125 0.046875 0.1078125
0 0.14609375 0.428125 0.040625 0.1109375
0 0.64140625 0.8234375 0.0421875 0.125
1 0.8453125 0.8328125 0.0390625 0.121875
0 0.54765625 0.5609375 0.04375 0.1265625
0 0.371875 0.55546875 0.04375 0.125
0 0.25390625 0.1984375 0.04375 0.1140625
0 0.36171875 0.81171875 0.0453125 0.128125
0 0.1453125 0.925 0.05625 0.1203125
1 0.94140625 0.034375 0.0375 0.0390625
0 0.74140625 0.94453125 0.0484375 0.1109375
0 0.38828125 0.20234375 0.0421875 0.1109375
1 0.96015625 0.57421875 0.0453125 0.1234375
0 0.04296875 0.4265625 0.0421875 0.115625
1 0.06640625 0.015625 0.0359375 0.03125
1 0.80703125 0.946875 0.0421875 0.10625
0 0.2640625 0.01875 0.040625 0.0375
0 0.8375 0.94765625 0.04375 0.1046875
1 0.43203125 0.021875 0.0390625 0.04375
1 0.16640625 0.01875 0.0359375 0.0375
1 0.42734375 0.20546875 0.04375 0.1125
0 0.77421875 0.03046875 0.0390625 0.0421875
0 0.87578125 0.215625 0.05 0.115625
0 0.078125 0.4234375 0.040625 0.115625
0 0.290625 0.2015625 0.0421875 0.1125
1 0.66640625 0.94296875 0.0453125 0.1140625
1 0.5296875 0.20703125 0.0421875 0.1109375
0 0.221875 0.1984375 0.0453125 0.11875
0 0.1734375 0.54375 0.0390625 0.125
0 0.275 0.5546875 0.046875 0.125
0 0.0890625 0.92734375 0.0484375 0.115625
0 0.3984375 0.81328125 0.0421875 0.125
0 0.7671875 0.21640625 0.040625 0.1109375
1 0.29765625 0.0203125 0.0359375 0.040625
0 0.2546875 0.93359375 0.0484375 0.1171875
0 0.35859375 0.93828125 0.0484375 0.115625
0 0.2609375 0.81796875 0.0453125 0.11875
0 0.875 0.94609375 0.04375 0.1078125
0 0.89140625 0.0328125 0.0640625 0.040625
1 0.39921875 0.0203125 0.0359375 0.040625
0 0.59765625 0.94140625 0.0421875 0.1171875
0 0.12265625 0.1953125 0.0421875 0.1125
0 0.51171875 0.5609375 0.04375 0.1265625
1 0.15703125 0.19765625 0.0421875 0.1140625
0 0.4640625 0.8234375 0.0390625 0.1203125
1 0.465625 0.02265625 0.0375 0.0453125
0 0.32734375 0.93203125 0.046875 0.11875
0 0.15234375 0.8078125 0.0421875 0.1203125
0 0.0953125 0.7984375 0.04375 0.11875
1 0.56953125 0.02578125 0.0390625 0.0484375
1 0.7390625 0.0296875 0.0390625 0.04375
0 0.3265625 0.01875 0.0375 0.0375
0 0.790625 0.4515625 0.046875 0.1125
0 0.10546875 0.54921875 0.040625 0.1265625
0 0.7578125 0.45 0.04375 0.1140625
0 0.22890625 0.81171875 0.0390625 0.121875
0 0.7734375 0.94765625 0.040625 0.1046875
0 0.24140625 0.55 0.040625 0.1234375
0 0.5859375 0.4484375 0.04375 0.109375
0 0.1875 0.196875 0.0390625 0.115625
0 0.06875 0.54609375 0.0421875 0.125
0 0.88203125 0.8359375 0.04375 0.1171875
0 0.0546875 0.79609375 0.0421875 0.121875
0 0.0171875 0.42109375 0.0328125 0.115625
0 0.90625 0.946875 0.04375 0.10625
0 0.2953125 0.81796875 0.0421875 0.115625
0 0.91640625 0.83515625 0.0375 0.1203125
0 0.8109375 0.8328125 0.0390625 0.1203125
0 0.19765625 0.8078125 0.0453125 0.125
1 0.63515625 0.02734375 0.0390625 0.046875
1 0.80390625 0.03125 0.0359375 0.0421875
0 0.60078125 0.02578125 0.0390625 0.046875
0 0.0359375 0.5453125 0.0421875 0.1265625
0 0.36328125 0.0203125 0.0390625 0.040625
0 0.1390625 0.54921875 0.0375 0.125
1 0.67109375 0.028125 0.0375 0.0453125
0 0.2953125 0.93125 0.046875 0.11875
0 0.5640625 0.94375 0.040625 0.1125
1 0.1140625 0.428125 0.0390625 0.1125
0 0.4 0.93515625 0.0421875 0.11875
1 0.9734375 0.0359375 0.0375 0.0390625
1 0.378125 0.4390625 0.04375 0.115625
0 0.6359375 0.9421875 0.040625 0.115625
0 0.19609375 0.01796875 0.0359375 0.0359375
1 0.5328125 0.02578125 0.0390625 0.05
0 0.5359375 0.94453125 0.04375 0.1109375
0 0.0078125 0.80703125 0.015625 0.1203125
1 0.99140625 0.21875 0.0171875 0.109375
1 0.70625 0.02890625 0.0375 0.0453125
0 0.00859375 0.925 0.0171875 0.115625
0 0.94921875 0.946875 0.0390625 0.10625
0 0.43125 0.9359375 0.0421875 0.11875
0 0.1234375 0.01640625 0.040625 0.0328125
0 0.03203125 0.015625 0.0328125 0.03125
0 0.82109375 0.453125 0.040625 0.1125
1 0.50078125 0.0234375 0.0390625 0.046875
1 0.4609375 0.93828125 0.0453125 0.1171875
0 0.9765625 0.83359375 0.0265625 0.1296875
1 0.98515625 0.57578125 0.0296875 0.121875
0 0.0109375 0.5421875 0.021875 0.121875
0 0.0875 0.19453125 0.0390625 0.1171875
0 0.0921875 0.015625 0.03125 0.03125
1 0.5703125 0.8265625 0.040625 0.128125
0 0.0296875 0.7984375 0.034375 0.11875
0 0.98828125 0.45703125 0.0234375 0.1140625
1 0.13046875 0.8078125 0.034375 0.11875
0 0.02734375 0.1890625 0.0359375 0.1140625
0 0.9328125 0.5734375 0.04375 0.125
1 0.059375 0.19609375 0.040625 0.115625
0 0.9734375 0.94765625 0.025 0.1046875
0 0.2328125 0.01875 0.040625 0.0375
1 0.99453125 0.03515625 0.0109375 0.0390625
1 0.90390625 0.21796875 0.034375 0.115625
1 0.49375 0.82578125 0.0296875 0.128125
0 0.16484375 0.80625 0.040625 0.121875
1 0.11328125 0.928125 0.040625 0.1171875
0 0.91328125 0.57890625 0.05 0.128125