1 0.796875 0.84140625 0.05390625 0.1640625
1 0.5453125 0.20625 0.05546875 0.1546875
1 0.8796875 0.846875 0.05703125 0.16171875
0 0.66796875 0.2109375 0.05546875 0.15390625
0 0.75625 0.696875 0.05703125 0.15
0 0.796875 0.6921875 0.05546875 0.1484375
1 0.625 0.36171875 0.05390625 0.15546875
1 0.709375 0.69375 0.0546875 0.1484375
1 0.84296875 0.3625 0.05234375 0.15703125
1 0.84296875 0.6921875 0.05234375 0.15
1 0.54375 0.3640625 0.05390625 0.1578125
1 0.50234375 0.85 0.05390625 0.16953125
0 0.7578125 0.8515625 0.05625 0.16953125
1 0.79609375 0.359375 0.05234375 0.1625
1 0.709375 0.2125 0.05078125 0.15
1 0.75625 0.21171875 0.05 0.15078125
0 0.671875 0.36171875 0.05234375 0.16015625
0 0.54453125 0.84375 0.0546875 0.1703125
1 0.58359375 0.85078125 0.053125 0.1625
0 0.14921875 0.203125 0.046875 0.15078125
1 0.84296875 0.21171875 0.05078125 0.14765625
0 0.84296875 0.840625 0.05234375 0.16171875
0 0.58671875 0.69296875 0.05625 0.15
1 0.0359375 0.8546875 0.06796875 0.1625
0 0.46171875 0.20859375 0.0453125 0.15234375
0 0.19921875 0.85234375 0.053125 0.1625
0 0.1515625 0.69296875 0.05078125 0.15859375
0 0.75625 0.3625 0.05390625 0.16171875
0 0.50390625 0.21015625 0.05 0.15625
0 0.5453125 0.6890625 0.0546875 0.15078125
1 0.88125 0.69453125 0.05234375 0.15078125
0 0.14609375 0.35703125 0.0515625 0.1640625
1 0.92109375 0.8390625 0.05390625 0.1578125
1 0.10390625 0.68671875 0.0671875 0.16953125
0 0.5921875 0.20625 0.06328125 0.153125
0 0.28359375 0.35390625 0.05859375 0.1546875
0 0.709375 0.3640625 0.05234375 0.1609375
1 0.88203125 0.3609375 0.04921875 0.15625
0 0.49921875 0.6890625 0.053125 0.15390625
1 0.79453125 0.21171875 0.04921875 0.1484375
0 0.50390625 0.3640625 0.05546875 0.16171875
1 0.8828125 0.21171875 0.0484375 0.14921875
1 0.2359375 0.85 0.05 0.16171875
1 0.9671875 0.84609375 0.0515625 0.15859375
0 0.46171875 0.36328125 0.04921875 0.1703125
0 0.6375 0.69375 0.05625 0.1515625
0 0.19375 0.2046875 0.04296875 0.15078125
0 0.23515625 0.35546875 0.053125 0.1609375
0 0.19609375 0.35625 0.05078125 0.16171875
0 0.45546875 0.84765625 0.06171875 0.17109375
1 0.0375 0.35859375 0.06484375 0.16796875
0 0.23125 0.20234375 0.0484375 0.15234375
0 0.28046875 0.20234375 0.046875 0.1515625
1 0.67265625 0.6984375 0.05 0.15078125
1 0.58359375 0.3625 0.05234375 0.153125
0 0.27890625 0.696875 0.05546875 0.1546875
1 0.9203125 0.21328125 0.0515625 0.15078125
1 0.921875 0.3625 0.05078125 0.159375
1 0.96796875 0.69375 0.0484375 0.15
1 0.96953125 0.20859375 0.04765625 0.1515625
1 0.97109375 0.365625 0.0484375 0.1625
0 0.28203125 0.8515625 0.05703125 0.1625
1 0.921875 0.69453125 0.05234375 0.15078125
1 0.15078125 0.85078125 0.05078125 0.159375
1 0.2015625 0.69765625 0.05859375 0.15703125
0 0.71171875 0.85390625 0.0515625 0.17109375
1 0.103125 0.35859375 0.0609375 0.16953125
1 0.0390625 0.1984375 0.0625 0.1609375
1 0.103125 0.20234375 0.06015625 0.15546875
1 0.03828125 0.6828125 0.065625 0.18515625
1 0.10390625 0.85234375 0.06640625 0.159375
0 0.67109375 0.8578125 0.05703125 0.17109375
1 0.62109375 0.84609375 0.0515625 0.15625
0 0.68984375 0.85703125 0.053125 0.17421875
0 0.22421875 0.69375 0.06171875 0.15625
1 0.4546875 0.6921875 0.0578125 0.14921875
1 0.63046875 0.21328125 0.0421875 0.15703125