0 0.48828125 0.2171875 0.065625 0.15
0 0.40234375 0.80390625 0.0765625 0.1640625
1 0.22421875 0.33359375 0.0671875 0.15625
0 0.221875 0.63203125 0.06875 0.153125
1 0.44765625 0.21328125 0.0671875 0.1484375
1 0.30546875 0.63984375 0.0671875 0.1546875
0 0.2671875 0.6328125 0.06875 0.1546875
0 0.28203125 0.79140625 0.06875 0.153125
0 0.5109375 0.66328125 0.071875 0.15625
0 0.1796875 0.328125 0.06875 0.1546875
1 0.55 0.671875 0.0671875 0.1546875
1 0.36640625 0.20625 0.06875 0.153125
0 0.328125 0.2 0.0671875 0.153125
0 0.4046875 0.20859375 0.0640625 0.1515625
0 0.4296875 0.35625 0.06875 0.15
1 0.32421875 0.79296875 0.0671875 0.1546875
1 0.34375 0.64375 0.065625 0.159375
0 0.61015625 0.23359375 0.0640625 0.146875
1 0.58984375 0.3765625 0.0671875 0.146875
0 0.42890625 0.65546875 0.0671875 0.15625
1 0.6984375 0.8390625 0.0640625 0.1515625
1 0.284375 0.19609375 0.0671875 0.153125
1 0.79921875 0.70703125 0.0640625 0.15
1 0.7359375 0.84296875 0.0625 0.15
0 0.6734375 0.6859375 0.0671875 0.1515625
0 0.58984375 0.67734375 0.065625 0.1546875
0 0.73828125 0.25 0.0640625 0.1484375
0 0.16328125 0.76484375 0.0625 0.146875
0 0.65234375 0.83125 0.0625 0.15
0 0.528125 0.81640625 0.06875 0.1515625
0 0.6515625 0.2421875 0.0640625 0.146875
0 0.715625 0.39296875 0.0703125 0.15625
0 0.38828125 0.646875 0.0734375 0.1609375
0 0.55234375 0.37109375 0.065625 0.15
0 0.46484375 0.66015625 0.065625 0.153125
1 0.7578125 0.70546875 0.0609375 0.15625
1 0.3078125 0.34453125 0.0671875 0.159375
0 0.696875 0.24296875 0.0640625 0.14375
0 0.57109375 0.82421875 0.06875 0.1484375
0 0.63125 0.3828125 0.065625 0.15
0 0.3421875 0.346875 0.06875 0.153125
1 0.1828125 0.6234375 0.0671875 0.153125
0 0.20234375 0.77265625 0.065625 0.153125
0 0.2453125 0.77890625 0.0640625 0.1546875
0 0.67578125 0.38828125 0.0640625 0.1515625
1 0.203125 0.1859375 0.0625 0.15
0 0.24140625 0.18984375 0.0703125 0.1546875
1 0.77890625 0.8484375 0.065625 0.1453125
0 0.63359375 0.6796875 0.0640625 0.153125
0 0.3828125 0.3515625 0.06875 0.1515625
0 0.13984375 0.61171875 0.0703125 0.1578125
1 0.36484375 0.7984375 0.0609375 0.159375
0 0.7796875 0.259375 0.0578125 0.1453125
0 0.12109375 0.76171875 0.059375 0.140625
0 0.721875 0.6984375 0.0625 0.15
1 0.5734375 0.23203125 0.0640625 0.15
0 0.61640625 0.8265625 0.0625 0.1484375
0 0.4890625 0.81640625 0.0671875 0.1546875
1 0.2640625 0.340625 0.06875 0.15625
0 0.50546875 0.365625 0.06875 0.1484375
1 0.5265625 0.2265625 0.0625 0.146875
1 0.4484375 0.8125 0.0734375 0.1625
1 0.46796875 0.3625 0.0671875 0.1484375