1 0.528125 0.0921875 0.11875 0.184375
1 0.31875 0.1359375 0.1234375 0.2
0 0.50078125 0.71328125 0.096875 0.1875
1 0.459375 0.1015625 0.1171875 0.196875
1 0.39375 0.11953125 0.1203125 0.19375
0 0.50546875 0.2859375 0.1140625 0.1953125
0 0.578125 0.26015625 0.115625 0.1953125
0 0.259375 0.34921875 0.096875 0.19375
0 0.43125 0.30546875 0.1203125 0.2
0 0.3640625 0.32109375 0.1140625 0.1984375
1 0.17109375 0.8 0.1 0.1890625
1 0.21484375 0.159375 0.103125 0.2
1 0.31171875 0.7609375 0.1015625 0.190625
1 0.16328125 0.171875 0.103125 0.1984375
1 0.30390625 0.3375 0.1015625 0.19375
1 0.36171875 0.753125 0.1015625 0.190625
1 0.68671875 0.24140625 0.1 0.196875
1 0.68984375 0.66953125 0.0984375 0.1890625
1 0.25859375 0.1484375 0.103125 0.1984375
1 0.06953125 0.3953125 0.103125 0.196875
1 0.11171875 0.3828125 0.1015625 0.1984375
1 0.2078125 0.3609375 0.1 0.19375
1 0.6328125 0.2484375 0.096875 0.1921875
0 0.81953125 0.05 0.1140625 0.1
0 0.59140625 0.0828125 0.0984375 0.165625
1 0.265625 0.77578125 0.1 0.190625
1 0.215625 0.7890625 0.1015625 0.190625
1 0.35390625 0.92421875 0.0984375 0.1515625
1 0.0828125 0.81171875 0.0828125 0.190625
1 0.11953125 0.81328125 0.1 0.1890625
1 0.034375 0.4078125 0.06875 0.2
0 0.44765625 0.9125 0.0921875 0.175
1 0.26015625 0.93515625 0.1015625 0.1296875
1 0.0359375 0.20703125 0.071875 0.1953125
1 0.403125 0.7375 0.0984375 0.1875
1 0.2109375 0.940625 0.109375 0.11875
0 0.73515625 0.65859375 0.0984375 0.1921875
0 0.83046875 0.20390625 0.096875 0.1890625
1 0.40625 0.9171875 0.096875 0.165625
1 0.8765625 0.81875 0.09375 0.19375
0 0.7375 0.2296875 0.109375 0.2015625
1 0.6390625 0.68203125 0.096875 0.1859375
0 0.84609375 0.63515625 0.1140625 0.203125
1 0.31015625 0.92890625 0.0984375 0.1421875
0 0.7546875 0.0578125 0.103125 0.115625
1 0.0109375 0.4171875 0.021875 0.19375
1 0.54453125 0.703125 0.096875 0.1859375
0 0.6859375 0.865625 0.09375 0.196875
0 0.83515625 0.83125 0.0984375 0.1984375
1 0.59453125 0.68984375 0.0984375 0.1859375
1 0.45546875 0.72421875 0.1 0.1890625
1 0.1640625 0.37265625 0.1 0.19375
1 0.12890625 0.9515625 0.0828125 0.096875
1 0.0640625 0.19375 0.1 0.1953125
1 0.11875 0.18125 0.1015625 0.196875
0 0.79140625 0.64375 0.1046875 0.196875
0 0.78125 0.84296875 0.1 0.196875
0 0.646875 0.075 0.09375 0.15
0 0.8734375 0.1859375 0.0890625 0.18125
0 0.54140625 0.8984375 0.0984375 0.1953125
0 0.69375 0.06796875 0.1 0.1359375
0 0.93984375 0.6078125 0.115625 0.2046875
0 0.96484375 0.8015625 0.0703125 0.184375
1 0.784375 0.21328125 0.0921875 0.19375
1 0.59453125 0.88671875 0.0984375 0.1921875
1 0.97734375 0.590625 0.0453125 0.190625
1 0.1640625 0.94609375 0.1 0.1078125
1 0.7359375 0.85390625 0.096875 0.196875
1 0.49375 0.90625 0.09375 0.1875
1 0.928125 0.8078125 0.096875 0.1875
1 0.64453125 0.8765625 0.1 0.1953125