0 0.81875 0.66484375 0.0734375 0.153125
1 0.62265625 0.840625 0.071875 0.1703125
1 0.51953125 0.2046875 0.0671875 0.1578125
1 0.8328125 0.81640625 0.0734375 0.1703125
0 0.58359375 0.8375 0.0734375 0.1734375
0 0.64140625 0.19765625 0.0671875 0.1546875
1 0.53359375 0.3625 0.0640625 0.159375
1 0.90234375 0.65078125 0.06875 0.1546875
1 0.68125 0.1953125 0.0625 0.1515625
0 0.79375 0.8171875 0.0734375 0.16875
1 0.91640625 0.80546875 0.075 0.165625
0 0.8796875 0.803125 0.071875 0.165625
0 0.56796875 0.68984375 0.0703125 0.15625
1 0.54453125 0.84921875 0.075 0.175
1 0.86484375 0.65859375 0.0671875 0.1515625
1 0.61875 0.35 0.065625 0.15625
0 0.659375 0.346875 0.065625 0.1609375
1 0.72734375 0.1875 0.0640625 0.1515625
1 0.8296875 0.3296875 0.0671875 0.1625
0 0.2390625 0.8828125 0.071875 0.1640625
0 0.77890625 0.66640625 0.0703125 0.1515625
1 0.7328125 0.67265625 0.0671875 0.1546875
0 0.18671875 0.38828125 0.0671875 0.1671875
0 0.74453125 0.33828125 0.065625 0.1625
1 0.52265625 0.68984375 0.065625 0.15625
1 0.19375 0.8859375 0.0671875 0.1609375
1 0.13125 0.72890625 0.0828125 0.171875
1 0.86796875 0.3265625 0.0640625 0.1625
1 0.853125 0.17578125 0.065625 0.1515625
1 0.77109375 0.1875 0.0640625 0.1546875
0 0.69765625 0.34140625 0.0671875 0.165625
0 0.5625 0.2 0.0734375 0.159375
1 0.8140625 0.178125 0.065625 0.153125
0 0.13828125 0.3984375 0.0671875 0.1703125
0 0.47734375 0.2125 0.065625 0.1609375
0 0.27421875 0.38203125 0.071875 0.1625
0 0.1796875 0.73359375 0.06875 0.1625
1 0.69453125 0.675 0.0640625 0.1515625
1 0.03515625 0.4109375 0.0703125 0.171875
1 0.08125 0.89609375 0.0828125 0.1671875
1 0.9390625 0.16875 0.0671875 0.15625
1 0.95546875 0.8015625 0.071875 0.1640625
0 0.20703125 0.23515625 0.0609375 0.1578125
0 0.49375 0.36328125 0.065625 0.1640625
1 0.984375 0.79765625 0.03125 0.1640625
1 0.890625 0.16953125 0.065625 0.153125
0 0.2265625 0.38828125 0.065625 0.165625
1 0.571875 0.35078125 0.0640625 0.15625
0 0.44921875 0.37109375 0.0625 0.1671875
1 0.784375 0.334375 0.0671875 0.1625
0 0.309375 0.71484375 0.071875 0.1578125
1 0.97734375 0.64296875 0.0453125 0.1578125
0 0.6109375 0.68828125 0.0703125 0.1578125
0 0.66015625 0.6796875 0.071875 0.1578125
0 0.1703125 0.23828125 0.0578125 0.1546875
1 0.02734375 0.24921875 0.0546875 0.1671875
0 0.49453125 0.8515625 0.075 0.175
0 0.43515625 0.2171875 0.0578125 0.15625
0 0.12578125 0.2421875 0.059375 0.1578125
0 0.3265625 0.871875 0.071875 0.165625
1 0.9421875 0.6515625 0.06875 0.15625
1 0.09453125 0.40390625 0.078125 0.1734375
0 0.25546875 0.23046875 0.0625 0.1578125
1 0.90546875 0.321875 0.0671875 0.165625
1 0.95390625 0.31875 0.06875 0.1671875
1 0.27890625 0.87265625 0.0625 0.1625
1 0.23046875 0.72421875 0.08125 0.1609375
0 0.25859375 0.72109375 0.06875 0.1578125
0 0.7421875 0.83203125 0.08125 0.1765625
1 0.47890625 0.69765625 0.06875 0.1578125
0 0.14609375 0.88828125 0.08125 0.165625
1 0.0796875 0.24609375 0.075 0.1609375
1 0.70625 0.83203125 0.0734375 0.1703125
1 0.66484375 0.83359375 0.0671875 0.1609375
1 0.06796875 0.73125 0.0828125 0.1890625
1 0.60546875 0.1984375 0.0578125 0.153125