1 0.77265625 0.8609375 0.065625 0.1671875
1 0.5671875 0.21015625 0.0640625 0.159375
1 0.8296875 0.71640625 0.0625 0.153125
1 0.85625 0.87109375 0.0671875 0.1640625
0 0.78359375 0.71328125 0.065625 0.1515625
1 0.559375 0.85546875 0.06875 0.1671875
0 0.68828125 0.2234375 0.065625 0.1578125
0 0.73359375 0.86875 0.0703125 0.1734375
1 0.63671875 0.371875 0.065625 0.159375
1 0.8515625 0.38671875 0.0609375 0.1578125
1 0.69609375 0.70859375 0.0640625 0.153125
1 0.553125 0.36796875 0.0640625 0.1609375
1 0.7296875 0.22890625 0.0625 0.153125
0 0.52109375 0.846875 0.0671875 0.175
0 0.8203125 0.86328125 0.065625 0.1625
0 0.74296875 0.7140625 0.0671875 0.153125
1 0.47890625 0.85 0.06875 0.1734375
0 0.17578125 0.83046875 0.0671875 0.1671875
1 0.7765625 0.23125 0.059375 0.1515625
0 0.525 0.21171875 0.0625 0.1609375
0 0.1390625 0.66796875 0.0640625 0.1640625
0 0.6828125 0.375 0.0625 0.1625
0 0.57421875 0.696875 0.0671875 0.15625
1 0.8625 0.2390625 0.0609375 0.1515625
0 0.48515625 0.6859375 0.0640625 0.1625
1 0.86875 0.71640625 0.0625 0.1515625
0 0.71796875 0.37890625 0.0640625 0.1640625
0 0.29453125 0.3390625 0.0703125 0.159375
0 0.765625 0.38046875 0.0640625 0.1640625
1 0.0921875 0.6625 0.0796875 0.1734375
0 0.17265625 0.1796875 0.05625 0.1546875
0 0.53203125 0.690625 0.0640625 0.159375
0 0.61328125 0.2125 0.071875 0.159375
0 0.15703125 0.33359375 0.0625 0.16875
1 0.89140625 0.38828125 0.059375 0.1578125
0 0.50859375 0.36328125 0.0640625 0.16875
0 0.48203125 0.20703125 0.0546875 0.15625
0 0.246875 0.3375 0.0625 0.1640625
0 0.47109375 0.36171875 0.059375 0.1734375
1 0.81484375 0.23359375 0.0609375 0.1515625
1 0.04921875 0.32578125 0.0765625 0.1703125
0 0.6234375 0.703125 0.0671875 0.15625
0 0.203125 0.328125 0.059375 0.153125
1 0.80625 0.38359375 0.0625 0.1609375
1 0.9015625 0.2375 0.059375 0.15
0 0.215625 0.18515625 0.053125 0.153125
1 0.94453125 0.878125 0.0640625 0.1625
0 0.253125 0.18515625 0.059375 0.1546875
1 0.8953125 0.87421875 0.065625 0.1609375
1 0.59296875 0.36875 0.0625 0.1578125
0 0.303125 0.1890625 0.059375 0.153125
1 0.0265625 0.81953125 0.053125 0.1640625
0 0.4296875 0.84765625 0.075 0.178125
1 0.940625 0.24140625 0.0609375 0.1515625
1 0.9078125 0.7234375 0.0640625 0.1546875
1 0.9796875 0.24296875 0.040625 0.1515625
1 0.95390625 0.7234375 0.0609375 0.15625
1 0.21328125 0.83203125 0.0609375 0.165625
1 0.65859375 0.70625 0.0609375 0.1515625
1 0.9734375 0.39609375 0.053125 0.1671875
1 0.93125 0.39296875 0.0609375 0.1625
1 0.12578125 0.17578125 0.0734375 0.159375
0 0.68359375 0.86953125 0.071875 0.1765625
1 0.1875 0.6703125 0.0671875 0.1625
0 0.26796875 0.675 0.065625 0.1578125
1 0.11328125 0.33125 0.0734375 0.171875
0 0.259375 0.83515625 0.0671875 0.16875
1 0.06171875 0.16640625 0.0734375 0.1671875
0 0.21640625 0.67265625 0.071875 0.1609375
1 0.1265625 0.82578125 0.0625 0.1625
1 0.03359375 0.65078125 0.0671875 0.1890625
1 0.08203125 0.8234375 0.078125 0.1625
1 0.6015625 0.85625 0.0609375 0.159375
1 0.64609375 0.86328125 0.0703125 0.171875