0 0.371875 0.1953125 0.05 0.1171875
1 0.81328125 0.23046875 0.05 0.1171875
0 0.55390625 0.45 0.0515625 0.1109375
1 0.8578125 0.47578125 0.0515625 0.115625
1 0.7125 0.57890625 0.0515625 0.1265625
1 0.85 0.9546875 0.05 0.090625
1 0.51796875 0.4484375 0.05 0.1125
0 0.74765625 0.225 0.0515625 0.1125
1 0.58671875 0.45390625 0.0484375 0.109375
0 0.4515625 0.43515625 0.05 0.115625
1 0.646875 0.575 0.0515625 0.125
1 0.95546875 0.59609375 0.053125 0.1234375
0 0.4171875 0.8109375 0.046875 0.121875
0 0.68203125 0.57890625 0.0484375 0.1265625
0 0.75 0.578125 0.05 0.125
1 0.759375 0.84609375 0.0484375 0.125
1 0.7109375 0.2234375 0.0515625 0.1140625
1 0.57734375 0.56875 0.05 0.1265625
1 0.440625 0.5515625 0.053125 0.125
0 0.853125 0.59296875 0.053125 0.1265625
0 0.81640625 0.95390625 0.0484375 0.0921875
0 0.6125 0.21640625 0.05 0.1140625
0 0.65703125 0.459375 0.0515625 0.1125
0 0.421875 0.43046875 0.05 0.11875
1 0.5109375 0.20625 0.0515625 0.1125
0 0.58515625 0.82734375 0.05 0.128125
0 0.20703125 0.5328125 0.05 0.1265625
1 0.57890625 0.21015625 0.05 0.115625
1 0.96171875 0.48203125 0.05 0.11875
0 0.40859375 0.55 0.053125 0.125
1 0.4828125 0.44453125 0.05 0.1125
1 0.8203125 0.58515625 0.0515625 0.1234375
1 0.340625 0.19296875 0.0515625 0.115625
0 0.4734375 0.20390625 0.05 0.1140625
0 0.6890625 0.83515625 0.05 0.128125
1 0.471875 0.55703125 0.0515625 0.1234375
0 0.89609375 0.59296875 0.0671875 0.1296875
0 0.89609375 0.47421875 0.0515625 0.115625
1 0.9296875 0.8609375 0.0453125 0.1265625
0 0.68125 0.9484375 0.05 0.103125
1 0.65546875 0.83671875 0.046875 0.1296875
1 0.98046875 0.24453125 0.0390625 0.1140625
0 0.78203125 0.5859375 0.05 0.1234375
0 0.1859375 0.415625 0.05 0.1109375
1 0.94921875 0.23984375 0.0484375 0.115625
0 0.68984375 0.46171875 0.05 0.109375
0 0.4078125 0.1984375 0.05 0.1140625
0 0.04765625 0.40078125 0.0484375 0.11875
0 0.2015625 0.915625 0.0484375 0.1203125
0 0.3515625 0.4265625 0.053125 0.1203125
1 0.61875 0.4578125 0.0484375 0.1109375
0 0.72734375 0.8421875 0.0484375 0.125
1 0.86328125 0.05078125 0.0390625 0.0453125
0 0.60859375 0.56953125 0.05 0.1265625
1 0.828125 0.853125 0.046875 0.1234375
1 0.44296875 0.19765625 0.05 0.11875
0 0.62421875 0.8296875 0.05 0.1265625
0 0.54453125 0.5625 0.05 0.1265625
0 0.26953125 0.1859375 0.0515625 0.11875
1 0.965625 0.05859375 0.0390625 0.040625
0 0.5421875 0.20859375 0.05 0.1125
0 0.33984375 0.54453125 0.05 0.128125
0 0.30703125 0.54375 0.053125 0.1296875
0 0.7984375 0.04453125 0.040625 0.04375
0 0.4609375 0.0203125 0.04375 0.040625
1 0.72421875 0.46484375 0.05 0.1125
0 0.51015625 0.55703125 0.0484375 0.128125
0 0.36953125 0.54765625 0.0515625 0.125
1 0.0921875 0.00546875 0.0375 0.0109375
0 0.17109375 0.9125 0.0484375 0.1203125
0 0.290625 0.01328125 0.040625 0.0265625
0 0.91484375 0.05390625 0.0640625 0.04375
0 0.67734375 0.22265625 0.053125 0.1171875
0 0.23828125 0.18359375 0.05 0.11875
0 0.78359375 0.22734375 0.0453125 0.1171875
1 0.315625 0.8078125 0.05 0.1265625
0 0.9265625 0.4765625 0.0484375 0.1140625
1 0.21953125 0.4171875 0.0453125 0.1109375
0 0.71875 0.95 0.053125 0.1
0 0.35234375 0.81015625 0.05 0.13125
1 0.64375 0.21875 0.0484375 0.1140625
0 0.8640625 0.85546875 0.0484375 0.11875
0 0.30625 0.1921875 0.05 0.115625
0 0.12109375 0.9109375 0.059375 0.11875
0 0.14453125 0.41171875 0.0515625 0.11875
0 0.88125 0.95625 0.046875 0.0875
0 0.31484375 0.42109375 0.053125 0.1203125
0 0.13828125 0.17578125 0.05 0.115625
0 0.1375 0.7859375 0.053125 0.1265625
0 0.246875 0.8015625 0.0453125 0.1203125
0 0.2671875 0.5390625 0.05 0.128125
0 0.24921875 0.41796875 0.0453125 0.1125
0 0.28125 0.8046875 0.05 0.11875
0 0.0765625 0.9078125 0.05625 0.1171875
1 0.6421875 0.94609375 0.05 0.1078125
1 0.921875 0.9578125 0.046875 0.084375
0 0.1828125 0.79375 0.0484375 0.125
1 0.828125 0.046875 0.0390625 0.04375
0 0.33671875 0.92578125 0.0515625 0.1203125
0 0.04140625 0.771875 0.0515625 0.1265625
0 0.30546875 0.9234375 0.05 0.11875
0 0.38203125 0.80859375 0.046875 0.125
1 0.784375 0.9546875 0.046875 0.090625
0 0.79296875 0.46640625 0.053125 0.1171875
0 0.09765625 0.78046875 0.053125 0.1265625
0 0.02578125 0.89921875 0.0515625 0.1234375
0 0.44609375 0.821875 0.0453125 0.11875
0 0.89140625 0.2375 0.05 0.1203125
1 0.38125 0.428125 0.0484375 0.1203125
0 0.75 0.95390625 0.046875 0.0921875
1 0.175 0.17890625 0.05 0.1125
0 0.17109375 0.52734375 0.0453125 0.1265625
0 0.234375 0.92109375 0.05 0.1171875
0 0.575 0.94296875 0.046875 0.1140625
0 0.10390625 0.52734375 0.0453125 0.125
1 0.32265625 0.01484375 0.0390625 0.0296875
0 0.20703125 0.18125 0.0453125 0.1125
1 0.2828125 0.41796875 0.0453125 0.1171875
1 0.76328125 0.04296875 0.040625 0.0453125
0 0.8484375 0.23671875 0.046875 0.1171875
0 0.02109375 0.3953125 0.0375 0.1171875
0 0.06796875 0.5234375 0.0453125 0.1234375
0 0.37734375 0.9296875 0.046875 0.1203125
0 0.76171875 0.46328125 0.0515625 0.115625
0 0.10390625 0.17421875 0.04375 0.11875
0 0.2140625 0.796875 0.0453125 0.125
1 0.0828125 0.40390625 0.040625 0.1109375
0 0.23828125 0.53671875 0.0453125 0.1234375
1 0.42421875 0.01796875 0.0390625 0.0359375
1 0.98828125 0.0609375 0.0234375 0.040625
0 0.79296875 0.84609375 0.0484375 0.125
0 0.540625 0.94453125 0.04375 0.1109375
1 0.66015625 0.03515625 0.0421875 0.0484375
0 0.26875 0.9203125 0.0484375 0.1203125
0 0.5125 0.9453125 0.05 0.109375
0 0.1171875 0.00546875 0.03125 0.0109375
0 0.13671875 0.53046875 0.04375 0.1265625
1 0.59453125 0.0296875 0.0421875 0.05
1 0.6953125 0.03828125 0.040625 0.046875
0 0.3875 0.0171875 0.040625 0.034375
0 0.6125 0.9453125 0.046875 0.109375
1 0.73046875 0.040625 0.0390625 0.046875
0 0.03515625 0.51875 0.0453125 0.125
0 0.1125 0.40625 0.0390625 0.1109375
0 0.40859375 0.93203125 0.0484375 0.11875
0 0.14921875 0.00703125 0.0421875 0.0140625
0 0.82265625 0.4703125 0.05 0.1140625
0 0.62578125 0.03203125 0.0421875 0.0484375
0 0.89453125 0.86015625 0.04375 0.121875
0 0.353125 0.015625 0.040625 0.03125
1 0.56171875 0.02734375 0.040625 0.05
1 0.43828125 0.93515625 0.0515625 0.1203125
1 0.52578125 0.02421875 0.0421875 0.0484375
1 0.91796875 0.240625 0.0421875 0.11875
1 0.48984375 0.021875 0.0390625 0.04375
0 0.95859375 0.85703125 0.034375 0.128125
0 0.1921875 0.009375 0.040625 0.01875
1 0.553125 0.83203125 0.046875 0.128125
1 0.98125 0.60078125 0.034375 0.121875
0 0.01171875 0.51640625 0.0234375 0.1234375
0 0.221875 0.0109375 0.0375 0.021875
0 0.9484375 0.9578125 0.034375 0.084375
0 0.25625 0.0125 0.040625 0.025
1 0.07578125 0.1734375 0.046875 0.1171875
0 0.0171875 0.77265625 0.034375 0.1203125
0 0.04453125 0.165625 0.0421875 0.1171875
0 0.9890625 0.48359375 0.021875 0.1171875
1 0.484375 0.8265625 0.0390625 0.11875
1 0.92109375 0.59609375 0.0453125 0.128125
0 0.0375 0.903125 0.0546875 0.11875
1 0.07734375 0.78046875 0.034375 0.121875
1 0.48046875 0.9421875 0.0515625 0.115625