1 0.796875 0.84140625 0.0546875 0.1640625
1 0.546875 0.20625 0.053125 0.15546875
1 0.84375 0.69296875 0.05234375 0.14921875
1 0.88125 0.8453125 0.05625 0.16015625
0 0.79765625 0.69296875 0.05546875 0.14765625
1 0.584375 0.85078125 0.05703125 0.16328125
0 0.66875 0.2109375 0.0546875 0.15390625
0 0.75859375 0.8515625 0.05859375 0.16953125
1 0.62734375 0.3625 0.05546875 0.15625
1 0.84296875 0.3625 0.05 0.15546875
1 0.71015625 0.69453125 0.053125 0.14921875
1 0.54375 0.36484375 0.053125 0.1578125
1 0.71015625 0.21328125 0.0515625 0.14921875
0 0.5453125 0.84453125 0.05546875 0.171875
0 0.84453125 0.83984375 0.05390625 0.159375
0 0.75703125 0.696875 0.05703125 0.15
1 0.503125 0.85078125 0.05625 0.1703125
0 0.2 0.85234375 0.05546875 0.16328125
1 0.75703125 0.2125 0.04921875 0.14921875
0 0.5046875 0.2109375 0.05234375 0.1578125
0 0.1515625 0.69296875 0.053125 0.16015625
0 0.6734375 0.3625 0.0515625 0.159375
0 0.5875 0.69140625 0.05703125 0.153125
1 0.84375 0.2140625 0.05 0.1484375
0 0.4984375 0.68671875 0.05234375 0.159375
1 0.8828125 0.68984375 0.0515625 0.1484375
0 0.709375 0.3640625 0.05234375 0.16015625
0 0.28359375 0.35390625 0.059375 0.15546875
0 0.75703125 0.3625 0.053125 0.1609375
1 0.1046875 0.690625 0.06875 0.16953125
0 0.15078125 0.203125 0.0453125 0.1515625
0 0.5453125 0.68828125 0.053125 0.15546875
0 0.59296875 0.20546875 0.06171875 0.15546875
0 0.14609375 0.3578125 0.05078125 0.16484375
1 0.8828125 0.3609375 0.04921875 0.15546875
0 0.49921875 0.36328125 0.05234375 0.16484375
0 0.46171875 0.209375 0.04375 0.153125
0 0.2359375 0.35546875 0.0515625 0.1609375
0 0.46171875 0.3640625 0.046875 0.1703125
1 0.7953125 0.2125 0.05 0.14765625
1 0.03828125 0.3578125 0.06484375 0.16640625
0 0.6375 0.69375 0.05625 0.153125
0 0.1921875 0.34921875 0.04921875 0.15
1 0.79765625 0.3625 0.0515625 0.1578125
1 0.88203125 0.21015625 0.04921875 0.14765625
0 0.19453125 0.20546875 0.0421875 0.15078125
1 0.96953125 0.84609375 0.053125 0.159375
0 0.23203125 0.203125 0.04921875 0.15234375
1 0.9203125 0.84609375 0.05546875 0.1578125
1 0.58359375 0.3625 0.05234375 0.15390625
0 0.28203125 0.20390625 0.0484375 0.15
1 0.0375 0.85234375 0.06796875 0.159375
0 0.45390625 0.8515625 0.06328125 0.1734375
1 0.921875 0.2109375 0.05078125 0.1484375
1 0.92265625 0.69453125 0.053125 0.1515625
1 0.9703125 0.21015625 0.0484375 0.14921875
1 0.96875 0.69140625 0.05078125 0.153125
1 0.2375 0.8515625 0.04921875 0.16328125
1 0.67265625 0.69453125 0.05 0.14765625
1 0.96953125 0.3640625 0.05078125 0.1640625
1 0.92265625 0.36328125 0.05 0.159375
1 0.10390625 0.20234375 0.0625 0.15546875
0 0.70859375 0.85546875 0.059375 0.17265625
1 0.2 0.69140625 0.05703125 0.15859375
0 0.28046875 0.690625 0.05546875 0.1546875
1 0.10234375 0.35859375 0.06171875 0.16796875
0 0.28359375 0.85078125 0.05625 0.16484375
1 0.03984375 0.19765625 0.06171875 0.1625
0 0.22890625 0.6921875 0.0609375 0.1578125
1 0.15 0.85078125 0.0515625 0.159375
1 0.03984375 0.68359375 0.0671875 0.18515625
1 0.10546875 0.8515625 0.06796875 0.1578125
1 0.6265625 0.8484375 0.05 0.15703125
1 0.67109375 0.85234375 0.05859375 0.16875