0 0.36015625 0.0953125 0.103125 0.1578125
0 0.1109375 0.16171875 0.10625 0.1578125
0 0.2984375 0.11171875 0.103125 0.1578125
1 0.34765625 0.2984375 0.1296875 0.246875
1 0.17265625 0.1453125 0.10625 0.1578125
0 0.234375 0.12890625 0.103125 0.1578125
0 0.40859375 0.2796875 0.1265625 0.246875
0 0.47421875 0.2640625 0.134375 0.2515625
0 0.484375 0.06953125 0.1 0.1390625
0 0.05 0.17890625 0.1 0.1578125
0 0.09140625 0.35625 0.134375 0.2421875
0 0.2828125 0.315625 0.13125 0.246875
0 0.15546875 0.346875 0.1234375 0.240625
0 0.41171875 0.79765625 0.1375 0.259375
0 0.2171875 0.334375 0.1265625 0.2453125
0 0.603125 0.7578125 0.1375 0.2703125
0 0.546875 0.0640625 0.10625 0.128125
0 0.740625 0.0375 0.109375 0.075
1 0.421875 0.07890625 0.10625 0.1578125
0 0.28359375 0.834375 0.1375 0.271875
0 0.6109375 0.053125 0.10625 0.10625
0 0.6640625 0.215625 0.1296875 0.234375
0 0.7921875 0.1796875 0.1359375 0.2359375
0 0.67734375 0.04609375 0.1078125 0.0921875
0 0.72890625 0.72578125 0.1359375 0.2671875
0 0.85703125 0.68671875 0.134375 0.253125
0 0.85234375 0.01875 0.0734375 0.0375
0 0.90390625 0.1515625 0.09375 0.221875
0 0.96796875 0.67890625 0.0640625 0.2484375
0 0.5421875 0.25859375 0.125 0.228125
0 0.21796875 0.84921875 0.115625 0.2375
0 0.3453125 0.81328125 0.10625 0.246875
0 0.478125 0.778125 0.1265625 0.259375
0 0.53359375 0.75859375 0.121875 0.2609375
0 0.6609375 0.73515625 0.11875 0.2453125
0 0.79375 0.7078125 0.1265625 0.2609375
0 0.9203125 0.671875 0.1203125 0.2578125
0 0.8578125 0.17421875 0.115625 0.2546875
0 0.80078125 0.02890625 0.0921875 0.0578125
0 0.596875 0.23125 0.1125 0.2390625
0 0.72265625 0.19609375 0.128125 0.240625