1 0.7109375 0.91015625 0.09375 0.1703125
1 0.79375 0.921875 0.09375 0.15625
1 0.6625 0.7421875 0.0890625 0.159375
1 0.50390625 0.86484375 0.090625 0.16875
1 0.6125 0.22734375 0.084375 0.159375
0 0.75859375 0.91328125 0.090625 0.165625
0 0.74765625 0.7625 0.090625 0.159375
1 0.57578125 0.38046875 0.0828125 0.1609375
0 0.73046875 0.26171875 0.084375 0.15625
1 0.77109375 0.27109375 0.0796875 0.1546875
0 0.67421875 0.8984375 0.09375 0.16875
0 0.50078125 0.7 0.0875 0.159375
1 0.83125 0.7765625 0.0875 0.1625
1 0.66015625 0.39765625 0.0859375 0.1609375
1 0.425 0.84765625 0.09375 0.178125
0 0.69921875 0.4078125 0.084375 0.165625
0 0.70859375 0.75 0.090625 0.1578125
0 0.12890625 0.778125 0.0890625 0.1703125
1 0.8671875 0.44765625 0.0875 0.165625
0 0.5421875 0.709375 0.090625 0.1609375
1 0.90546875 0.45390625 0.0875 0.16875
0 0.73671875 0.41640625 0.0890625 0.1703125
1 0.81640625 0.27890625 0.08125 0.15625
1 0.93984375 0.30703125 0.0828125 0.15625
0 0.4671875 0.85 0.09375 0.1765625
0 0.18828125 0.2859375 0.0890625 0.1734375
1 0.7875 0.76796875 0.0796875 0.1609375
1 0.0734375 0.59609375 0.103125 0.178125
0 0.11875 0.61328125 0.0875 0.1671875
0 0.78359375 0.43125 0.090625 0.1703125
1 0.853125 0.28984375 0.08125 0.15625
0 0.23828125 0.296875 0.0875 0.16875
1 0.990625 0.32890625 0.01875 0.1609375
1 0.165625 0.78671875 0.0828125 0.1671875
0 0.3234375 0.315625 0.0953125 0.16875
1 0.821875 0.4375 0.0875 0.1671875
1 0.9015625 0.29765625 0.0828125 0.1578125
0 0.5359375 0.37109375 0.0890625 0.1671875
1 0.8796875 0.93203125 0.090625 0.1359375
0 0.2765625 0.30546875 0.0875 0.1703125
0 0.57109375 0.22109375 0.0828125 0.1625
0 0.225 0.134375 0.078125 0.159375
1 0.615625 0.38203125 0.0828125 0.1578125
1 0.9671875 0.31484375 0.065625 0.1578125
1 0.83671875 0.92578125 0.0765625 0.1484375
0 0.49453125 0.36171875 0.0828125 0.16875
1 0.91484375 0.796875 0.0875 0.1640625
0 0.58984375 0.72734375 0.090625 0.1609375
1 0.0859375 0.26328125 0.1 0.178125
0 0.27109375 0.146875 0.0765625 0.1578125
1 0.625 0.73359375 0.0859375 0.1546875
0 0.21171875 0.79765625 0.09375 0.171875
0 0.65859375 0.23828125 0.09375 0.1609375
0 0.5296875 0.21171875 0.0765625 0.1578125
0 0.30703125 0.15390625 0.08125 0.159375
1 0.9734375 0.47890625 0.053125 0.1703125
1 0.94453125 0.465625 0.0859375 0.1671875
0 0.37890625 0.83515625 0.0921875 0.1796875
0 0.61796875 0.89765625 0.1046875 0.184375
0 0.3546875 0.16640625 0.08125 0.159375
1 0.86875 0.7875 0.078125 0.1671875
1 0.146875 0.278125 0.1 0.1796875
1 0.12109375 0.1078125 0.096875 0.171875
1 0.0828125 0.76640625 0.0859375 0.165625
1 0.18203125 0.12421875 0.09375 0.1671875
1 0.5859375 0.884375 0.09375 0.1734375
0 0.24609375 0.6421875 0.0890625 0.1640625
1 0.16953125 0.62421875 0.096875 0.1671875
0 0.46171875 0.69296875 0.0875 0.1625
0 0.18984375 0.63046875 0.096875 0.16875
1 0.01015625 0.74453125 0.0203125 0.1765625
1 0.546875 0.871875 0.084375 0.159375
1 0.0421875 0.75390625 0.084375 0.1703125
1 0.4140625 0.68125 0.0921875 0.16875
0 0.6359375 0.89609375 0.08125 0.1640625
1 0.0265625 0.59453125 0.053125 0.1546875