0 0.3671875 0.19765625 0.0484375 0.1171875
1 0.80859375 0.22265625 0.046875 0.115625
0 0.553125 0.4484375 0.05 0.1109375
1 0.71484375 0.575 0.0484375 0.1265625
1 0.5859375 0.4515625 0.046875 0.1078125
0 0.7421875 0.22109375 0.0484375 0.1125
1 0.85859375 0.95234375 0.0484375 0.0953125
0 0.65625 0.45703125 0.0515625 0.1125
1 0.5171875 0.446875 0.046875 0.1109375
0 0.68125 0.5765625 0.0484375 0.128125
1 0.57890625 0.565625 0.0484375 0.1265625
1 0.76484375 0.84140625 0.046875 0.125
1 0.95625 0.590625 0.0484375 0.125
1 0.70546875 0.21875 0.0484375 0.1125
0 0.45 0.4359375 0.046875 0.115625
0 0.440625 0.55390625 0.046875 0.125
0 0.75078125 0.5765625 0.0484375 0.1234375
1 0.6484375 0.571875 0.0484375 0.125
0 0.8546875 0.58671875 0.0515625 0.1265625
0 0.590625 0.8265625 0.046875 0.1265625
1 0.85546875 0.04453125 0.0390625 0.0453125
0 0.6078125 0.21484375 0.046875 0.1140625
1 0.965625 0.471875 0.046875 0.115625
1 0.50546875 0.20703125 0.0484375 0.1125
0 0.896875 0.47109375 0.05 0.115625
0 0.4203125 0.43125 0.0484375 0.11875
1 0.82265625 0.5796875 0.0484375 0.121875
1 0.48203125 0.44453125 0.0484375 0.1125
0 0.825 0.9515625 0.046875 0.096875
1 0.5734375 0.209375 0.0484375 0.115625
0 0.68984375 0.45703125 0.0484375 0.1125
0 0.896875 0.5859375 0.0625 0.128125
0 0.78359375 0.58125 0.0484375 0.1234375
1 0.61953125 0.45546875 0.046875 0.1109375
0 0.69453125 0.83046875 0.0484375 0.128125
1 0.8578125 0.4703125 0.0484375 0.115625
1 0.94453125 0.23203125 0.0453125 0.1140625
0 0.884375 0.2296875 0.0546875 0.1171875
0 0.20703125 0.53828125 0.046875 0.1265625
0 0.45234375 0.02109375 0.0421875 0.0421875
1 0.33515625 0.1953125 0.0484375 0.115625
1 0.2859375 0.80703125 0.0453125 0.1203125
0 0.46796875 0.20390625 0.046875 0.1140625
1 0.9359375 0.853125 0.04375 0.1265625
0 0.790625 0.040625 0.040625 0.04375
1 0.47421875 0.559375 0.0484375 0.125
0 0.409375 0.5546875 0.0484375 0.128125
1 0.97890625 0.2359375 0.0421875 0.1125
1 0.84296875 0.2265625 0.0453125 0.1140625
0 0.63046875 0.82734375 0.046875 0.1265625
0 0.04609375 0.40859375 0.046875 0.11875
1 0.834375 0.846875 0.0453125 0.1234375
1 0.9578125 0.05 0.0375 0.040625
0 0.73359375 0.8375 0.046875 0.1265625
0 0.403125 0.20078125 0.046875 0.1140625
0 0.92578125 0.46953125 0.046875 0.1140625
1 0.66171875 0.8328125 0.0453125 0.128125
0 0.53671875 0.2078125 0.0484375 0.1125
1 0.43828125 0.19921875 0.0484375 0.11875
0 0.35078125 0.428125 0.0515625 0.1203125
0 0.68828125 0.946875 0.0484375 0.10625
0 0.2640625 0.18984375 0.0484375 0.1171875
0 0.609375 0.56796875 0.046875 0.1265625
0 0.18359375 0.421875 0.0484375 0.109375
0 0.54609375 0.5625 0.0484375 0.128125
0 0.42265625 0.81015625 0.0453125 0.1234375
1 0.8203125 0.0421875 0.0375 0.04375
1 0.6390625 0.2171875 0.046875 0.1140625
1 0.084375 0.00859375 0.0375 0.0171875
1 0.7234375 0.4609375 0.0484375 0.1125
0 0.67265625 0.21953125 0.0515625 0.115625
0 0.7765625 0.2265625 0.0453125 0.1125
0 0.9078125 0.046875 0.0640625 0.0421875
0 0.2796875 0.0140625 0.040625 0.028125
1 0.2171875 0.42421875 0.0453125 0.109375
0 0.14609375 0.79453125 0.0484375 0.121875
0 0.36953125 0.55234375 0.046875 0.128125
0 0.2078125 0.921875 0.0453125 0.1171875
0 0.24765625 0.42265625 0.04375 0.1109375
0 0.1 0.7890625 0.0546875 0.121875
0 0.72734375 0.9484375 0.0515625 0.103125
0 0.3078125 0.54921875 0.05 0.1328125
0 0.171875 0.53359375 0.0421875 0.125
0 0.35078125 0.80625 0.046875 0.1296875
0 0.2328125 0.18828125 0.0484375 0.11875
0 0.88984375 0.953125 0.0453125 0.09375
1 0.75546875 0.03828125 0.0390625 0.0453125
0 0.1421875 0.41875 0.05 0.1171875
0 0.178125 0.91953125 0.0453125 0.11875
1 0.32265625 0.80703125 0.04375 0.125
0 0.12890625 0.9171875 0.05625 0.11875
0 0.3015625 0.1953125 0.046875 0.115625
0 0.31328125 0.4234375 0.0515625 0.1203125
0 0.1328125 0.18203125 0.046875 0.115625
0 0.25234375 0.803125 0.0453125 0.1234375
0 0.51015625 0.56171875 0.0484375 0.128125
0 0.340625 0.55 0.046875 0.1296875
1 0.93046875 0.9546875 0.0453125 0.090625
0 0.34375 0.928125 0.05 0.11875
0 0.8703125 0.8484375 0.046875 0.1203125
1 0.415625 0.01953125 0.0375 0.0390625
0 0.31171875 0.92734375 0.05 0.1171875
0 0.18671875 0.8 0.0453125 0.121875
0 0.084375 0.9140625 0.0546875 0.11875
1 0.3140625 0.01640625 0.0375 0.0328125
0 0.2671875 0.54453125 0.0484375 0.1296875
0 0.028125 0.9078125 0.05625 0.121875
0 0.1046875 0.534375 0.04375 0.125
0 0.23984375 0.9265625 0.046875 0.115625
0 0.109375 0.00859375 0.03125 0.0171875
0 0.06953125 0.53125 0.04375 0.121875
0 0.75859375 0.95234375 0.0453125 0.0953125
0 0.45234375 0.81953125 0.0421875 0.121875
0 0.58203125 0.94296875 0.0453125 0.1140625
1 0.16953125 0.18515625 0.046875 0.1140625
1 0.72265625 0.0359375 0.0390625 0.0453125
1 0.984375 0.0515625 0.03125 0.040625
0 0.2015625 0.1859375 0.0421875 0.1125
1 0.79296875 0.95234375 0.0453125 0.0953125
0 0.01953125 0.40390625 0.0359375 0.115625
0 0.21796875 0.8015625 0.0421875 0.1234375
0 0.046875 0.78125 0.0484375 0.125
1 0.6515625 0.03203125 0.040625 0.0484375
0 0.0046875 0.78984375 0.009375 0.1203125
0 0.38515625 0.93125 0.0453125 0.11875
1 0.65 0.9453125 0.05 0.109375
1 0.5859375 0.028125 0.040625 0.0484375
1 0.48359375 0.02265625 0.0390625 0.0453125
1 0.6875 0.034375 0.040625 0.046875
0 0.6171875 0.0296875 0.040625 0.0484375
0 0.14296875 0.01015625 0.0421875 0.0203125
0 0.03515625 0.52890625 0.0453125 0.1265625
1 0.38046875 0.4328125 0.046875 0.1203125
0 0.275 0.92578125 0.0453125 0.1171875
0 0.3453125 0.0171875 0.040625 0.034375
0 0.3890625 0.80859375 0.0421875 0.128125
0 0.37890625 0.01875 0.0390625 0.0375
1 0.08125 0.4109375 0.0390625 0.109375
0 0.2375 0.5421875 0.040625 0.125
0 0.5484375 0.94453125 0.04375 0.1109375
0 0.13828125 0.5359375 0.0421875 0.1265625
1 0.5171875 0.0234375 0.040625 0.046875
0 0.7984375 0.84140625 0.0453125 0.1234375
0 0.7609375 0.459375 0.05 0.115625
0 0.51953125 0.94453125 0.0484375 0.1109375
0 0.05 0.00703125 0.034375 0.0140625
1 0.55 0.0265625 0.040625 0.05
1 0.9953125 0.23671875 0.009375 0.1078125
0 0.0984375 0.18125 0.0421875 0.1171875
1 0.28125 0.42265625 0.0421875 0.115625
0 0.109375 0.41484375 0.040625 0.1140625
0 0.4171875 0.93359375 0.0453125 0.11875
0 0.62109375 0.94453125 0.0453125 0.1109375
0 0.90078125 0.853125 0.0421875 0.121875
0 0.7921875 0.46171875 0.05 0.115625
1 0.559375 0.82890625 0.04375 0.128125
1 0.44609375 0.93671875 0.0484375 0.11875
0 0.96484375 0.85 0.0328125 0.128125
0 0.821875 0.46484375 0.046875 0.1140625
0 0.18359375 0.01171875 0.0390625 0.0234375
0 0.0109375 0.525 0.021875 0.121875
1 0.9828125 0.5921875 0.03125 0.121875
0 0.0203125 0.78359375 0.0390625 0.115625
0 0.2125 0.01328125 0.0375 0.0265625
0 0.95625 0.95390625 0.03125 0.0921875
1 0.0703125 0.18125 0.04375 0.115625
0 0.246875 0.01484375 0.040625 0.0296875
0 0.98828125 0.475 0.0234375 0.115625
0 0.03828125 0.1734375 0.040625 0.115625
1 0.92265625 0.58828125 0.04375 0.1265625
1 0.4890625 0.825 0.0375 0.1234375
1 0.91328125 0.2328125 0.0390625 0.115625