1 0.90546875 0.82265625 0.065625 0.159375
1 0.82109375 0.825 0.0671875 0.1640625
1 0.7234375 0.6828125 0.0640625 0.153125
1 0.61796875 0.35859375 0.065625 0.1578125
0 0.86796875 0.8203125 0.0640625 0.159375
1 0.85703125 0.6734375 0.0625 0.1546875
0 0.559375 0.6921875 0.0640625 0.153125
1 0.53671875 0.36328125 0.0609375 0.159375
0 0.81015625 0.6765625 0.0640625 0.1515625
1 0.52734375 0.21015625 0.0625 0.1578125
1 0.6109375 0.84921875 0.0640625 0.1640625
1 0.83203125 0.34296875 0.0625 0.1609375
1 0.6890625 0.20390625 0.0609375 0.1515625
0 0.16875 0.721875 0.0625 0.1625
0 0.646875 0.2078125 0.0671875 0.1546875
1 0.8953125 0.66796875 0.0625 0.15625
0 0.7703125 0.678125 0.0671875 0.153125
1 0.7359375 0.1984375 0.0609375 0.1515625
1 0.5296875 0.85625 0.0671875 0.1734375
0 0.6640625 0.35625 0.0609375 0.1609375
0 0.22734375 0.87890625 0.065625 0.165625
0 0.60078125 0.69140625 0.065625 0.153125
1 0.87265625 0.34296875 0.0625 0.1625
0 0.5703125 0.853125 0.0625 0.1734375
0 0.7 0.353125 0.0625 0.1640625
1 0.82265625 0.19375 0.0609375 0.15
0 0.7828125 0.83828125 0.06875 0.1703125
1 0.78671875 0.346875 0.0625 0.1625
0 0.74765625 0.34921875 0.0640625 0.165625
0 0.5140625 0.7 0.0625 0.1546875
1 0.26484375 0.87578125 0.059375 0.165625
0 0.19140625 0.3875 0.0640625 0.165625
0 0.571875 0.2078125 0.0734375 0.159375
0 0.2765625 0.38046875 0.071875 0.1609375
0 0.48671875 0.21640625 0.0609375 0.1578125
0 0.13984375 0.3921875 0.0640625 0.16875
0 0.453125 0.371875 0.0578125 0.1671875
0 0.49609375 0.36953125 0.0671875 0.1640625
1 0.86171875 0.19140625 0.059375 0.15
0 0.2296875 0.3859375 0.0625 0.1640625
0 0.6515625 0.68828125 0.065625 0.153125
1 0.94375 0.8203125 0.065625 0.159375
0 0.13203125 0.2375 0.0546875 0.15625
1 0.77421875 0.19765625 0.059375 0.15
1 0.98046875 0.81640625 0.0390625 0.1609375
0 0.44296875 0.21953125 0.0546875 0.1546875
1 0.575 0.36171875 0.0625 0.1546875
0 0.2640625 0.228125 0.0609375 0.15625
1 0.975 0.66171875 0.05 0.1578125
0 0.178125 0.228125 0.053125 0.153125
0 0.2140625 0.2296875 0.0578125 0.15625
1 0.12265625 0.7203125 0.078125 0.1734375
1 0.1796875 0.88046875 0.0625 0.1625
1 0.03515625 0.4 0.0703125 0.171875
1 0.93515625 0.66953125 0.0625 0.1578125
1 0.91171875 0.33828125 0.0625 0.1640625
1 0.096875 0.3953125 0.075 0.171875
1 0.96015625 0.3375 0.059375 0.1671875
1 0.946875 0.18046875 0.0578125 0.153125
1 0.6875 0.69296875 0.0578125 0.15
0 0.31015625 0.8734375 0.065625 0.1703125
1 0.9015625 0.18515625 0.0609375 0.1515625
0 0.29609375 0.7125 0.0640625 0.1578125
0 0.48125 0.8578125 0.065625 0.1734375
1 0.0671875 0.89296875 0.0765625 0.1703125
0 0.7328125 0.8453125 0.0671875 0.171875
1 0.21953125 0.71953125 0.0734375 0.1609375
0 0.24921875 0.71640625 0.059375 0.1578125
1 0.69375 0.85234375 0.0578125 0.1734375
0 0.13203125 0.88046875 0.078125 0.165625
1 0.46953125 0.70234375 0.0640625 0.153125
1 0.64921875 0.84140625 0.0609375 0.1609375
1 0.05625 0.72421875 0.078125 0.18125
1 0.0296875 0.2359375 0.059375 0.16875
1 0.61171875 0.2109375 0.0515625 0.15625
1 0.08671875 0.23359375 0.0734375 0.1609375