0 0.29765625 0.2390625 0.0578125 0.1203125
0 0.59609375 0.54453125 0.0625 0.1265625
1 0.60625 0.42734375 0.05625 0.1140625
1 0.73125 0.15625 0.0578125 0.1171875
0 0.45625 0.565625 0.0609375 0.1265625
0 0.66796875 0.16953125 0.059375 0.115625
0 0.5390625 0.434375 0.0578125 0.1109375
1 0.72578125 0.52109375 0.0609375 0.128125
1 0.57109375 0.43203125 0.05625 0.1109375
1 0.96015625 0.86328125 0.059375 0.1234375
0 0.69609375 0.528125 0.059375 0.128125
1 0.6609375 0.53359375 0.0625 0.1265625
0 0.6234375 0.5390625 0.059375 0.128125
1 0.83984375 0.38046875 0.059375 0.1171875
1 0.47265625 0.4453125 0.05625 0.115625
0 0.6421875 0.41796875 0.0578125 0.1109375
1 0.96484375 0.47734375 0.0609375 0.1265625
1 0.503125 0.44140625 0.05625 0.1109375
1 0.83984375 0.7671875 0.059375 0.1265625
0 0.7625 0.51171875 0.059375 0.1265625
0 0.66640625 0.79375 0.0609375 0.13125
0 0.425 0.571875 0.0625 0.1265625
0 0.809375 0.14375 0.0671875 0.1203125
0 0.50078125 0.82265625 0.05625 0.121875
1 0.63203125 0.178125 0.059375 0.115625
0 0.865625 0.4984375 0.0640625 0.1296875
0 0.92734375 0.86953125 0.0578125 0.121875
1 0.48828125 0.56328125 0.0609375 0.125
0 0.39765625 0.22109375 0.0578125 0.1171875
1 0.83125 0.49921875 0.0609375 0.125
1 0.94453125 0.35859375 0.0578125 0.1203125
0 0.79375 0.50546875 0.059375 0.1265625
0 0.56015625 0.546875 0.059375 0.13125
1 0.5015625 0.20234375 0.059375 0.11875
0 0.76875 0.775 0.0609375 0.1296875
1 0.43046875 0.2140625 0.059375 0.115625
0 0.79296875 0.89453125 0.0609375 0.121875
1 0.7375 0.78515625 0.0578125 0.13125
0 0.22421875 0.60703125 0.059375 0.1265625
0 0.35546875 0.5859375 0.0609375 0.1296875
0 0.43671875 0.446875 0.0578125 0.1203125
0 0.5359375 0.1984375 0.0578125 0.11875
1 0.9890625 0.73515625 0.021875 0.1296875
0 0.32890625 0.2328125 0.0578125 0.1171875
1 0.8671875 0.1328125 0.0578125 0.1171875
1 0.4375 0.83984375 0.059375 0.128125
0 0.6734375 0.4140625 0.0578125 0.1109375
0 0.87890625 0.375 0.0609375 0.11875
1 0.76640625 0.15078125 0.05625 0.115625
1 0.36640625 0.8484375 0.0578125 0.125
1 0.909375 0.75546875 0.0578125 0.125
0 0.8078125 0.77109375 0.059375 0.128125
0 0.70546875 0.78671875 0.059375 0.1296875
0 0.33671875 0.46640625 0.0625 0.1234375
0 0.31796875 0.95859375 0.0609375 0.0828125
0 0.46796875 0.209375 0.059375 0.11875
1 0.4015625 0.8453125 0.059375 0.1296875
1 0.26640625 0.24453125 0.059375 0.1171875
0 0.90625 0.48671875 0.0765625 0.1328125
0 0.196875 0.25625 0.0578125 0.11875
0 0.296875 0.47265625 0.0671875 0.1265625
1 0.70703125 0.40703125 0.0578125 0.1140625
1 0.20703125 0.49375 0.0546875 0.1109375
0 0.90546875 0.36640625 0.0578125 0.11875
0 0.38671875 0.58046875 0.059375 0.128125
1 0.12734375 0.6265625 0.0578125 0.125
0 0.83125 0.8875 0.0640625 0.1234375
0 0.70234375 0.1625 0.0546875 0.11875
1 0.903125 0.128125 0.0578125 0.1140625
0 0.1734375 0.50078125 0.059375 0.1125
0 0.40625 0.4515625 0.0578125 0.1234375
0 0.98046875 0.85703125 0.0390625 0.1234375
0 0.52421875 0.553125 0.0609375 0.13125
0 0.32421875 0.59375 0.0625 0.1328125
0 0.53046875 0.8203125 0.0578125 0.121875
0 0.4703125 0.8296875 0.05625 0.125
0 0.28828125 0.9609375 0.0609375 0.078125
0 0.59921875 0.1875 0.0625 0.1203125
1 0.56640625 0.1921875 0.05625 0.11875
0 0.234375 0.2515625 0.05625 0.1171875
0 0.284375 0.5984375 0.0609375 0.1296875
1 0.36796875 0.225 0.0578125 0.1171875
0 0.2359375 0.4828125 0.05625 0.115625
1 0.04296875 0.525 0.053125 0.1078125
0 0.240625 0.96328125 0.075 0.0734375
0 0.128125 0.8828125 0.0609375 0.1265625
1 0.75546875 0.90078125 0.0609375 0.121875
1 0.07421875 0.51875 0.053125 0.1078125
1 0.33359375 0.04453125 0.04375 0.0515625
1 0.3015625 0.05 0.0421875 0.05
0 0.42109375 0.94921875 0.0640625 0.1015625
1 0.6359375 0.00703125 0.04375 0.0140625
0 0.3359375 0.85234375 0.0625 0.1265625
0 0.35078125 0.9578125 0.0640625 0.084375
0 0.165625 0.07421875 0.046875 0.0515625
0 0.08828125 0.63359375 0.0625 0.1265625
0 0.19609375 0.96796875 0.0703125 0.0640625
1 0.8953125 0.878125 0.0546875 0.11875
0 0.06796875 0.28046875 0.0578125 0.115625
0 0.165625 0.2625 0.0578125 0.1203125
1 0.2015625 0.06875 0.0421875 0.0515625
0 0.4515625 0.94609375 0.0625 0.1078125
1 0.1703125 0.8796875 0.05625 0.1203125
0 0.29921875 0.86015625 0.05625 0.128125
0 0.01796875 0.528125 0.0359375 0.1125
0 0.1875 0.61484375 0.0578125 0.125
0 0.94375 0.7484375 0.0578125 0.121875
1 0.103125 0.27421875 0.0578125 0.1140625
0 0.6875 0.91171875 0.0578125 0.121875
0 0.0078125 0.103125 0.015625 0.05
0 0.38515625 0.953125 0.0609375 0.09375
1 0.46953125 0.0234375 0.0453125 0.046875
0 0.03359375 0.28828125 0.053125 0.11875
1 0.36796875 0.0390625 0.0421875 0.0515625
0 0.13671875 0.975 0.0703125 0.05
0 0.0546875 0.63984375 0.059375 0.128125
0 0.22265625 0.87265625 0.0578125 0.125
0 0.134375 0.26796875 0.053125 0.1140625
0 0.74296875 0.396875 0.0609375 0.11875
0 0.4921875 0.94296875 0.059375 0.1140625
0 0.86328125 0.8859375 0.05625 0.11875
1 0.53359375 0.0171875 0.0453125 0.034375
0 0.8734375 0.76171875 0.0546875 0.1234375
1 0.56875 0.0140625 0.04375 0.028125
0 0.23203125 0.0625 0.04375 0.0515625
0 0.12734375 0.50859375 0.06875 0.11875
0 0.26875 0.86796875 0.059375 0.1296875
0 0.25625 0.60234375 0.0546875 0.1265625
0 0.4984375 0.01953125 0.04375 0.0390625
1 0.603125 0.01015625 0.04375 0.0203125
0 0.16015625 0.6203125 0.053125 0.121875
0 0.26640625 0.05625 0.0453125 0.0515625
0 0.6546875 0.92265625 0.0546875 0.11875
0 0.07734375 0.90390625 0.046875 0.1203125
0 0.7265625 0.90625 0.05625 0.1203125
0 0.628125 0.92890625 0.059375 0.115625
0 0.5234375 0.93984375 0.059375 0.1203125
1 0.928125 0.11875 0.04375 0.109375
1 0.3671875 0.4625 0.05625 0.1234375
0 0.03125 0.0984375 0.0453125 0.053125
1 0.434375 0.02890625 0.0453125 0.0546875
1 0.553125 0.93671875 0.0609375 0.121875
0 0.97265625 0.74453125 0.0546875 0.1265625
0 0.7734375 0.39140625 0.0625 0.11875
0 0.10078125 0.89765625 0.0515625 0.115625
0 0.028125 0.6421875 0.0421875 0.121875
1 0.26875 0.47890625 0.0515625 0.1171875
1 0.40234375 0.03359375 0.04375 0.053125
1 0.6375 0.80546875 0.05625 0.1296875
1 0.98359375 0.47265625 0.0328125 0.1234375
0 0.07265625 0.09140625 0.04375 0.053125
0 0.0984375 0.97890625 0.05 0.0421875
1 0.01640625 0.29296875 0.0328125 0.1171875
0 0.1 0.08671875 0.040625 0.0515625
0 0.8046875 0.38671875 0.05625 0.1171875
1 0.203125 0.878125 0.05 0.121875
0 0.971875 0.35546875 0.0390625 0.11875
1 0.11171875 0.5125 0.0578125 0.1109375
0 0.1359375 0.08125 0.04375 0.053125
1 0.93125 0.48359375 0.05625 0.128125
1 0.56796875 0.81953125 0.0484375 0.1203125
1 0.1609375 0.97421875 0.05625 0.0515625
1 0.834375 0.1390625 0.05 0.1171875
0 0.1125 0.97578125 0.05625 0.0484375