0 0.37734375 0.1921875 0.0515625 0.115625
1 0.81796875 0.23359375 0.0515625 0.115625
0 0.353125 0.42578125 0.053125 0.1140625
0 0.7515625 0.22890625 0.053125 0.1125
0 0.43984375 0.55078125 0.053125 0.125
1 0.71171875 0.5828125 0.053125 0.128125
1 0.31640625 0.42421875 0.0484375 0.1109375
0 0.55625 0.44921875 0.05 0.1078125
1 0.84296875 0.95703125 0.0515625 0.0859375
0 0.89609375 0.48203125 0.053125 0.1171875
0 0.20625 0.528125 0.053125 0.1265625
1 0.6453125 0.5765625 0.0546875 0.1234375
1 0.85859375 0.4828125 0.0515625 0.115625
1 0.715625 0.2265625 0.053125 0.1140625
1 0.57734375 0.56640625 0.0515625 0.121875
0 0.68046875 0.58203125 0.0515625 0.1265625
1 0.2859375 0.42109375 0.05 0.1125
1 0.51875 0.44765625 0.05 0.1109375
1 0.75234375 0.85 0.0515625 0.125
1 0.2203125 0.4140625 0.046875 0.1078125
0 0.74921875 0.5828125 0.0515625 0.1265625
1 0.953125 0.60625 0.053125 0.125
0 0.78125 0.58515625 0.0515625 0.125
0 0.41171875 0.8109375 0.0484375 0.1234375
1 0.47109375 0.5578125 0.0546875 0.1234375
0 0.4515625 0.434375 0.05 0.115625
1 0.48359375 0.44375 0.0515625 0.1125
0 0.809375 0.95625 0.05 0.0875
0 0.5796875 0.828125 0.053125 0.1296875
1 0.81875 0.590625 0.0515625 0.1234375
0 0.8515625 0.59921875 0.0546875 0.1265625
1 0.87109375 0.0578125 0.040625 0.0453125
0 0.65703125 0.46171875 0.0546875 0.1140625
1 0.515625 0.20625 0.0515625 0.1125
0 0.4078125 0.55 0.0546875 0.1265625
0 0.6171875 0.21875 0.05 0.115625
0 0.2515625 0.41484375 0.046875 0.109375
0 0.54375 0.5625 0.053125 0.125
1 0.58359375 0.21171875 0.0515625 0.115625
0 0.6828125 0.83828125 0.053125 0.128125
1 0.92265625 0.8671875 0.046875 0.1265625
1 0.65 0.8390625 0.05 0.13125
1 0.10703125 0.51953125 0.0515625 0.125
0 0.30625 0.540625 0.0546875 0.128125
0 0.61171875 0.571875 0.0515625 0.125
1 0.95390625 0.246875 0.0484375 0.1140625
0 0.47890625 0.20234375 0.05 0.1140625
1 0.85234375 0.2375 0.0484375 0.1140625
1 0.9625 0.48984375 0.0515625 0.1203125
1 0.08515625 0.4015625 0.0484375 0.1125
1 0.3 0.92109375 0.059375 0.1203125
1 0.34609375 0.1890625 0.0515625 0.1140625
0 0.31171875 0.80234375 0.0515625 0.1265625
0 0.690625 0.46484375 0.05 0.1078125
1 0.97265625 0.06640625 0.0390625 0.0421875
0 0.42265625 0.42890625 0.0515625 0.11875
0 0.4140625 0.196875 0.05 0.1140625
0 0.72109375 0.8421875 0.0515625 0.128125
1 0.98203125 0.253125 0.0359375 0.1125
0 0.19453125 0.91015625 0.0546875 0.121875
1 0.82265625 0.859375 0.0484375 0.125
1 0.34765625 0.809375 0.053125 0.128125
1 0.61953125 0.45859375 0.05 0.1125
0 0.61875 0.83203125 0.0515625 0.128125
0 0.6734375 0.95 0.053125 0.1
0 0.89296875 0.2421875 0.05625 0.11875
1 0.275 0.8015625 0.0515625 0.125
0 0.36875 0.546875 0.053125 0.1265625
0 0.3 0.0125 0.04375 0.025
0 0.1859375 0.41015625 0.053125 0.1109375
0 0.7109375 0.95078125 0.05625 0.0984375
1 0.725 0.46796875 0.0515625 0.1125
0 0.80625 0.05078125 0.040625 0.0453125
0 0.3390625 0.54296875 0.0515625 0.128125
0 0.05390625 0.39453125 0.0484375 0.1125
0 0.7859375 0.23515625 0.0484375 0.1140625
0 0.38125 0.80859375 0.0484375 0.1265625
1 0.4484375 0.19609375 0.0515625 0.11875
0 0.68203125 0.225 0.0546875 0.1171875
1 0.6484375 0.22109375 0.05 0.115625
0 0.5484375 0.20859375 0.0515625 0.1125
0 0.92265625 0.0609375 0.065625 0.0453125
1 0.8359375 0.05390625 0.0390625 0.0453125
0 0.8921875 0.6015625 0.0625 0.13125
0 0.2671875 0.53515625 0.053125 0.1265625
0 0.275 0.18125 0.0515625 0.1171875
1 0.4328125 0.01875 0.040625 0.0375
1 0.91328125 0.96171875 0.0484375 0.0765625
0 0.26484375 0.915625 0.0578125 0.121875
0 0.06796875 0.5140625 0.0546875 0.1265625
0 0.1640625 0.90625 0.05625 0.121875
1 0.46484375 0.02109375 0.0421875 0.0421875
0 0.440625 0.815625 0.05 0.121875
0 0.2421875 0.79609375 0.053125 0.125
0 0.5078125 0.55625 0.05 0.1296875
0 0.071875 0.89921875 0.065625 0.1203125
0 0.93125 0.48359375 0.0484375 0.1171875
0 0.8734375 0.95859375 0.05 0.0828125
0 0.33515625 0.9265625 0.0578125 0.1203125
0 0.24375 0.178125 0.0515625 0.11875
0 0.11640625 0.89921875 0.06875 0.1234375
1 0.63515625 0.94765625 0.0546875 0.1046875
0 0.025 0.3890625 0.0421875 0.115625
0 0.17109375 0.52109375 0.05 0.128125
0 0.5890625 0.45625 0.0484375 0.1078125
0 0.11015625 0.16640625 0.0453125 0.115625
1 0.33125 0.0140625 0.040625 0.028125
1 0.60234375 0.03125 0.04375 0.05
0 0.31484375 0.1875 0.05 0.1140625
1 0.77578125 0.95625 0.0484375 0.0875
0 0.565625 0.94375 0.05 0.1125
0 0.63359375 0.03515625 0.0421875 0.05
0 0.20859375 0.79140625 0.05 0.125
1 0.77109375 0.04765625 0.0421875 0.046875
0 0.03359375 0.51171875 0.053125 0.1265625
0 0.22578125 0.915625 0.0578125 0.1203125
0 0.14453125 0.17109375 0.05 0.115625
0 0.14140625 0.521875 0.046875 0.1234375
0 0.396875 0.015625 0.040625 0.03125
0 0.0765625 0.77265625 0.053125 0.1203125
1 0.5 0.0234375 0.040625 0.046875
1 0.9921875 0.06953125 0.015625 0.0421875
1 0.6671875 0.0375 0.0421875 0.0484375
0 0.3625 0.01484375 0.040625 0.0296875
0 0.85859375 0.86171875 0.0515625 0.121875
0 0.0234375 0.890625 0.046875 0.125
1 0.18203125 0.17265625 0.05 0.1125
0 0.7625 0.46875 0.053125 0.115625
0 0.2375 0.53203125 0.046875 0.1234375
0 0.1765625 0.78671875 0.053125 0.1265625
0 0.03671875 0.7671875 0.0515625 0.1234375
0 0.2125 0.175 0.046875 0.1109375
0 0.79375 0.47109375 0.0546875 0.1171875
0 0.5328125 0.94609375 0.046875 0.1078125
0 0.7859375 0.8515625 0.0515625 0.125
1 0.70390625 0.04140625 0.0421875 0.0484375
0 0.13359375 0.784375 0.0515625 0.1234375
1 0.10625 0.7796875 0.0421875 0.11875
1 0.73828125 0.04453125 0.040625 0.046875
1 0.56953125 0.028125 0.0421875 0.05
0 0.15234375 0.40390625 0.0453125 0.1109375
0 0.74140625 0.95546875 0.0484375 0.0890625
1 0.3875 0.42734375 0.0484375 0.115625
0 0.6046875 0.94609375 0.05 0.1078125
0 0.50390625 0.9453125 0.0515625 0.109375
0 0.36875 0.92890625 0.0515625 0.121875
1 0.12109375 0.40390625 0.046875 0.1078125
1 0.54765625 0.8328125 0.0484375 0.1296875
0 0.88828125 0.865625 0.046875 0.1234375
0 0.228125 0.00859375 0.0375 0.0171875
1 0.53515625 0.02421875 0.0421875 0.0484375
0 0.4015625 0.93046875 0.05 0.1203125
0 0.0171875 0.7671875 0.034375 0.11875
1 0.08203125 0.165625 0.046875 0.115625
0 0.95234375 0.865625 0.0359375 0.1296875
0 0.01328125 0.50546875 0.0265625 0.1234375
1 0.9796875 0.609375 0.0359375 0.121875
0 0.2 0.00703125 0.040625 0.0140625
0 0.26484375 0.0109375 0.0421875 0.021875
1 0.4296875 0.934375 0.05625 0.1203125
0 0.05 0.15703125 0.0453125 0.1171875
0 0.13984375 0.40625 0.05625 0.115625
0 0.93984375 0.96171875 0.0359375 0.0765625
0 0.98828125 0.49140625 0.0234375 0.1171875
0 0.8234375 0.47578125 0.0484375 0.115625
1 0.91875 0.603125 0.0484375 0.1265625
1 0.478125 0.82578125 0.040625 0.121875
1 0.92265625 0.246875 0.04375 0.1171875
1 0.50234375 0.83046875 0.0546875 0.134375
0 0.03203125 0.890625 0.0640625 0.121875
0 0.184375 0.00703125 0.0375 0.0140625