0 0.37578125 0.79453125 0.0890625 0.1671875
1 0.23984375 0.30859375 0.078125 0.15625
0 0.2109375 0.60546875 0.0828125 0.1578125
1 0.29375 0.621875 0.0796875 0.1578125
0 0.2578125 0.77109375 0.08125 0.15625
0 0.25703125 0.61171875 0.0828125 0.159375
1 0.4734375 0.20859375 0.078125 0.1484375
1 0.534375 0.6765625 0.0796875 0.1578125
0 0.43046875 0.2 0.075 0.153125
0 0.496875 0.66328125 0.084375 0.1578125
0 0.3546875 0.184375 0.08125 0.15625
1 0.3921875 0.19375 0.08125 0.15625
1 0.33203125 0.62890625 0.0796875 0.1609375
1 0.2984375 0.7765625 0.078125 0.1578125
1 0.6015625 0.384375 0.078125 0.1515625
0 0.44140625 0.34921875 0.0796875 0.1546875
0 0.19609375 0.29921875 0.08125 0.15625
0 0.3765625 0.63515625 0.0859375 0.165625
1 0.321875 0.3265625 0.0796875 0.159375
0 0.415625 0.64765625 0.0796875 0.159375
0 0.6578125 0.7 0.078125 0.153125
1 0.3125 0.17578125 0.078125 0.1546875
0 0.64140625 0.39296875 0.078125 0.1546875
0 0.57421875 0.684375 0.078125 0.15625
0 0.50078125 0.81796875 0.0796875 0.1546875
1 0.70546875 0.86171875 0.075 0.153125
0 0.6234375 0.84453125 0.0765625 0.153125
0 0.63515625 0.24375 0.0765625 0.1484375
0 0.4515625 0.65546875 0.078125 0.15625
0 0.75625 0.26953125 0.075 0.146875
1 0.7390625 0.72421875 0.071875 0.153125
0 0.140625 0.73359375 0.075 0.15
0 0.675 0.25390625 0.075 0.1484375
1 0.51328125 0.21796875 0.0734375 0.1453125
0 0.1796875 0.7453125 0.0765625 0.153125
0 0.56328125 0.37421875 0.0765625 0.153125
0 0.725 0.4109375 0.0828125 0.159375
0 0.221875 0.75546875 0.0765625 0.15625
1 0.66875 0.85546875 0.075 0.153125
0 0.71953125 0.26015625 0.0734375 0.1453125
0 0.54296875 0.828125 0.0796875 0.1515625
0 0.6171875 0.69296875 0.0765625 0.15625
1 0.17265625 0.59453125 0.0796875 0.15625
0 0.6859375 0.40234375 0.0765625 0.1546875
0 0.3953125 0.3421875 0.08125 0.1546875
1 0.23203125 0.1578125 0.0671875 0.14375
0 0.27109375 0.165625 0.0828125 0.15625
1 0.3390625 0.78515625 0.0734375 0.1609375
0 0.09921875 0.7265625 0.071875 0.1421875
1 0.7484375 0.871875 0.0765625 0.1484375
1 0.78125 0.73125 0.075 0.15
0 0.4640625 0.81171875 0.078125 0.1578125
0 0.35625 0.3328125 0.0796875 0.1546875
0 0.5890625 0.83515625 0.0734375 0.1515625
0 0.70546875 0.715625 0.0734375 0.153125
1 0.5515625 0.228125 0.071875 0.1453125
1 0.59609375 0.23828125 0.075 0.15
0 0.51796875 0.365625 0.0796875 0.153125
1 0.27890625 0.31875 0.08125 0.1578125
0 0.13046875 0.5796875 0.0828125 0.159375
0 0.8015625 0.28359375 0.06875 0.146875
1 0.42109375 0.80625 0.0859375 0.165625
1 0.4796875 0.3578125 0.0796875 0.153125
0 0.7703125 0.42890625 0.0671875 0.15625