1 0.83671875 0.89375 0.0734375 0.1625
1 0.753125 0.88046875 0.075 0.1671875
1 0.684375 0.721875 0.0703125 0.1546875
1 0.64296875 0.38359375 0.0734375 0.159375
0 0.8 0.884375 0.071875 0.1609375
1 0.8171875 0.73828125 0.0703125 0.15625
0 0.521875 0.7 0.0703125 0.1546875
1 0.56171875 0.37265625 0.06875 0.1609375
0 0.7703125 0.73203125 0.0703125 0.153125
1 0.58203125 0.2203125 0.0703125 0.159375
1 0.5421875 0.8640625 0.071875 0.165625
1 0.85625 0.409375 0.0703125 0.1625
1 0.7421875 0.2453125 0.06875 0.153125
0 0.13203125 0.6546875 0.0703125 0.1640625
0 0.7 0.24140625 0.075 0.15625
1 0.85625 0.740625 0.0703125 0.1578125
0 0.73125 0.7265625 0.0734375 0.1546875
1 0.7890625 0.24921875 0.0671875 0.153125
1 0.4609375 0.85546875 0.075 0.175
0 0.68828125 0.38984375 0.06875 0.1625
0 0.16015625 0.81953125 0.0734375 0.1671875
0 0.5625 0.70703125 0.071875 0.15625
1 0.89609375 0.4171875 0.0703125 0.1640625
0 0.5015625 0.86015625 0.0703125 0.175
0 0.725 0.39375 0.0703125 0.165625
1 0.875 0.2609375 0.06875 0.1515625
0 0.71328125 0.8859375 0.0765625 0.171875
1 0.8109375 0.4046875 0.0703125 0.1640625
0 0.771875 0.39921875 0.071875 0.1671875
0 0.47578125 0.69921875 0.0703125 0.15625
1 0.19765625 0.82421875 0.0671875 0.1671875
0 0.21875 0.33046875 0.071875 0.1671875
0 0.6265625 0.2265625 0.08125 0.1609375
0 0.303125 0.33984375 0.0796875 0.1640625
0 0.540625 0.21953125 0.06875 0.159375
0 0.1671875 0.325 0.071875 0.1703125
0 0.47890625 0.36484375 0.0671875 0.16875
0 0.52109375 0.37109375 0.075 0.1671875
1 0.91328125 0.265625 0.0671875 0.1515625
0 0.25625 0.3359375 0.0703125 0.165625
0 0.61328125 0.7140625 0.071875 0.15625
1 0.87421875 0.89921875 0.0734375 0.1609375
0 0.1890625 0.171875 0.0625 0.1578125
1 0.8265625 0.25546875 0.0671875 0.153125
1 0.9234375 0.9046875 0.071875 0.1625
0 0.49765625 0.2140625 0.0625 0.15625
1 0.6 0.378125 0.0703125 0.15625
0 0.3203125 0.18828125 0.06875 0.1578125
1 0.940625 0.75078125 0.0671875 0.159375
0 0.2359375 0.171875 0.0609375 0.1546875
0 0.27109375 0.1796875 0.065625 0.1578125
1 0.0875 0.64453125 0.0875 0.1765625
1 0.11328125 0.8125 0.0703125 0.1640625
1 0.0609375 0.31328125 0.084375 0.1734375
1 0.8953125 0.74921875 0.0703125 0.159375
1 0.93515625 0.41953125 0.0703125 0.165625
1 0.12421875 0.3203125 0.0828125 0.175
1 0.97421875 0.428125 0.0515625 0.16875
1 0.9828125 0.27109375 0.034375 0.1546875
1 0.646875 0.725 0.065625 0.153125
0 0.2421875 0.83046875 0.0734375 0.171875
1 0.9546875 0.26796875 0.0671875 0.1546875
0 0.259375 0.66953125 0.071875 0.159375
0 0.41328125 0.84765625 0.0734375 0.175
1 0.02109375 0.803125 0.0421875 0.171875
0 0.6625 0.88359375 0.0765625 0.175
1 0.1828125 0.66171875 0.08125 0.1640625
0 0.2125 0.66484375 0.0671875 0.1609375
1 0.62265625 0.8828125 0.0671875 0.175
0 0.06640625 0.803125 0.0859375 0.16875
1 0.43125 0.69296875 0.0703125 0.1546875
1 0.58125 0.86328125 0.0703125 0.1625
1 0.03203125 0.6359375 0.0640625 0.184375
1 0.08359375 0.15078125 0.0796875 0.1703125
1 0.6640625 0.2375 0.059375 0.1578125
1 0.1453125 0.159375 0.08125 0.1640625