0 0.39375 0.1875 0.0578125 0.11875
0 0.5578125 0.453125 0.0546875 0.109375
1 0.70703125 0.59453125 0.059375 0.1296875
0 0.9484375 0.63125 0.0578125 0.1265625
0 0.76640625 0.24296875 0.0578125 0.115625
1 0.81640625 0.96640625 0.0578125 0.0671875
1 0.43671875 0.54765625 0.059375 0.125
1 0.58984375 0.459375 0.0546875 0.109375
0 0.42734375 0.425 0.0578125 0.1203125
1 0.859375 0.50078125 0.0578125 0.1171875
1 0.83203125 0.25234375 0.0578125 0.11875
1 0.52109375 0.44921875 0.0546875 0.1125
1 0.64140625 0.58515625 0.059375 0.125
0 0.45546875 0.43203125 0.05625 0.1171875
0 0.74296875 0.5984375 0.0578125 0.1265625
0 0.4046875 0.54375 0.059375 0.1234375
0 0.6734375 0.59140625 0.0578125 0.128125
0 0.20546875 0.5125 0.0578125 0.125
0 0.39609375 0.80390625 0.0546875 0.121875
0 0.66015625 0.4703125 0.059375 0.1140625
0 0.5625 0.83203125 0.0578125 0.1296875
0 0.846875 0.61875 0.0625 0.13125
0 0.78359375 0.9640625 0.0546875 0.071875
1 0.9625 0.51640625 0.0578125 0.121875
1 0.7296875 0.2390625 0.0578125 0.115625
1 0.8078125 0.6109375 0.059375 0.128125
1 0.48671875 0.44296875 0.05625 0.1125
0 0.63203125 0.225 0.0546875 0.1140625
1 0.571875 0.57421875 0.05625 0.1265625
1 0.734375 0.8625 0.05625 0.128125
1 0.62421875 0.46640625 0.0546875 0.1125
0 0.64765625 0.95390625 0.0578125 0.0921875
0 0.1734375 0.89375 0.05625 0.121875
1 0.3125 0.915625 0.05625 0.1203125
0 0.89765625 0.50703125 0.059375 0.1171875
1 0.36171875 0.18203125 0.0578125 0.1171875
0 0.7765625 0.60078125 0.05625 0.121875
1 0.53125 0.2078125 0.05625 0.1125
0 0.66484375 0.846875 0.0578125 0.1296875
1 0.5984375 0.21640625 0.05625 0.1171875
0 0.35625 0.41640625 0.0609375 0.1203125
0 0.1921875 0.3921875 0.0578125 0.115625
1 0.63203125 0.84609375 0.0546875 0.1296875
0 0.2921875 0.1703125 0.059375 0.1203125
0 0.34765625 0.921875 0.05625 0.1203125
0 0.05546875 0.36796875 0.0578125 0.1234375
1 0.47421875 0.5546875 0.05625 0.125
1 0.46484375 0.19453125 0.05625 0.1203125
0 0.49375 0.20234375 0.0546875 0.1140625
0 0.92734375 0.5078125 0.0546875 0.115625
0 0.60234375 0.57734375 0.059375 0.128125
0 0.49453125 0.0203125 0.0453125 0.040625
0 0.53984375 0.565625 0.05625 0.1265625
0 0.88515625 0.62109375 0.0640625 0.13125
0 0.6921875 0.475 0.05625 0.1109375
0 0.27578125 0.91015625 0.05625 0.121875
1 0.96484375 0.275 0.0546875 0.1140625
0 0.703125 0.85546875 0.05625 0.128125
0 0.42890625 0.19296875 0.05625 0.115625
0 0.6015625 0.83828125 0.0578125 0.128125
0 0.33515625 0.53515625 0.059375 0.128125
1 0.80234375 0.87421875 0.0546875 0.128125
1 0.22578125 0.396875 0.053125 0.1140625
1 0.98671875 0.27890625 0.0265625 0.1140625
0 0.36640625 0.5390625 0.0578125 0.1265625
0 0.14296875 0.88828125 0.0578125 0.1234375
0 0.5625 0.2125 0.05625 0.1140625
0 0.1609375 0.153125 0.0578125 0.121875
1 0.6265625 0.0359375 0.0421875 0.0484375
0 0.0921875 0.8828125 0.06875 0.121875
0 0.50546875 0.55859375 0.05625 0.1296875
0 0.25625 0.78828125 0.053125 0.1203125
0 0.328125 0.1796875 0.0578125 0.11875
0 0.66015625 0.0421875 0.04375 0.05
0 0.68671875 0.95625 0.0609375 0.0875
1 0.66328125 0.2296875 0.0546875 0.115625
0 0.15078125 0.3859375 0.0609375 0.121875
0 0.3046875 0.5328125 0.0625 0.134375
0 0.17109375 0.5046875 0.0546875 0.125
0 0.325 0.00703125 0.04375 0.0140625
0 0.3203125 0.40703125 0.0625 0.125
0 0.06875 0.4921875 0.0546875 0.1234375
1 0.7265625 0.4796875 0.0546875 0.1125
0 0.22734375 0.78359375 0.053125 0.1203125
0 0.26484375 0.5234375 0.059375 0.1296875
0 0.2609375 0.16796875 0.059375 0.125
1 0.903125 0.8875 0.053125 0.1296875
0 0.590625 0.03125 0.0453125 0.0515625
0 0.32421875 0.7921875 0.0578125 0.1296875
0 0.25546875 0.39921875 0.053125 0.1140625
0 0.69609375 0.2359375 0.059375 0.11875
1 0.8875 0.971875 0.053125 0.05625
0 0.80078125 0.24921875 0.053125 0.115625
0 0.11796875 0.7625 0.059375 0.125
0 0.05 0.87734375 0.065625 0.11875
0 0.01328125 0.865625 0.0265625 0.125
0 0.10390625 0.49765625 0.0546875 0.125
0 0.84765625 0.96796875 0.0546875 0.0640625
0 0.23046875 0.1625 0.053125 0.1171875
0 0.82890625 0.06640625 0.0421875 0.0453125
1 0.1984375 0.1578125 0.05625 0.1171875
0 0.87109375 0.26015625 0.0578125 0.11875
1 0.38671875 0.4203125 0.05625 0.1203125
0 0.42421875 0.81640625 0.0515625 0.121875
0 0.20390625 0.9015625 0.059375 0.11875
1 0.35625 0.009375 0.040625 0.01875
0 0.5421875 0.94453125 0.053125 0.1109375
1 0.61015625 0.95 0.0578125 0.1
1 0.75078125 0.96328125 0.0546875 0.0734375
1 0.79453125 0.0625 0.0421875 0.046875
1 0.45859375 0.01640625 0.0421875 0.0328125
0 0.1265625 0.1515625 0.0546875 0.121875
1 0.090625 0.37421875 0.0484375 0.1125
0 0.0296875 0.36171875 0.0453125 0.11875
0 0.7171875 0.96171875 0.053125 0.0765625
0 0.078125 0.7546875 0.0609375 0.125
1 0.2890625 0.40390625 0.0515625 0.1171875
0 0.03359375 0.4875 0.0578125 0.128125
0 0.2390625 0.903125 0.05625 0.121875
1 0.52578125 0.0234375 0.0421875 0.046875
1 0.6921875 0.046875 0.04375 0.05
0 0.83984375 0.87734375 0.0578125 0.1265625
0 0.140625 0.50390625 0.0546875 0.125
0 0.1625 0.76953125 0.0578125 0.1265625
1 0.29453125 0.7953125 0.0546875 0.125
0 0.35859375 0.8015625 0.053125 0.1265625
0 0.0265625 0.74140625 0.053125 0.1265625
0 0.2359375 0.51796875 0.0515625 0.1234375
0 0.9109375 0.26484375 0.0578125 0.11875
0 0.19375 0.77734375 0.053125 0.1234375
1 0.53046875 0.83359375 0.053125 0.1265625
1 0.89453125 0.07734375 0.040625 0.0453125
1 0.72734375 0.05234375 0.0421875 0.05
1 0.55859375 0.02578125 0.0421875 0.05
0 0.76796875 0.8640625 0.05625 0.128125
0 0.509375 0.9453125 0.053125 0.109375
0 0.38671875 0.0109375 0.0421875 0.021875
0 0.48125 0.94453125 0.05625 0.1109375
0 0.421875 0.01484375 0.04375 0.0296875
1 0.92578125 0.08125 0.040625 0.04375
1 0.9875 0.09140625 0.025 0.0421875
1 0.7625 0.0578125 0.0421875 0.0484375
0 0.11953125 0.37890625 0.046875 0.1140625
1 0.859375 0.07109375 0.040625 0.0453125
0 0.58125 0.9484375 0.053125 0.103125
0 0.7640625 0.48125 0.059375 0.11875
1 0.959375 0.08515625 0.0390625 0.0421875
0 0.9328125 0.88828125 0.0421875 0.128125
0 0.06875 0.13515625 0.053125 0.121875
0 0.3796875 0.92578125 0.0546875 0.1203125
0 0.0109375 0.74140625 0.021875 0.1171875
0 0.86875 0.884375 0.0515625 0.1265625
1 0.90859375 0.62734375 0.0546875 0.1328125
0 0.01328125 0.4828125 0.0265625 0.121875
0 0.91328125 0.97265625 0.0421875 0.0546875
1 0.1 0.1421875 0.05625 0.121875
0 0.9859375 0.5234375 0.028125 0.121875
0 0.79453125 0.4859375 0.0609375 0.11875
1 0.93359375 0.26953125 0.0515625 0.11875
0 0.82421875 0.4921875 0.0546875 0.1171875
1 0.97265625 0.6390625 0.0421875 0.1203125
1 0.40859375 0.93046875 0.059375 0.121875
1 0.46015625 0.82421875 0.046875 0.1203125
1 0.0578125 0.75390625 0.04375 0.1234375
0 0.021875 0.865625 0.04375 0.121875