0 0.46953125 0.07265625 0.0671875 0.1453125
0 0.21171875 0.07265625 0.0703125 0.1453125
0 0.40546875 0.07265625 0.0671875 0.1453125
1 0.40546875 0.265625 0.0703125 0.2359375
1 0.27578125 0.07265625 0.0703125 0.1453125
0 0.33984375 0.07265625 0.0671875 0.1453125
0 0.46875 0.26328125 0.06796875 0.2375
0 0.5359375 0.265625 0.07421875 0.240625
0 0.59921875 0.07265625 0.0640625 0.1453125
0 0.14375 0.071875 0.075 0.14296875
0 0.1421875 0.25546875 0.0765625 0.23046875
0 0.33828125 0.265625 0.0734375 0.2359375
0 0.20703125 0.26328125 0.065625 0.23203125
0 0.3375 0.76484375 0.07578125 0.2484375
0 0.26953125 0.26640625 0.0671875 0.2359375
0 0.5328125 0.77578125 0.0734375 0.259375
0 0.6625 0.075 0.06953125 0.15
0 0.8640625 0.07421875 0.0734375 0.1484375
1 0.53359375 0.07265625 0.0703125 0.1453125
0 0.2046875 0.7671875 0.07265625 0.2625
0 0.73046875 0.07265625 0.0703125 0.1453125
0 0.73203125 0.26796875 0.075 0.221875
0 0.86484375 0.26640625 0.08125 0.221875
0 0.7984375 0.07421875 0.07109375 0.1484375
0 0.6625 0.77734375 0.07265625 0.25703125
0 0.796875 0.77265625 0.0734375 0.24296875
0 0.9796875 0.07265625 0.0375 0.1453125
0 0.98046875 0.26796875 0.0375 0.21953125
0 0.9453125 0.80546875 0.08984375 0.23359375
0 0.603125 0.27734375 0.0703125 0.21796875
0 0.1375 0.7640625 0.0578125 0.23046875
0 0.26953125 0.7625 0.04453125 0.24296875
0 0.40703125 0.76328125 0.0640625 0.2515625
0 0.465625 0.75859375 0.05859375 0.2546875
0 0.59453125 0.76875 0.059375 0.23828125
0 0.7296875 0.7765625 0.0625 0.25390625
0 0.86171875 0.775 0.0578125 0.25078125
0 0.9296875 0.278125 0.05234375 0.25
0 0.92578125 0.075 0.05625 0.14921875
0 0.66328125 0.265625 0.053125 0.23359375
0 0.79375 0.2640625 0.0703125 0.23046875