0 0.30703125 0.23203125 0.05625 0.1171875
1 0.74375 0.1640625 0.0546875 0.1171875
1 0.76015625 0.52265625 0.05625 0.1234375
0 0.33984375 0.4640625 0.0578125 0.115625
0 0.45390625 0.56484375 0.0578125 0.1265625
1 0.30703125 0.47109375 0.053125 0.1125
1 0.590625 0.54609375 0.0546875 0.1234375
0 0.4890625 0.821875 0.0546875 0.1234375
1 0.50546875 0.44453125 0.0546875 0.1125
0 0.79296875 0.515625 0.0578125 0.1265625
0 0.221875 0.59765625 0.05625 0.1265625
0 0.5421875 0.43828125 0.0546875 0.109375
1 0.66015625 0.53984375 0.0578125 0.121875
0 0.11875 0.96796875 0.075 0.0640625
0 0.6796875 0.175 0.05625 0.1140625
0 0.4375 0.44765625 0.0546875 0.115625
1 0.57578125 0.19140625 0.053125 0.1125
1 0.48671875 0.56328125 0.059375 0.1265625
0 0.65625 0.79921875 0.05625 0.1296875
1 0.44375 0.21015625 0.053125 0.1109375
0 0.3890625 0.83828125 0.053125 0.125
1 0.83046875 0.7796875 0.0546875 0.1265625
0 0.865625 0.51171875 0.059375 0.128125
1 0.47109375 0.45 0.0546875 0.1125
1 0.64609375 0.18046875 0.053125 0.1140625
0 0.903125 0.503125 0.0640625 0.13125
0 0.42265625 0.571875 0.059375 0.128125
0 0.30234375 0.95546875 0.0578125 0.0890625
1 0.82578125 0.515625 0.05625 0.1265625
0 0.64453125 0.42421875 0.0546875 0.1109375
1 0.275 0.23671875 0.05625 0.115625
1 0.27265625 0.47265625 0.0515625 0.1109375
0 0.69375 0.534375 0.0578125 0.128125
0 0.91015625 0.38515625 0.05625 0.1140625
0 0.54609375 0.196875 0.0515625 0.1125
0 0.2421875 0.24453125 0.05625 0.1203125
0 0.23828125 0.47734375 0.0515625 0.109375
1 0.60546875 0.43046875 0.0546875 0.1140625
0 0.759375 0.784375 0.05625 0.1296875
1 0.878125 0.38984375 0.0546875 0.1140625
1 0.7265625 0.79296875 0.0546875 0.13125
0 0.4078125 0.21640625 0.053125 0.1140625
1 0.94609375 0.37890625 0.053125 0.11875
0 0.62109375 0.54375 0.0546875 0.125
1 0.9859375 0.75234375 0.028125 0.1265625
1 0.915625 0.140625 0.053125 0.1140625
1 0.975 0.87421875 0.05 0.1203125
0 0.5578125 0.55078125 0.0578125 0.1265625
0 0.7796875 0.9046875 0.05625 0.1203125
0 0.321875 0.5875 0.059375 0.1296875
1 0.778125 0.16015625 0.0515625 0.115625
0 0.6765625 0.42109375 0.053125 0.109375
1 0.61328125 0.18515625 0.053125 0.1125
1 0.87890625 0.14453125 0.053125 0.115625
0 0.3421875 0.22734375 0.0546875 0.1140625
0 0.796875 0.7796875 0.0546875 0.128125
0 0.72734375 0.5296875 0.0546875 0.1296875
0 0.27109375 0.95703125 0.0578125 0.0859375
1 0.2078125 0.484375 0.0515625 0.1078125
1 0.5109375 0.1984375 0.0546875 0.1171875
1 0.84609375 0.39375 0.053125 0.1140625
0 0.4078125 0.45078125 0.0546875 0.1171875
1 0.7109375 0.41484375 0.053125 0.1125
0 0.41875 0.83125 0.059375 0.13125
0 0.1734375 0.4890625 0.05625 0.1125
0 0.6953125 0.79375 0.05625 0.128125
0 0.35390625 0.58125 0.0578125 0.128125
1 0.89921875 0.76953125 0.053125 0.1265625
1 0.3765625 0.21796875 0.0546875 0.1203125
0 0.946875 0.8796875 0.053125 0.121875
0 0.1390625 0.490625 0.0515625 0.115625
0 0.18359375 0.0625 0.0453125 0.05
0 0.175 0.253125 0.0609375 0.13125
0 0.38359375 0.57734375 0.05625 0.128125
0 0.4546875 0.8265625 0.0546875 0.128125
0 0.81640625 0.8984375 0.059375 0.121875
0 0.20703125 0.2484375 0.0578125 0.1234375
0 0.22421875 0.959375 0.0671875 0.08125
1 0.0875 0.07734375 0.0421875 0.053125
0 0.8203125 0.1546875 0.0609375 0.11875
1 0.34921875 0.0390625 0.0421875 0.05
0 0.91171875 0.8875 0.05625 0.1203125
0 0.7140625 0.171875 0.05 0.1125
1 0.2171875 0.05859375 0.040625 0.0515625
1 0.88125 0.89140625 0.0515625 0.11875
0 0.28828125 0.59296875 0.059375 0.128125
1 0.478125 0.20546875 0.053125 0.1140625
1 0.74140625 0.909375 0.0578125 0.1203125
0 0.52265625 0.55390625 0.0546875 0.1296875
0 0.1859375 0.6 0.0515625 0.1265625
1 0.965625 0.49296875 0.0578125 0.128125
0 0.1703125 0.96640625 0.059375 0.0671875
0 0.0375 0.50546875 0.053125 0.1203125
1 0.31640625 0.04296875 0.0421875 0.0484375
0 0.334375 0.95546875 0.059375 0.0890625
0 0.43671875 0.9484375 0.0609375 0.103125
0 0.68828125 0.00625 0.0421875 0.0125
0 0.51953125 0.825 0.0515625 0.121875
0 0.121875 0.61484375 0.053125 0.128125
0 0.32421875 0.84921875 0.05625 0.121875
0 0.07109375 0.496875 0.0515625 0.11875
0 0.96796875 0.75703125 0.0484375 0.1234375
0 0.7453125 0.40625 0.05625 0.115625
0 0.01640625 0.50546875 0.0328125 0.1171875
0 0.15546875 0.8671875 0.053125 0.11875
1 0.384375 0.03515625 0.0421875 0.0515625
0 0.084375 0.6203125 0.0546875 0.128125
0 0.6734375 0.91796875 0.053125 0.121875
0 0.778125 0.4015625 0.059375 0.1171875
0 0.253125 0.59375 0.053125 0.125
0 0.05078125 0.625 0.0546875 0.1296875
0 0.40390625 0.946875 0.0578125 0.10625
1 0.653125 0.009375 0.04375 0.01875
1 0.48515625 0.02265625 0.0453125 0.0453125
0 0.2453125 0.053125 0.0453125 0.0484375
0 0.57578125 0.434375 0.0546875 0.1125
0 0.353125 0.84921875 0.053125 0.11875
0 0.11875 0.87109375 0.05 0.1203125
0 0.8484375 0.8984375 0.0515625 0.1171875
0 0.25625 0.85625 0.05625 0.1265625
0 0.153125 0.6109375 0.0515625 0.128125
1 0.55 0.01796875 0.04375 0.0359375
0 0.28203125 0.0484375 0.04375 0.05
0 0.2875 0.853125 0.0515625 0.1234375
0 0.934375 0.7640625 0.0546875 0.121875
1 0.10625 0.4953125 0.05 0.1171875
0 0.36953125 0.95 0.0578125 0.1
1 0.7171875 0.0046875 0.040625 0.009375
0 0.8625 0.77265625 0.0546875 0.1265625
0 0.7109375 0.9140625 0.053125 0.1203125
1 0.36953125 0.46171875 0.053125 0.11875
0 0.47578125 0.9421875 0.0546875 0.115625
1 0.18984375 0.86796875 0.046875 0.11875
1 0.58671875 0.01484375 0.0421875 0.0296875
0 0.21328125 0.8640625 0.0515625 0.121875
1 0.45 0.02734375 0.04375 0.0546875
0 0.640625 0.92734375 0.05 0.1171875
0 0.5171875 0.0203125 0.04375 0.040625
0 0.6140625 0.9328125 0.05625 0.115625
0 0.115625 0.07265625 0.0421875 0.0515625
1 0.94140625 0.1375 0.0390625 0.109375
0 0.04296875 0.08125 0.0453125 0.0484375
0 0.08203125 0.9734375 0.0453125 0.053125
0 0.50859375 0.93984375 0.0546875 0.1203125
0 0.80859375 0.3984375 0.053125 0.115625
1 0.62109375 0.01171875 0.0421875 0.0234375
0 0.06171875 0.88515625 0.0421875 0.1296875
1 0.41796875 0.03046875 0.0421875 0.0515625
0 0.07421875 0.2703125 0.0578125 0.125
0 0.02421875 0.6265625 0.0390625 0.1234375
1 0.53828125 0.93828125 0.059375 0.121875
1 0.984375 0.4890625 0.03125 0.121875
0 0.015625 0.0859375 0.03125 0.05
0 0.08984375 0.87578125 0.046875 0.1234375
0 0.040625 0.2765625 0.05625 0.1265625
0 0.97578125 0.37265625 0.0375 0.1171875
1 0.6265625 0.809375 0.053125 0.1296875
0 0.1515625 0.06875 0.0453125 0.053125
0 0.94140625 0.496875 0.0578125 0.128125
1 0.11015625 0.26796875 0.059375 0.128125
1 0.55078125 0.821875 0.04375 0.1296875
1 0.8484375 0.15234375 0.0453125 0.1171875
0 0.91953125 0.50546875 0.0640625 0.13125
1 0.14296875 0.2609375 0.05625 0.128125
1 0.0203125 0.27421875 0.040625 0.1234375
1 0.19296875 0.96484375 0.0515625 0.0703125
0 0.2265625 0.86484375 0.05 0.121875