0 0.5140625 0.0734375 0.08125 0.146875
0 0.25859375 0.059375 0.0859375 0.11875
0 0.45 0.0703125 0.08125 0.140625
1 0.321875 0.06328125 0.08125 0.1265625
0 0.38515625 0.0671875 0.0828125 0.134375
0 0.64375 0.08515625 0.0796875 0.1515625
0 0.16953125 0.21796875 0.1015625 0.2375
0 0.3640625 0.24765625 0.1 0.24375
0 0.18984375 0.05546875 0.0890625 0.1109375
1 0.43046875 0.2546875 0.09375 0.240625
0 0.49375 0.2609375 0.0921875 0.246875
0 0.56015625 0.27265625 0.0984375 0.2484375
0 0.234375 0.2328125 0.0890625 0.2375
0 0.2953125 0.2390625 0.0921875 0.24375
0 0.17890625 0.734375 0.1 0.265625
0 0.3109375 0.74453125 0.1 0.253125
1 0.58046875 0.07890625 0.0859375 0.1515625
0 0.840625 0.10625 0.0875 0.1515625
0 0.68984375 0.29296875 0.090625 0.215625
0 0.9625 0.11875 0.075 0.153125
0 0.50390625 0.77578125 0.0984375 0.2625
0 0.75546875 0.2953125 0.096875 0.2265625
0 0.8875 0.30546875 0.103125 0.2265625
0 0.7734375 0.09921875 0.0859375 0.15
0 0.6328125 0.78984375 0.1 0.2609375
0 0.62421875 0.2859375 0.0921875 0.2234375
0 0.76484375 0.80390625 0.1 0.253125
0 0.9859375 0.31875 0.028125 0.221875
0 0.9109375 0.846875 0.1171875 0.2484375
0 0.70546875 0.09375 0.0703125 0.153125
0 0.90234375 0.11640625 0.06875 0.1578125
0 0.95078125 0.30859375 0.0796875 0.2265625
0 0.8203125 0.29140625 0.084375 0.2296875
0 0.43828125 0.75546875 0.08125 0.228125
0 0.37578125 0.7484375 0.0796875 0.25
0 0.56875 0.77109375 0.0875 0.24375
0 0.83203125 0.8078125 0.078125 0.23125
0 0.69609375 0.7875 0.0859375 0.25
0 0.115625 0.72265625 0.071875 0.2359375
0 0.246875 0.72265625 0.0765625 0.2171875