1 0.63125 0.84140625 0.0765625 0.1671875
1 0.83984375 0.81328125 0.0796875 0.16875
1 0.515625 0.20546875 0.06875 0.1578125
0 0.8234375 0.6609375 0.0765625 0.1546875
1 0.925 0.80078125 0.0765625 0.1671875
0 0.59140625 0.840625 0.075 0.1734375
1 0.5515625 0.85234375 0.078125 0.175
0 0.88671875 0.7984375 0.0765625 0.165625
0 0.63671875 0.196875 0.06875 0.153125
1 0.13515625 0.7359375 0.0875 0.1734375
0 0.55703125 0.2015625 0.0765625 0.159375
1 0.5328125 0.3625 0.0671875 0.1625
0 0.8 0.81875 0.078125 0.16875
0 0.24609375 0.88828125 0.075 0.165625
1 0.828125 0.32421875 0.0703125 0.1625
1 0.9078125 0.6453125 0.075 0.159375
0 0.1859375 0.39609375 0.071875 0.16875
0 0.571875 0.690625 0.0734375 0.1578125
0 0.65703125 0.34453125 0.06875 0.1640625
1 0.86796875 0.6546875 0.0734375 0.1546875
1 0.86640625 0.3203125 0.06875 0.1625
1 0.72421875 0.184375 0.065625 0.1515625
0 0.18359375 0.740625 0.071875 0.1640625
1 0.6171875 0.3515625 0.0703125 0.159375
0 0.696875 0.340625 0.0703125 0.1671875
0 0.13671875 0.40546875 0.0734375 0.171875
1 0.67890625 0.19453125 0.065625 0.1515625
1 0.76171875 0.18125 0.0640625 0.1515625
1 0.9625 0.79453125 0.075 0.1640625
1 0.85 0.16796875 0.06875 0.153125
1 0.78203125 0.33046875 0.0671875 0.1640625
1 0.9875 0.78984375 0.025 0.1640625
0 0.78359375 0.66328125 0.0734375 0.1546875
0 0.74375 0.33515625 0.06875 0.165625
1 0.69765625 0.67578125 0.0703125 0.153125
0 0.47421875 0.21015625 0.06875 0.159375
1 0.03671875 0.41875 0.0734375 0.171875
1 0.8109375 0.17734375 0.065625 0.1546875
1 0.97890625 0.63515625 0.0421875 0.1609375
1 0.56953125 0.35 0.0671875 0.1578125
0 0.4921875 0.3640625 0.06875 0.165625
1 0.53359375 0.69453125 0.0734375 0.1609375
0 0.6640625 0.678125 0.0765625 0.159375
0 0.203125 0.240625 0.0640625 0.159375
0 0.2734375 0.3875 0.078125 0.165625
1 0.93515625 0.1609375 0.06875 0.1578125
0 0.225 0.3953125 0.06875 0.16875
1 0.8875 0.165625 0.0671875 0.153125
1 0.2859375 0.878125 0.065625 0.1625
1 0.953125 0.3109375 0.071875 0.1671875
1 0.09296875 0.41171875 0.0828125 0.1734375
0 0.16484375 0.23984375 0.0609375 0.153125
1 0.7375 0.66953125 0.075 0.15625
0 0.61484375 0.68671875 0.0734375 0.1578125
0 0.5015625 0.8578125 0.0796875 0.1796875
0 0.75234375 0.8296875 0.0828125 0.1734375
0 0.12109375 0.25 0.0609375 0.1578125
1 0.08828125 0.90546875 0.0859375 0.1703125
1 0.0265625 0.259375 0.053125 0.16875
0 0.4296875 0.21796875 0.0609375 0.1578125
0 0.4484375 0.3734375 0.0625 0.1671875
1 0.94609375 0.64453125 0.075 0.1625
1 0.23125 0.73046875 0.078125 0.1609375
0 0.33359375 0.8765625 0.075 0.1671875
1 0.90703125 0.315625 0.06875 0.165625
0 0.2515625 0.234375 0.065625 0.1578125
0 0.265625 0.7265625 0.06875 0.159375
1 0.20078125 0.8921875 0.0703125 0.1609375
1 0.07578125 0.2546875 0.078125 0.1625
0 0.3140625 0.7234375 0.075 0.1609375
1 0.67265625 0.83203125 0.0734375 0.1609375
1 0.7140625 0.83203125 0.0734375 0.1671875
1 0.48359375 0.7 0.071875 0.1625
1 0.06796875 0.7390625 0.0890625 0.1875
1 0.6015625 0.19765625 0.0609375 0.15
0 0.153125 0.89453125 0.0859375 0.1671875