0 0.29765625 0.2390625 0.0578125 0.1171875
1 0.76171875 0.51328125 0.0609375 0.1265625
0 0.66796875 0.16953125 0.059375 0.115625
0 0.45625 0.565625 0.0609375 0.1265625
1 0.73125 0.15703125 0.0578125 0.11875
0 0.3375 0.46953125 0.059375 0.1171875
0 0.7953125 0.5046875 0.0609375 0.121875
1 0.303125 0.478125 0.0546875 0.1109375
0 0.53984375 0.43515625 0.05625 0.109375
1 0.5921875 0.54296875 0.059375 0.1234375
1 0.20703125 0.4953125 0.0546875 0.109375
1 0.2 0.96640625 0.075 0.0671875
0 0.69609375 0.52890625 0.0578125 0.1234375
1 0.6609375 0.534375 0.0609375 0.1234375
1 0.63125 0.17890625 0.059375 0.1171875
0 0.22578125 0.6078125 0.059375 0.128125
1 0.4234375 0.9484375 0.065625 0.103125
0 0.50078125 0.82265625 0.05625 0.1234375
1 0.48828125 0.5640625 0.0609375 0.125
0 0.66640625 0.79375 0.0609375 0.13125
1 0.27265625 0.4828125 0.05625 0.1125
0 0.809375 0.14453125 0.0671875 0.121875
1 0.96484375 0.4765625 0.0625 0.1265625
1 0.82578125 0.50390625 0.059375 0.125
1 0.503125 0.4421875 0.0546875 0.1109375
1 0.07421875 0.52109375 0.0546875 0.1140625
0 0.425 0.57421875 0.0625 0.1296875
1 0.4734375 0.446875 0.05625 0.1125
1 0.434375 0.21328125 0.05625 0.1125
1 0.83984375 0.7671875 0.0578125 0.125
0 0.86484375 0.49765625 0.0640625 0.1265625
1 0.7265625 0.52109375 0.0609375 0.128125
0 0.559375 0.5484375 0.0609375 0.1265625
1 0.7375 0.78515625 0.0578125 0.13125
0 0.76875 0.775 0.0609375 0.1296875
0 0.640625 0.4203125 0.0625 0.115625
0 0.4375 0.4515625 0.059375 0.11875
0 0.40234375 0.84140625 0.059375 0.128125
0 0.2375 0.4875 0.053125 0.1078125
0 0.6265625 0.5390625 0.0578125 0.1234375
0 0.24140625 0.96328125 0.0734375 0.0734375
0 0.53515625 0.196875 0.05625 0.1171875
0 0.325 0.59296875 0.0625 0.1296875
0 0.39765625 0.2203125 0.05625 0.1140625
1 0.83828125 0.38125 0.0578125 0.1203125
1 0.98984375 0.73671875 0.0203125 0.1265625
1 0.8734375 0.371875 0.0578125 0.121875
1 0.12734375 0.6265625 0.059375 0.1265625
0 0.384375 0.95234375 0.0625 0.0953125
1 0.76640625 0.1515625 0.0546875 0.115625
0 0.6734375 0.4140625 0.05625 0.109375
0 0.70546875 0.78671875 0.059375 0.1296875
0 0.79296875 0.89453125 0.0609375 0.121875
1 0.60390625 0.42734375 0.05625 0.1140625
1 0.26640625 0.24453125 0.0578125 0.115625
1 0.4375 0.83671875 0.0609375 0.1296875
1 0.94453125 0.35859375 0.059375 0.11875
0 0.80703125 0.76796875 0.059375 0.128125
1 0.86640625 0.13671875 0.0546875 0.115625
0 0.94375 0.75 0.0578125 0.1203125
0 0.35625 0.58671875 0.0609375 0.128125
0 0.1734375 0.5015625 0.0609375 0.1125
1 0.90859375 0.75703125 0.05625 0.1234375
0 0.0390625 0.52421875 0.05625 0.1171875
0 0.38671875 0.58125 0.059375 0.128125
0 0.83046875 0.8875 0.0640625 0.1234375
0 0.46484375 0.2078125 0.0578125 0.1125
0 0.196875 0.25625 0.0578125 0.11875
1 0.70703125 0.40703125 0.0578125 0.1125
0 0.70234375 0.16796875 0.0546875 0.115625
1 0.07265625 0.0921875 0.0421875 0.053125
0 0.47109375 0.8296875 0.05625 0.128125
1 0.36640625 0.85234375 0.0578125 0.1265625
1 0.565625 0.19140625 0.0578125 0.11875
0 0.45859375 0.946875 0.0640625 0.10625
0 0.16875 0.0734375 0.0453125 0.0515625
0 0.32890625 0.2328125 0.05625 0.115625
0 0.40703125 0.45390625 0.0578125 0.1203125
1 0.5015625 0.20078125 0.05625 0.115625
0 0.59921875 0.18671875 0.0609375 0.11875
0 0.08828125 0.6328125 0.0625 0.128125
0 0.234375 0.2515625 0.05625 0.1171875
1 0.19921875 0.06796875 0.040625 0.05
0 0.52421875 0.553125 0.059375 0.1296875
0 0.53125 0.825 0.05625 0.121875
0 0.13828125 0.97265625 0.0828125 0.0546875
0 0.33359375 0.8546875 0.0609375 0.1265625
0 0.9046875 0.3671875 0.0578125 0.11875
0 0.2859375 0.59921875 0.0609375 0.1296875
1 0.8953125 0.878125 0.05625 0.11875
1 0.3015625 0.05 0.0421875 0.05
1 0.3671875 0.22265625 0.05625 0.1203125
1 0.90390625 0.13125 0.0578125 0.1203125
0 0.925 0.87421875 0.0578125 0.1203125
1 0.33671875 0.0453125 0.04375 0.053125
0 0.31875 0.9578125 0.059375 0.084375
0 0.165625 0.2625 0.0578125 0.1203125
0 0.0671875 0.2796875 0.05625 0.115625
0 0.01796875 0.52421875 0.0359375 0.1171875
0 0.6875 0.91171875 0.0578125 0.121875
0 0.16953125 0.88046875 0.059375 0.1203125
1 0.7546875 0.90078125 0.0625 0.121875
1 0.46875 0.0234375 0.04375 0.046875
0 0.3 0.86015625 0.0578125 0.1265625
0 0.35078125 0.95703125 0.0609375 0.0859375
0 0.18984375 0.61171875 0.0578125 0.1296875
0 0.2890625 0.96015625 0.059375 0.0796875
0 0.1609375 0.6203125 0.05625 0.125
0 0.9609375 0.86328125 0.0578125 0.1234375
0 0.23203125 0.0625 0.04375 0.0515625
1 0.36796875 0.0390625 0.0421875 0.0515625
0 0.05546875 0.640625 0.0609375 0.1296875
1 0.103125 0.27421875 0.05625 0.1140625
0 0.903125 0.48984375 0.0671875 0.1328125
1 0.534375 0.0171875 0.04375 0.034375
0 0.5734375 0.43125 0.0578125 0.1125
0 0.128125 0.88515625 0.059375 0.125
0 0.5 0.0203125 0.04375 0.040625
0 0.25625 0.603125 0.0546875 0.125
0 0.134375 0.26875 0.0515625 0.1140625
0 0.26875 0.8640625 0.0609375 0.128125
0 0.8625 0.8859375 0.0546875 0.1171875
0 0.22734375 0.8734375 0.059375 0.125
1 0.6359375 0.00703125 0.04375 0.0140625
1 0.56875 0.0140625 0.04375 0.028125
0 0.26640625 0.05625 0.0453125 0.0515625
0 0.98125 0.8578125 0.0375 0.121875
0 0.8734375 0.76171875 0.05625 0.121875
1 0.109375 0.5125 0.0546875 0.109375
0 0.10078125 0.0859375 0.040625 0.05
0 0.6546875 0.92265625 0.0546875 0.11875
0 0.03359375 0.28828125 0.053125 0.11875
0 0.62890625 0.92890625 0.059375 0.115625
1 0.6375 0.80546875 0.0578125 0.1296875
1 0.43359375 0.02890625 0.04375 0.053125
0 0.74296875 0.396875 0.0609375 0.1171875
0 0.1390625 0.50390625 0.053125 0.1125
0 0.5234375 0.93984375 0.059375 0.1203125
0 0.49140625 0.94453125 0.0578125 0.1109375
0 0.07734375 0.90546875 0.046875 0.121875
1 0.60390625 0.01015625 0.0421875 0.0203125
0 0.7734375 0.39140625 0.0625 0.11875
1 0.1984375 0.87734375 0.05 0.11875
0 0.03046875 0.0984375 0.0453125 0.0515625
0 0.72578125 0.90625 0.05625 0.1203125
0 0.9734375 0.74453125 0.053125 0.1234375
0 0.8046875 0.38671875 0.05625 0.1171875
1 0.3671875 0.465625 0.0546875 0.1171875
1 0.553125 0.93671875 0.0625 0.121875
0 0.103125 0.8921875 0.053125 0.121875
0 0.1 0.978125 0.053125 0.04375
1 0.928125 0.12109375 0.04375 0.1125
1 0.40234375 0.03359375 0.04375 0.053125
0 0.02890625 0.64296875 0.0421875 0.125
0 0.00859375 0.103125 0.0171875 0.05
1 0.984375 0.471875 0.03125 0.121875
1 0.01640625 0.29453125 0.0328125 0.1171875
0 0.971875 0.35546875 0.040625 0.1171875
1 0.93125 0.4828125 0.05625 0.128125
0 0.13671875 0.08046875 0.04375 0.053125
1 0.56796875 0.81953125 0.05 0.1234375
0 0.0421875 0.09609375 0.034375 0.05