1 0.921875 0.79921875 0.078125 0.165625
1 0.73515625 0.6703125 0.0734375 0.15625
1 0.83828125 0.81171875 0.078125 0.16875
1 0.62890625 0.840625 0.0734375 0.165625
0 0.8203125 0.6578125 0.075 0.153125
1 0.51171875 0.20625 0.071875 0.1578125
1 0.53046875 0.3609375 0.06875 0.159375
1 0.675 0.1921875 0.0671875 0.1546875
0 0.884375 0.7984375 0.075 0.165625
1 0.9046875 0.64453125 0.071875 0.1578125
1 0.615625 0.35 0.071875 0.1578125
0 0.78203125 0.6671875 0.0765625 0.1546875
1 0.134375 0.7375 0.0875 0.1765625
0 0.69296875 0.3390625 0.071875 0.165625
0 0.63359375 0.1953125 0.071875 0.15625
0 0.79921875 0.81328125 0.078125 0.1671875
0 0.24609375 0.8890625 0.0765625 0.1640625
1 0.54921875 0.853125 0.0765625 0.175
0 0.58984375 0.83984375 0.0765625 0.175
0 0.65546875 0.3453125 0.06875 0.1625
1 0.8640625 0.31640625 0.06875 0.1609375
0 0.5703125 0.68671875 0.0734375 0.1578125
0 0.1828125 0.74140625 0.071875 0.1640625
1 0.72109375 0.18515625 0.065625 0.153125
1 0.778125 0.328125 0.06875 0.1609375
1 0.8265625 0.3234375 0.0703125 0.159375
0 0.18515625 0.40234375 0.0703125 0.1703125
0 0.74140625 0.33359375 0.0734375 0.165625
1 0.80703125 0.1734375 0.06875 0.1515625
0 0.134375 0.40859375 0.0703125 0.171875
1 0.2 0.89453125 0.0703125 0.1625
1 0.8453125 0.17109375 0.0671875 0.1515625
1 0.759375 0.1828125 0.0671875 0.1515625
1 0.0359375 0.42109375 0.071875 0.1703125
0 0.6125 0.68359375 0.075 0.15625
0 0.22421875 0.39609375 0.0703125 0.16875
0 0.4890625 0.36796875 0.075 0.1671875
0 0.47109375 0.21484375 0.06875 0.159375
0 0.1203125 0.2546875 0.0625 0.1578125
0 0.50390625 0.86015625 0.071875 0.175
0 0.5328125 0.69375 0.075 0.165625
1 0.865625 0.653125 0.071875 0.1546875
0 0.5578125 0.2 0.078125 0.159375
1 0.9859375 0.78671875 0.028125 0.1640625
0 0.271875 0.38828125 0.078125 0.1640625
0 0.2015625 0.23671875 0.06875 0.1578125
1 0.56796875 0.35625 0.0703125 0.15625
0 0.1640625 0.24296875 0.0609375 0.153125
0 0.6625 0.6828125 0.075 0.15625
1 0.69765625 0.67890625 0.0703125 0.1515625
0 0.4484375 0.371875 0.065625 0.1703125
1 0.93203125 0.1578125 0.0671875 0.1546875
1 0.95 0.31015625 0.071875 0.16875
1 0.9609375 0.79375 0.0765625 0.1640625
1 0.88359375 0.1640625 0.06875 0.1546875
1 0.97734375 0.63515625 0.0453125 0.1609375
0 0.4296875 0.22109375 0.0609375 0.15625
1 0.0921875 0.4140625 0.0828125 0.175
1 0.08828125 0.9125 0.0859375 0.1703125
1 0.9015625 0.31484375 0.0703125 0.1625
1 0.07421875 0.2578125 0.0796875 0.1640625
0 0.74765625 0.83046875 0.0859375 0.175
1 0.28671875 0.8859375 0.0671875 0.165625
0 0.31015625 0.72109375 0.0703125 0.15625
0 0.25078125 0.23828125 0.0640625 0.1546875
1 0.9453125 0.64453125 0.071875 0.159375
0 0.3296875 0.87890625 0.0734375 0.1671875
1 0.23359375 0.73125 0.0796875 0.1625
0 0.153125 0.89765625 0.0859375 0.1671875
0 0.2578125 0.72734375 0.075 0.159375
1 0.71171875 0.83125 0.0796875 0.1703125
1 0.6703125 0.8328125 0.06875 0.1578125
1 0.48515625 0.7 0.071875 0.1640625
1 0.06640625 0.7421875 0.090625 0.1890625
1 0.0265625 0.2609375 0.053125 0.153125