0 0.440625 0.07421875 0.0796875 0.1453125
0 0.18671875 0.0875 0.08125 0.1375
0 0.3828125 0.07578125 0.0796875 0.140625
1 0.25234375 0.084375 0.078125 0.140625
1 0.50703125 0.06875 0.0859375 0.1375
0 0.521875 0.25625 0.0921875 0.24375
0 0.3140625 0.0796875 0.078125 0.140625
0 0.6359375 0.06640625 0.084375 0.1328125
0 0.56796875 0.0671875 0.0765625 0.134375
0 0.70703125 0.0640625 0.0859375 0.128125
0 0.4515625 0.26015625 0.084375 0.2421875
0 0.321875 0.2671875 0.0921875 0.2453125
0 0.1125 0.096875 0.0859375 0.140625
0 0.121875 0.27421875 0.09375 0.2328125
0 0.840625 0.06015625 0.084375 0.1203125
0 0.72578125 0.25625 0.090625 0.225
0 0.7671875 0.06171875 0.08125 0.1234375
0 0.19375 0.2734375 0.084375 0.2375
0 0.25859375 0.27265625 0.0875 0.2453125
0 0.35546875 0.77421875 0.09375 0.25625
0 0.8984375 0.0609375 0.084375 0.121875
0 0.784375 0.2484375 0.0921875 0.2265625
0 0.6546875 0.2515625 0.0890625 0.23125
0 0.9171875 0.24140625 0.1 0.228125
0 0.85234375 0.24375 0.0921875 0.228125
0 0.55625 0.775 0.0875 0.2609375
0 0.225 0.78671875 0.09375 0.2671875
0 0.615625 0.77109375 0.0875 0.2703125
0 0.68515625 0.765625 0.090625 0.2625
1 0.39296875 0.26640625 0.0875 0.2421875
0 0.48984375 0.78046875 0.0828125 0.25625
0 0.753125 0.75625 0.090625 0.25
0 0.28671875 0.7796875 0.090625 0.259375
0 0.584375 0.25234375 0.090625 0.2390625
0 0.815625 0.75859375 0.090625 0.259375
0 0.153125 0.796875 0.1015625 0.278125
0 0.94921875 0.05546875 0.0453125 0.1109375
0 0.95234375 0.77265625 0.0953125 0.2953125
0 0.89140625 0.765625 0.10625 0.2796875
0 0.4265625 0.78046875 0.090625 0.2421875
0 0.965625 0.24140625 0.05 0.225