1 0.84375 0.8078125 0.08125 0.16875
1 0.928125 0.79296875 0.08125 0.1640625
1 0.73828125 0.66796875 0.0765625 0.15625
1 0.634375 0.8390625 0.078125 0.1671875
1 0.5078125 0.20546875 0.071875 0.1578125
0 0.88984375 0.79296875 0.078125 0.1625
0 0.825 0.65625 0.078125 0.15625
1 0.528125 0.3609375 0.0703125 0.159375
0 0.6296875 0.19453125 0.0734375 0.1546875
1 0.67109375 0.1890625 0.06875 0.153125
0 0.80546875 0.809375 0.08125 0.1671875
0 0.57265625 0.6859375 0.0765625 0.1578125
1 0.90859375 0.63984375 0.075 0.159375
1 0.6125 0.346875 0.0734375 0.1578125
1 0.5546875 0.8515625 0.08125 0.175
0 0.653125 0.34296875 0.071875 0.1640625
0 0.784375 0.65859375 0.078125 0.1546875
0 0.253125 0.89296875 0.0765625 0.1671875
1 0.82421875 0.31953125 0.075 0.1640625
0 0.61484375 0.68046875 0.078125 0.1578125
1 0.86171875 0.31171875 0.075 0.1671875
0 0.690625 0.3375 0.0765625 0.16875
1 0.71640625 0.18046875 0.06875 0.1546875
1 0.84140625 0.1625 0.0703125 0.1546875
0 0.59453125 0.83828125 0.0796875 0.175
0 0.1328125 0.41171875 0.075 0.171875
1 0.86484375 0.646875 0.0671875 0.1609375
1 0.13671875 0.74296875 0.090625 0.175
0 0.184375 0.7421875 0.075 0.1640625
0 0.740625 0.334375 0.078125 0.16875
1 0.7546875 0.17734375 0.06875 0.1546875
0 0.1828125 0.40390625 0.075 0.1671875
1 0.92890625 0.153125 0.0734375 0.1578125
1 0.290625 0.8875 0.06875 0.165625
0 0.26953125 0.39140625 0.0828125 0.165625
1 0.77734375 0.32578125 0.075 0.165625
1 0.80234375 0.1671875 0.071875 0.15625
0 0.4875 0.3671875 0.075 0.165625
1 0.9875 0.78125 0.025 0.1625
0 0.22109375 0.3984375 0.0734375 0.16875
0 0.46640625 0.2140625 0.0703125 0.159375
0 0.1125 0.25703125 0.065625 0.159375
1 0.565625 0.3484375 0.0703125 0.15625
1 0.8796875 0.15625 0.071875 0.15625
1 0.96875 0.78359375 0.0625 0.1609375
0 0.4453125 0.37265625 0.06875 0.1671875
1 0.978125 0.628125 0.04375 0.1625
0 0.665625 0.68046875 0.0796875 0.1578125
1 0.0359375 0.42734375 0.071875 0.1765625
0 0.16015625 0.25234375 0.0640625 0.15625
1 0.7 0.67265625 0.075 0.153125
0 0.3375 0.88125 0.08125 0.1703125
0 0.55390625 0.19921875 0.08125 0.1578125
0 0.42421875 0.2203125 0.0640625 0.15625
0 0.19609375 0.24609375 0.06875 0.1578125
1 0.95078125 0.3046875 0.0734375 0.16875
1 0.90234375 0.30859375 0.0734375 0.165625
0 0.5078125 0.85625 0.078125 0.1765625
0 0.753125 0.82890625 0.090625 0.18125
0 0.2453125 0.240625 0.06875 0.1578125
1 0.94765625 0.6359375 0.065625 0.165625
1 0.09140625 0.41953125 0.0859375 0.178125
1 0.0234375 0.26875 0.046875 0.16875
1 0.20546875 0.89765625 0.0734375 0.1640625
1 0.06796875 0.26328125 0.08125 0.1640625
1 0.71796875 0.828125 0.08125 0.171875
0 0.3140625 0.72421875 0.0765625 0.1609375
1 0.2359375 0.734375 0.084375 0.1640625
0 0.53359375 0.69375 0.075 0.159375
0 0.25703125 0.7328125 0.084375 0.165625
1 0.09296875 0.915625 0.0890625 0.16875
1 0.6765625 0.83046875 0.071875 0.1578125
1 0.15703125 0.9046875 0.0875 0.1671875
1 0.484375 0.7 0.078125 0.165625
0 0.76953125 0.82109375 0.06875 0.1625
1 0.0765625 0.7640625 0.075 0.1515625