0 0.46953125 0.07265625 0.0671875 0.1453125
0 0.21328125 0.071875 0.0734375 0.14296875
1 0.278125 0.071875 0.06953125 0.14296875
0 0.3421875 0.071875 0.06875 0.14296875
0 0.40546875 0.07265625 0.0640625 0.1453125
0 0.1421875 0.253125 0.0796875 0.23046875
0 0.59921875 0.07265625 0.0640625 0.1453125
0 0.3390625 0.26171875 0.07421875 0.234375
1 0.40546875 0.26171875 0.0703125 0.23203125
0 0.53515625 0.265625 0.0734375 0.2359375
0 0.14140625 0.76953125 0.0734375 0.26953125
0 0.46875 0.26171875 0.06796875 0.234375
0 0.27109375 0.26171875 0.06875 0.234375
1 0.53515625 0.07265625 0.0703125 0.1453125
0 0.6671875 0.271875 0.06796875 0.2109375
0 0.796875 0.07421875 0.07109375 0.1484375
0 0.2703125 0.759375 0.07265625 0.246875
0 0.7296875 0.07265625 0.071875 0.1453125
0 0.5328125 0.771875 0.07421875 0.259375
0 0.73125 0.26796875 0.075 0.21953125
0 0.9265625 0.07421875 0.07421875 0.1484375
0 0.8609375 0.26640625 0.08046875 0.21953125
0 0.4046875 0.76328125 0.07421875 0.2484375
0 0.60078125 0.26796875 0.0703125 0.221875
0 0.66171875 0.77421875 0.075 0.259375
0 0.79375 0.771875 0.08125 0.25
0 0.97890625 0.26796875 0.040625 0.21953125
0 0.94296875 0.8015625 0.0984375 0.246875
0 0.14921875 0.065625 0.0546875 0.13125
0 0.20859375 0.25 0.0484375 0.2296875
0 0.6640625 0.07265625 0.0578125 0.14375
0 0.8609375 0.078125 0.0546875 0.15546875
0 0.97734375 0.0765625 0.040625 0.153125
0 0.79609375 0.26796875 0.0515625 0.2296875
0 0.92578125 0.26484375 0.0625 0.24765625
0 0.20625 0.76015625 0.04765625 0.23828125
0 0.33984375 0.75390625 0.06796875 0.23671875
0 0.4703125 0.759375 0.05625 0.23671875
0 0.5984375 0.76171875 0.0625 0.2484375
0 0.728125 0.76796875 0.0625 0.2421875
0 0.85859375 0.77421875 0.06015625 0.24921875