1 0.44765625 0.075 0.1046875 0.15
0 0.38125 0.08515625 0.0984375 0.15
0 0.13046875 0.1421875 0.103125 0.15
0 0.0625 0.15625 0.1046875 0.146875
0 0.296875 0.30546875 0.1296875 0.2578125
0 0.25390625 0.11328125 0.1015625 0.1484375
1 0.19765625 0.12734375 0.1 0.1484375
0 0.3234375 0.0984375 0.0984375 0.1484375
0 0.490625 0.26328125 0.128125 0.253125
0 0.50390625 0.06640625 0.0984375 0.1328125
0 0.16796875 0.3234375 0.11875 0.246875
0 0.0953125 0.33515625 0.1328125 0.2453125
0 0.57109375 0.06328125 0.1015625 0.1265625
0 0.640625 0.05234375 0.103125 0.1046875
0 0.36171875 0.28671875 0.125 0.2578125
0 0.4203125 0.2734375 0.1234375 0.2515625
0 0.2328125 0.3109375 0.125 0.2515625
0 0.69921875 0.04453125 0.1015625 0.0890625
0 0.83125 0.03515625 0.10625 0.0703125
0 0.68984375 0.22421875 0.1203125 0.2328125
0 0.20859375 0.8453125 0.1375 0.284375
0 0.7703125 0.040625 0.103125 0.08125
0 0.66171875 0.74609375 0.128125 0.2703125
0 0.878125 0.18046875 0.1265625 0.2328125
0 0.7453125 0.1953125 0.1265625 0.2359375
0 0.809375 0.18125 0.1265625 0.234375
0 0.79609375 0.715625 0.13125 0.2625
0 0.61640625 0.23046875 0.1171875 0.2359375
0 0.7296875 0.734375 0.1296875 0.271875
0 0.278125 0.8234375 0.1296875 0.2671875
0 0.55234375 0.2515625 0.121875 0.24375
0 0.60234375 0.7609375 0.1265625 0.2625
0 0.40703125 0.7921875 0.13125 0.2625
0 0.8578125 0.70546875 0.1296875 0.265625
0 0.34375 0.80703125 0.1234375 0.259375
0 0.47890625 0.7828125 0.1390625 0.26875
0 0.5375 0.775 0.1234375 0.2578125
0 0.875 0.02421875 0.059375 0.0484375
0 0.92890625 0.70078125 0.1421875 0.2796875
0 0.96875 0.690625 0.0625 0.296875
0 0.92109375 0.165625 0.0765625 0.2171875