0 0.43671875 0.06796875 0.0765625 0.1359375
0 0.49375 0.0703125 0.075 0.140625
0 0.24140625 0.0609375 0.0796875 0.121875
0 0.16796875 0.06171875 0.0828125 0.1234375
1 0.56484375 0.07421875 0.08125 0.1453125
0 0.365625 0.06796875 0.078125 0.1359375
0 0.35703125 0.2484375 0.084375 0.2421875
0 0.68984375 0.08671875 0.0796875 0.1515625
0 0.553125 0.26484375 0.0875 0.2453125
0 0.62265625 0.08125 0.075 0.1484375
1 0.30703125 0.065625 0.0765625 0.13125
0 0.48359375 0.2625 0.0796875 0.2421875
0 0.7609375 0.08515625 0.0828125 0.146875
0 0.82265625 0.09453125 0.08125 0.1515625
0 0.8921875 0.0984375 0.0828125 0.153125
0 0.94609375 0.29609375 0.0984375 0.225
0 0.953125 0.09765625 0.0875 0.153125
0 0.75390625 0.2875 0.0875 0.2265625
0 0.1296875 0.753125 0.078125 0.2734375
0 0.22578125 0.2390625 0.078125 0.240625
0 0.8828125 0.2890625 0.090625 0.221875
0 0.81484375 0.2859375 0.0921875 0.221875
1 0.42421875 0.2546875 0.0828125 0.2390625
0 0.15234375 0.23125 0.0890625 0.234375
0 0.19375 0.7484375 0.0890625 0.2625
0 0.6828125 0.2765625 0.084375 0.23125
0 0.52265625 0.77890625 0.084375 0.2640625
0 0.28359375 0.2515625 0.0796875 0.2453125
0 0.7203125 0.7859375 0.0859375 0.2484375
0 0.65234375 0.7859375 0.084375 0.259375
0 0.5828125 0.78359375 0.0828125 0.26875
0 0.3234375 0.75703125 0.0875 0.2515625
0 0.26171875 0.75546875 0.0859375 0.2546875
0 0.45625 0.77421875 0.0828125 0.2609375
0 0.621875 0.271875 0.0890625 0.2390625
0 0.78359375 0.79453125 0.084375 0.253125
0 0.93125 0.8453125 0.103125 0.2609375
0 0.990625 0.09921875 0.01875 0.1484375
0 0.86015625 0.80859375 0.096875 0.2703125
0 0.98515625 0.30078125 0.0296875 0.2234375
0 0.39375 0.7640625 0.0859375 0.2515625