0 0.55 0.84296875 0.053125 0.16796875
1 0.7984375 0.8484375 0.05625 0.165625
0 0.80078125 0.696875 0.05390625 0.146875
0 0.5515625 0.69296875 0.05234375 0.14921875
1 0.509375 0.85078125 0.05625 0.16875
1 0.1125 0.6859375 0.0671875 0.16875
1 0.55234375 0.209375 0.05078125 0.15078125
0 0.7578125 0.85 0.05703125 0.1671875
1 0.5890625 0.8515625 0.05234375 0.16484375
1 0.54765625 0.365625 0.04921875 0.15390625
1 0.634375 0.36171875 0.0484375 0.15390625
0 0.675 0.36484375 0.05 0.159375
0 0.203125 0.85078125 0.05703125 0.16171875
1 0.884375 0.84609375 0.05390625 0.1609375
1 0.8859375 0.690625 0.05234375 0.14921875
1 0.7609375 0.21328125 0.04765625 0.14609375
0 0.67109375 0.21015625 0.05234375 0.1484375
0 0.71484375 0.36640625 0.05078125 0.16171875
0 0.8484375 0.8390625 0.05546875 0.16171875
1 0.84609375 0.69453125 0.053125 0.14765625
1 0.84765625 0.3640625 0.04921875 0.15546875
0 0.59140625 0.6921875 0.053125 0.14765625
0 0.20234375 0.3609375 0.04921875 0.1609375
0 0.76171875 0.69375 0.05234375 0.14609375
1 0.58828125 0.359375 0.046875 0.15234375
0 0.5109375 0.209375 0.0484375 0.1515625
1 0.71484375 0.21796875 0.04765625 0.1453125
0 0.64296875 0.69453125 0.05390625 0.15
1 0.8859375 0.21328125 0.04921875 0.146875
1 0.88515625 0.36484375 0.04765625 0.15703125
0 0.59609375 0.209375 0.05703125 0.15390625
1 0.846875 0.2125 0.04921875 0.14765625
1 0.971875 0.8453125 0.0546875 0.15859375
1 0.7984375 0.215625 0.046875 0.14609375
1 0.04765625 0.8515625 0.0671875 0.159375
0 0.76171875 0.365625 0.04765625 0.16015625
1 0.92265625 0.84453125 0.0546875 0.15625
0 0.509375 0.3625 0.04921875 0.16328125
0 0.2 0.20625 0.0421875 0.15078125
0 0.16015625 0.69140625 0.05078125 0.15859375
1 0.97109375 0.690625 0.05078125 0.1515625
1 0.92421875 0.21640625 0.04921875 0.14765625
0 0.15546875 0.36640625 0.053125 0.165625
0 0.240625 0.20625 0.046875 0.15234375
1 0.51015625 0.69375 0.05078125 0.15234375
1 0.04765625 0.36171875 0.0625 0.16640625
1 0.678125 0.69765625 0.046875 0.14921875
1 0.79765625 0.3671875 0.05 0.15703125
1 0.9734375 0.21640625 0.0484375 0.15078125
0 0.45625 0.8484375 0.0609375 0.1734375
1 0.1109375 0.3625 0.0625 0.1671875
1 0.715625 0.69375 0.05390625 0.14765625
0 0.24375 0.36484375 0.0484375 0.1609375
1 0.92578125 0.36640625 0.05 0.16015625
1 0.97265625 0.3671875 0.04921875 0.1625
0 0.29296875 0.36328125 0.06015625 0.15859375
0 0.15625 0.20625 0.0453125 0.15390625
0 0.7125 0.8546875 0.05625 0.17109375
1 0.20546875 0.69140625 0.0546875 0.15546875
1 0.9234375 0.69453125 0.05234375 0.15078125
0 0.290625 0.2078125 0.04765625 0.15078125
0 0.46640625 0.21328125 0.04140625 0.14921875
0 0.46484375 0.365625 0.04375 0.16484375
1 0.11171875 0.20625 0.0578125 0.15625
0 0.1109375 0.85078125 0.0671875 0.15859375
0 0.24296875 0.6921875 0.04765625 0.15390625
1 0.16015625 0.8453125 0.05234375 0.1578125
1 0.0484375 0.20390625 0.0609375 0.16015625
0 0.290625 0.69609375 0.05703125 0.15390625
0 0.2890625 0.8484375 0.06796875 0.16484375
1 0.6328125 0.8453125 0.05 0.15390625
1 0.05078125 0.68203125 0.0640625 0.18671875
1 0.671875 0.84921875 0.05390625 0.165625