1 0.796875 0.84765625 0.0578125 0.16171875
0 0.20078125 0.859375 0.0546875 0.1640625
1 0.23828125 0.859375 0.05 0.1640625
1 0.63046875 0.365625 0.053125 0.1546875
1 0.8796875 0.8515625 0.0609375 0.159375
1 0.5453125 0.2125 0.05390625 0.15390625
1 0.709375 0.69765625 0.05546875 0.15
1 0.70859375 0.21796875 0.05234375 0.14921875
0 0.796875 0.69765625 0.05625 0.14921875
1 0.8421875 0.696875 0.053125 0.15234375
0 0.665625 0.2203125 0.059375 0.14921875
1 0.7953125 0.3671875 0.05390625 0.15859375
0 0.5875 0.696875 0.0578125 0.15
0 0.153125 0.7 0.05546875 0.16015625
1 0.54375 0.37265625 0.053125 0.159375
0 0.75625 0.7015625 0.05859375 0.15234375
0 0.8421875 0.84609375 0.05703125 0.15859375
1 0.9234375 0.84453125 0.0578125 0.16328125
0 0.75546875 0.36796875 0.05390625 0.1625
1 0.75546875 0.21640625 0.04921875 0.14609375
0 0.67109375 0.36875 0.0515625 0.159375
0 0.5921875 0.21328125 0.0671875 0.1546875
1 0.88125 0.69921875 0.05546875 0.1546875
0 0.7078125 0.36875 0.0546875 0.16171875
0 0.75859375 0.85703125 0.0609375 0.16796875
1 0.84140625 0.36640625 0.05234375 0.15703125
0 0.54609375 0.6953125 0.05625 0.15078125
1 0.50390625 0.86015625 0.0546875 0.1734375
1 0.88046875 0.365625 0.05078125 0.15859375
0 0.14765625 0.36796875 0.05234375 0.165625
1 0.84140625 0.2171875 0.05078125 0.14609375
0 0.50390625 0.371875 0.0546875 0.1625
1 0.88046875 0.21484375 0.05 0.14765625
1 0.5859375 0.8578125 0.05625 0.1625
0 0.5046875 0.21640625 0.04921875 0.153125
0 0.19765625 0.36484375 0.05078125 0.1625
1 0.79453125 0.21328125 0.05 0.146875
0 0.46171875 0.3703125 0.0484375 0.16953125
0 0.23671875 0.3671875 0.053125 0.16171875
1 0.9671875 0.85078125 0.05625 0.1578125
0 0.5453125 0.859375 0.053125 0.17421875
0 0.4625 0.215625 0.04609375 0.15234375
0 0.5046875 0.70078125 0.05390625 0.153125
0 0.284375 0.36484375 0.0609375 0.15625
1 0.10625 0.69453125 0.06953125 0.1703125
1 0.67265625 0.70546875 0.05078125 0.15
0 0.6375 0.6984375 0.05625 0.15078125
0 0.1515625 0.21328125 0.04453125 0.15234375
1 0.58359375 0.36875 0.053125 0.15234375
1 0.9203125 0.3671875 0.05078125 0.1609375
0 0.19609375 0.2125 0.0421875 0.14921875
0 0.2328125 0.2109375 0.0484375 0.153125
1 0.96875 0.3703125 0.05078125 0.1640625
0 0.2828125 0.8609375 0.05625 0.16953125
1 0.96640625 0.69921875 0.05078125 0.15390625
1 0.9203125 0.21484375 0.04921875 0.14921875
0 0.2828125 0.21015625 0.0484375 0.15390625
1 0.96640625 0.21328125 0.0484375 0.15078125
1 0.15234375 0.8578125 0.05234375 0.1609375
1 0.0421875 0.21015625 0.06171875 0.1625
0 0.709375 0.86171875 0.059375 0.17109375
0 0.28203125 0.6984375 0.05546875 0.1546875
1 0.040625 0.36640625 0.06484375 0.165625
1 0.040625 0.8609375 0.06640625 0.16328125
0 0.45546875 0.85859375 0.05625 0.178125
1 0.9203125 0.69921875 0.053125 0.1546875
0 0.2328125 0.69921875 0.0578125 0.15703125
1 0.10390625 0.3671875 0.0640625 0.16953125
1 0.45546875 0.6984375 0.05390625 0.15390625
1 0.66953125 0.8578125 0.0578125 0.16640625
1 0.20703125 0.7 0.0703125 0.1578125
0 0.1046875 0.8546875 0.0671875 0.16328125
1 0.03828125 0.69140625 0.0703125 0.1828125
1 0.10546875 0.2078125 0.06015625 0.15859375
1 0.62421875 0.85234375 0.04765625 0.15234375
1 0.62890625 0.21953125 0.0421875 0.15390625