0 0.29296875 0.24140625 0.0609375 0.1171875
1 0.72578125 0.15234375 0.0609375 0.11875
0 0.3375 0.47265625 0.0625 0.1171875
1 0.303125 0.48203125 0.0578125 0.1109375
0 0.6609375 0.1671875 0.0609375 0.115625
0 0.45703125 0.56640625 0.0625 0.128125
1 0.72734375 0.5171875 0.0640625 0.1296875
0 0.5390625 0.43515625 0.059375 0.109375
1 0.27265625 0.4875 0.059375 0.1125
1 0.4296875 0.94921875 0.06875 0.1015625
1 0.96640625 0.8546875 0.0609375 0.1234375
1 0.20703125 0.5 0.05625 0.109375
1 0.6609375 0.53046875 0.0640625 0.125
1 0.8375 0.378125 0.0609375 0.1171875
0 0.22734375 0.6125 0.0625 0.128125
0 0.50625 0.8234375 0.059375 0.125
0 0.43515625 0.4515625 0.059375 0.1171875
1 0.50234375 0.44375 0.059375 0.1140625
1 0.6265625 0.17578125 0.0625 0.1171875
0 0.79375 0.5 0.0609375 0.1265625
0 0.696875 0.52578125 0.0609375 0.128125
1 0.9640625 0.46953125 0.0625 0.128125
0 0.7625 0.50625 0.0625 0.128125
1 0.59296875 0.540625 0.0609375 0.1234375
1 0.84375 0.7609375 0.0609375 0.1265625
0 0.8734375 0.36796875 0.0625 0.1171875
1 0.46796875 0.4515625 0.059375 0.115625
1 0.4890625 0.5640625 0.0640625 0.1265625
0 0.671875 0.790625 0.0625 0.13125
0 0.86484375 0.49140625 0.065625 0.128125
0 0.934375 0.86171875 0.059375 0.121875
1 0.83203125 0.49375 0.0625 0.125
0 0.640625 0.41640625 0.059375 0.1125
0 0.4265625 0.575 0.0640625 0.1296875
0 0.2375 0.4921875 0.0546875 0.109375
1 0.075 0.52734375 0.05625 0.1140625
0 0.53046875 0.196875 0.059375 0.115625
1 0.42890625 0.21484375 0.0609375 0.1140625
1 0.7421875 0.78046875 0.0609375 0.1328125
1 0.99140625 0.7265625 0.0171875 0.128125
1 0.496875 0.2 0.0609375 0.1171875
0 0.7734375 0.76953125 0.0625 0.1296875
0 0.62734375 0.5359375 0.0609375 0.1234375
0 0.32734375 0.96015625 0.0640625 0.0796875
1 0.26171875 0.24765625 0.0609375 0.1171875
1 0.44453125 0.840625 0.0625 0.1296875
0 0.3921875 0.221875 0.059375 0.1140625
0 0.40859375 0.84375 0.0609375 0.1265625
0 0.56015625 0.546875 0.0625 0.128125
1 0.86015625 0.128125 0.0578125 0.1125
1 0.36171875 0.22421875 0.059375 0.11875
0 0.3921875 0.953125 0.065625 0.09375
0 0.3265625 0.59609375 0.065625 0.13125
1 0.76015625 0.14609375 0.0578125 0.115625
0 0.8015625 0.13828125 0.0671875 0.1203125
1 0.9421875 0.3515625 0.059375 0.11875
0 0.671875 0.4109375 0.0578125 0.1109375
0 0.8125 0.765625 0.0609375 0.128125
1 0.896875 0.1203125 0.059375 0.115625
1 0.1296875 0.63359375 0.0609375 0.1265625
0 0.71015625 0.7828125 0.0625 0.1296875
1 0.3734375 0.85390625 0.0609375 0.1265625
0 0.40546875 0.45546875 0.0609375 0.1203125
1 0.6015625 0.42421875 0.059375 0.1140625
1 0.91328125 0.7484375 0.059375 0.1265625
0 0.328125 0.23515625 0.059375 0.1140625
0 0.8 0.88984375 0.0625 0.121875
0 0.46796875 0.946875 0.0671875 0.10625
1 0.70546875 0.403125 0.059375 0.1140625
0 0.1609375 0.0796875 0.046875 0.0515625
0 0.38828125 0.5828125 0.0625 0.128125
0 0.1734375 0.50625 0.0625 0.1125
0 0.35859375 0.58828125 0.0625 0.1296875
0 0.46015625 0.20859375 0.059375 0.1140625
0 0.69609375 0.16328125 0.0578125 0.115625
0 0.83671875 0.88125 0.065625 0.1234375
0 0.5359375 0.81953125 0.0609375 0.1234375
0 0.03984375 0.53203125 0.0578125 0.1171875
0 0.4765625 0.8296875 0.059375 0.128125
0 0.59375 0.184375 0.0640625 0.1203125
0 0.29296875 0.603125 0.065625 0.1296875
1 0.5609375 0.18984375 0.059375 0.115625
0 0.29609375 0.9625 0.0640625 0.075
0 0.903125 0.36015625 0.059375 0.1171875
0 0.9046875 0.48203125 0.0734375 0.134375
1 0.29375 0.0546875 0.04375 0.0515625
0 0.1921875 0.26015625 0.0609375 0.11875
1 0.3265625 0.0484375 0.0453125 0.053125
0 0.09140625 0.63984375 0.0640625 0.128125
0 0.3375 0.8625 0.065625 0.125
0 0.1609375 0.2671875 0.0609375 0.1203125
0 0.24765625 0.96796875 0.0796875 0.0640625
0 0.98359375 0.84921875 0.0328125 0.1234375
1 0.19375 0.07421875 0.04375 0.053125
0 0.35859375 0.95859375 0.0671875 0.0828125
0 0.146875 0.97578125 0.084375 0.0484375
1 0.62734375 0.00625 0.0453125 0.0125
0 0.22890625 0.25546875 0.059375 0.115625
0 0.52421875 0.55234375 0.0609375 0.13125
1 0.9015625 0.87109375 0.0578125 0.11875
0 0.01875 0.53203125 0.0375 0.1171875
0 0.571875 0.43125 0.05625 0.109375
1 0.36015625 0.04140625 0.04375 0.053125
0 0.30625 0.8640625 0.059375 0.1265625
0 0.19140625 0.61640625 0.059375 0.1296875
0 0.0578125 0.64765625 0.0625 0.1296875
0 0.16328125 0.62578125 0.0578125 0.125
1 0.4609375 0.02421875 0.046875 0.0484375
0 0.06328125 0.28984375 0.059375 0.1171875
1 0.7625 0.89609375 0.0640625 0.121875
0 0.94765625 0.740625 0.059375 0.121875
0 0.69375 0.90859375 0.059375 0.121875
0 0.17421875 0.88515625 0.0640625 0.1234375
0 0.2234375 0.0671875 0.0453125 0.0515625
0 0.2046875 0.97265625 0.075 0.0546875
0 0.25859375 0.0609375 0.0453125 0.0515625
0 0.00625 0.11328125 0.0125 0.0515625
0 0.4921875 0.02109375 0.046875 0.0421875
0 0.25859375 0.6078125 0.0578125 0.125
1 0.525 0.0171875 0.046875 0.034375
0 0.0296875 0.2953125 0.0546875 0.11875
1 0.1 0.28046875 0.0578125 0.1140625
0 0.275 0.86875 0.0640625 0.1296875
0 0.13046875 0.27421875 0.0546875 0.1140625
0 0.13515625 0.88984375 0.0609375 0.1265625
0 0.878125 0.75546875 0.0578125 0.1234375
0 0.23203125 0.87890625 0.0609375 0.125
0 0.02421875 0.10703125 0.0453125 0.053125
1 0.5953125 0.009375 0.04375 0.01875
1 0.42734375 0.02890625 0.0453125 0.053125
0 0.7421875 0.39296875 0.0625 0.11875
1 0.56015625 0.01328125 0.0453125 0.0265625
0 0.86875 0.8796875 0.05625 0.11875
0 0.66328125 0.9203125 0.05625 0.1171875
0 0.49921875 0.94375 0.0609375 0.1125
0 0.63515625 0.9265625 0.0609375 0.1171875
1 0.921875 0.115625 0.04375 0.1109375
0 0.13125 0.51328125 0.0625 0.11875
1 0.209375 0.884375 0.053125 0.121875
1 0.39375 0.03515625 0.0453125 0.053125
0 0.77265625 0.3875 0.0640625 0.11875
0 0.084375 0.91171875 0.0484375 0.121875
0 0.53125 0.93984375 0.059375 0.1203125
0 0.0640625 0.1 0.04375 0.053125
0 0.7328125 0.90234375 0.059375 0.1203125
1 0.6421875 0.803125 0.059375 0.1328125
1 0.3671875 0.46796875 0.059375 0.1203125
1 0.11015625 0.51953125 0.05625 0.1109375
0 0.975 0.7359375 0.05 0.125
0 0.09296875 0.09375 0.0421875 0.053125
0 0.11015625 0.8984375 0.0546875 0.121875
0 0.10859375 0.98125 0.0546875 0.0375
1 0.98359375 0.4640625 0.0328125 0.121875
0 0.03203125 0.65078125 0.0453125 0.1234375
1 0.56015625 0.9359375 0.065625 0.121875
0 0.80234375 0.38203125 0.059375 0.115625
1 0.01484375 0.30234375 0.0296875 0.1171875
0 0.12890625 0.0875 0.0453125 0.0546875
0 0.96953125 0.3484375 0.0421875 0.1171875
1 0.93046875 0.47578125 0.0578125 0.128125
1 0.57421875 0.81875 0.05 0.121875
1 0.8296875 0.134375 0.0515625 0.1171875
1 0.59765625 0.815625 0.065625 0.134375