0 0.31640625 0.225 0.0515625 0.115625
1 0.7546875 0.1734375 0.0515625 0.1171875
1 0.759375 0.53125 0.053125 0.1234375
0 0.4515625 0.5625 0.0515625 0.125
1 0.30546875 0.46484375 0.0484375 0.109375
0 0.33984375 0.45859375 0.053125 0.1140625
1 0.50703125 0.44296875 0.0484375 0.109375
0 0.68984375 0.18203125 0.053125 0.1140625
0 0.478125 0.82109375 0.0484375 0.1234375
0 0.646875 0.8046875 0.053125 0.1296875
0 0.54453125 0.4390625 0.05 0.1078125
1 0.2078125 0.47421875 0.046875 0.1078125
1 0.653125 0.1875 0.053125 0.1140625
1 0.65859375 0.5453125 0.053125 0.1203125
1 0.5890625 0.5484375 0.0515625 0.121875
0 0.7921875 0.525 0.053125 0.1265625
1 0.16484375 0.95703125 0.0671875 0.0859375
1 0.27421875 0.4671875 0.05 0.109375
0 0.86484375 0.52421875 0.0546875 0.1265625
1 0.88203125 0.403125 0.0515625 0.1125
1 0.825 0.52734375 0.0515625 0.125
1 0.95 0.39453125 0.0515625 0.11875
0 0.90234375 0.5171875 0.0609375 0.13125
0 0.4390625 0.446875 0.0484375 0.115625
1 0.8203125 0.78984375 0.0515625 0.125
1 0.47265625 0.4484375 0.0515625 0.1125
1 0.484375 0.5625 0.0515625 0.1234375
0 0.74921875 0.79296875 0.053125 0.1296875
1 0.7171875 0.80078125 0.05 0.13125
1 0.45390625 0.209375 0.0515625 0.1109375
0 0.64609375 0.4296875 0.0546875 0.1125
0 0.6921875 0.54140625 0.0546875 0.1265625
1 0.4140625 0.834375 0.0515625 0.128125
0 0.55625 0.2 0.05 0.1140625
1 0.60859375 0.434375 0.05 0.1140625
1 0.284375 0.228125 0.0515625 0.1140625
0 0.62421875 0.54765625 0.0515625 0.125
0 0.55546875 0.55234375 0.053125 0.125
0 0.4859375 0.20703125 0.0515625 0.1109375
1 0.92734375 0.15625 0.05 0.1125
0 0.4203125 0.56875 0.0515625 0.1265625
0 0.21796875 0.58828125 0.0515625 0.1265625
1 0.7703125 0.00625 0.040625 0.0125
1 0.52265625 0.20078125 0.0515625 0.1140625
0 0.409375 0.446875 0.0515625 0.11875
0 0.91328125 0.3984375 0.053125 0.1125
0 0.4171875 0.21328125 0.05 0.1140625
1 0.89140625 0.1578125 0.05 0.115625
0 0.2390625 0.46875 0.046875 0.1078125
0 0.76484375 0.9140625 0.053125 0.1203125
0 0.7265625 0.5375 0.0515625 0.128125
0 0.20703125 0.95390625 0.0640625 0.0921875
0 0.684375 0.8 0.0515625 0.128125
0 0.67890625 0.42734375 0.05 0.109375
1 0.38671875 0.2140625 0.0515625 0.1171875
1 0.71328125 0.42265625 0.05 0.1125
0 0.7875 0.7890625 0.0515625 0.128125
1 0.98359375 0.7703125 0.0328125 0.125
1 0.8890625 0.7859375 0.046875 0.1234375
1 0.78984375 0.1703125 0.0484375 0.115625
1 0.85 0.40625 0.05 0.1125
0 0.378125 0.83515625 0.05 0.125
0 0.17421875 0.47734375 0.0515625 0.109375
0 0.35234375 0.22109375 0.05 0.1125
1 0.9671875 0.5109375 0.0515625 0.1296875
1 0.23203125 0.04921875 0.0390625 0.05
1 0.58671875 0.196875 0.0515625 0.115625
0 0.80234375 0.90859375 0.0578125 0.121875
0 0.13984375 0.478125 0.0484375 0.1140625
0 0.83203125 0.165625 0.0578125 0.11875
0 0.725 0.17734375 0.0484375 0.11875
0 0.2 0.0515625 0.0421875 0.0484375
1 0.01015625 0.07265625 0.0203125 0.0484375
1 0.346875 0.840625 0.053125 0.1265625
0 0.21328125 0.234375 0.0515625 0.1171875
0 0.03671875 0.490625 0.0484375 0.1171875
0 0.3203125 0.5828125 0.053125 0.1328125
0 0.62109375 0.19375 0.0546875 0.1171875
0 0.5203125 0.5546875 0.05 0.1296875
1 0.36640625 0.03515625 0.040625 0.05
1 0.33359375 0.03671875 0.0390625 0.046875
0 0.2796875 0.584375 0.0515625 0.1296875
0 0.26171875 0.04453125 0.0421875 0.046875
1 0.40078125 0.03125 0.0390625 0.05
0 0.2515625 0.2328125 0.05 0.1140625
0 0.38125 0.5734375 0.05 0.1265625
0 0.071875 0.4828125 0.046875 0.115625
1 0.10234375 0.0625 0.0390625 0.05
0 0.8984375 0.903125 0.0515625 0.11875
1 0.86796875 0.9046875 0.0484375 0.1171875
1 0.7265625 0.91796875 0.0546875 0.1203125
0 0.10625 0.9609375 0.071875 0.078125
1 0.50078125 0.02265625 0.0421875 0.0453125
0 0.70546875 0.009375 0.0421875 0.01875
0 0.78046875 0.41171875 0.0546875 0.115625
0 0.31171875 0.84140625 0.053125 0.125
0 0.20078125 0.85234375 0.05 0.1234375
0 0.1828125 0.23984375 0.053125 0.11875
0 0.2875 0.953125 0.053125 0.09375
1 0.73515625 0.0078125 0.0390625 0.015625
0 0.44375 0.828125 0.0484375 0.1265625
0 0.08359375 0.25 0.05 0.1140625
0 0.38984375 0.94609375 0.0546875 0.1078125
0 0.7484375 0.41484375 0.0515625 0.115625
0 0.3515625 0.5765625 0.05 0.128125
0 0.50859375 0.82578125 0.046875 0.121875
0 0.1421875 0.85546875 0.0515625 0.121875
0 0.57734375 0.43828125 0.046875 0.109375
0 0.1171875 0.60390625 0.0484375 0.128125
0 0.65859375 0.92421875 0.05 0.1203125
0 0.321875 0.9515625 0.053125 0.096875
0 0.934375 0.8953125 0.05 0.121875
0 0.2546875 0.95390625 0.053125 0.0921875
0 0.296875 0.04140625 0.0421875 0.0484375
1 0.11953125 0.246875 0.0515625 0.1125
0 0.18203125 0.58828125 0.046875 0.125
1 0.990625 0.88671875 0.01875 0.1203125
0 0.1515625 0.24296875 0.046875 0.1125
0 0.0796875 0.60546875 0.05 0.128125
0 0.5328125 0.0203125 0.040625 0.040625
0 0.10625 0.85859375 0.046875 0.11875
0 0.24921875 0.58671875 0.046875 0.125
0 0.834375 0.91015625 0.0484375 0.1171875
0 0.24453125 0.846875 0.0515625 0.128125
0 0.275 0.8453125 0.046875 0.125
1 0.5671875 0.01875 0.04375 0.0375
0 0.8546875 0.78671875 0.046875 0.121875
0 0.92578125 0.77890625 0.053125 0.1203125
0 0.14921875 0.59921875 0.046875 0.1265625
0 0.4265625 0.9453125 0.05625 0.109375
1 0.46484375 0.02421875 0.0421875 0.0484375
0 0.13125 0.059375 0.0390625 0.05
1 0.1078125 0.4828125 0.0453125 0.1125
0 0.01484375 0.4890625 0.0296875 0.115625
0 0.96484375 0.89140625 0.0484375 0.1203125
0 0.046875 0.60859375 0.05 0.128125
1 0.67109375 0.0125 0.0421875 0.025
1 0.603125 0.0171875 0.040625 0.034375
0 0.59765625 0.93671875 0.0515625 0.1140625
0 0.35703125 0.94921875 0.0546875 0.1015625
0 0.46015625 0.9421875 0.0484375 0.115625
0 0.62578125 0.93203125 0.046875 0.1171875
1 0.95390625 0.15390625 0.0359375 0.1109375
0 0.05 0.875 0.0375 0.121875
1 0.43359375 0.028125 0.040625 0.05
0 0.959375 0.77421875 0.046875 0.1265625
0 0.04921875 0.25546875 0.0453125 0.1171875
0 0.078125 0.86328125 0.04375 0.121875
0 0.696875 0.92109375 0.0484375 0.11875
0 0.81171875 0.409375 0.0484375 0.1140625
1 0.9859375 0.50703125 0.028125 0.1234375
0 0.49296875 0.94140625 0.0515625 0.1171875
1 0.6375 0.0140625 0.040625 0.028125
1 0.17578125 0.85703125 0.0421875 0.11875
0 0.0640625 0.9640625 0.04375 0.071875
0 0.05859375 0.06640625 0.04375 0.0484375
0 0.01953125 0.61015625 0.034375 0.125
0 0.028125 0.06953125 0.034375 0.0484375
1 0.521875 0.9390625 0.0546875 0.11875
1 0.3703125 0.45703125 0.0484375 0.1171875
0 0.0046875 0.2578125 0.009375 0.115625
0 0.98046875 0.38984375 0.0328125 0.1171875
1 0.615625 0.81484375 0.0484375 0.1296875
0 0.940625 0.5140625 0.0515625 0.1296875
1 0.021875 0.25859375 0.04375 0.1171875
0 0.1671875 0.05625 0.0421875 0.0515625
1 0.8609375 0.1640625 0.04375 0.1171875
1 0.54609375 0.82265625 0.0421875 0.1234375
0 0.91875 0.52109375 0.059375 0.1328125
0 0.07265625 0.06484375 0.0296875 0.0484375