0 0.5125 0.82109375 0.0859375 0.1671875
1 0.18125 0.43671875 0.078125 0.15625
1 0.36328125 0.6984375 0.078125 0.1546875
1 0.35390625 0.246875 0.075 0.1484375
1 0.4328125 0.8375 0.075 0.1546875
0 0.309375 0.25859375 0.075 0.153125
0 0.3921875 0.84296875 0.078125 0.1546875
1 0.60625 0.6453125 0.0765625 0.15625
0 0.234375 0.27578125 0.0796875 0.15625
0 0.3265625 0.70546875 0.078125 0.1546875
1 0.40234375 0.69140625 0.078125 0.1578125
0 0.5671875 0.65078125 0.0796875 0.15625
0 0.28359375 0.7203125 0.078125 0.1546875
1 0.2421875 0.7265625 0.078125 0.1546875
1 0.39140625 0.23828125 0.071875 0.146875
1 0.5421875 0.353125 0.0765625 0.15
1 0.271875 0.26875 0.08125 0.15625
0 0.72734375 0.615625 0.0765625 0.1546875
0 0.44375 0.6765625 0.0828125 0.1640625
1 0.4296875 0.23046875 0.071875 0.1484375
0 0.13828125 0.4484375 0.078125 0.15625
0 0.5125 0.21171875 0.0734375 0.1484375
0 0.52421875 0.66015625 0.0765625 0.15625
0 0.38203125 0.38515625 0.0765625 0.15
0 0.75625 0.76015625 0.0734375 0.153125
0 0.48515625 0.671875 0.0765625 0.159375
1 0.803125 0.7515625 0.0734375 0.153125
0 0.64453125 0.6359375 0.075 0.15625
1 0.8390625 0.74296875 0.075 0.1515625
0 0.19765625 0.7296875 0.078125 0.1578125
1 0.19140625 0.28671875 0.0796875 0.1546875
0 0.665625 0.32421875 0.0796875 0.159375
0 0.634375 0.7890625 0.0796875 0.15625
0 0.31171875 0.8578125 0.0734375 0.1515625
0 0.33671875 0.3984375 0.078125 0.153125
0 0.634375 0.18359375 0.0734375 0.146875
0 0.55390625 0.20390625 0.071875 0.1484375
0 0.59609375 0.18984375 0.075 0.1515625
0 0.29765625 0.40859375 0.078125 0.153125
0 0.50390625 0.359375 0.0765625 0.1515625
1 0.4765625 0.2171875 0.078125 0.1515625
1 0.26328125 0.41796875 0.0765625 0.1578125
1 0.81171875 0.60390625 0.0703125 0.1578125
0 0.5828125 0.34453125 0.075 0.153125
1 0.85234375 0.5921875 0.071875 0.1515625
0 0.6875 0.6234375 0.075 0.15625
0 0.35703125 0.85625 0.071875 0.153125
1 0.5578125 0.8125 0.0828125 0.165625
1 0.22109375 0.42890625 0.08125 0.15625
0 0.6265625 0.334375 0.075 0.153125
0 0.678125 0.78125 0.0796875 0.1515625
0 0.27265625 0.865625 0.071875 0.1484375
1 0.8828125 0.7328125 0.075 0.15
0 0.72109375 0.76796875 0.071875 0.1515625
0 0.22890625 0.87578125 0.0703125 0.146875
1 0.109375 0.30390625 0.071875 0.14375
0 0.15 0.29453125 0.08125 0.1578125
0 0.77734375 0.61015625 0.071875 0.153125
0 0.45859375 0.36953125 0.0765625 0.1515625
0 0.68203125 0.1765625 0.065625 0.1453125
0 0.59765625 0.803125 0.078125 0.1578125
1 0.475 0.828125 0.071875 0.159375
1 0.4203125 0.37890625 0.0765625 0.1484375
0 0.71484375 0.32109375 0.065625 0.15625