0 0.32578125 0.21953125 0.046875 0.115625
1 0.76640625 0.18203125 0.046875 0.115625
0 0.70078125 0.1890625 0.05 0.1125
0 0.5453125 0.4421875 0.05 0.109375
1 0.72265625 0.54453125 0.0484375 0.1265625
1 0.9203125 0.91015625 0.0484375 0.1203125
1 0.509375 0.44609375 0.046875 0.1109375
0 0.4484375 0.5609375 0.0484375 0.125
1 0.5875 0.55234375 0.0484375 0.125
1 0.65703125 0.55078125 0.05 0.1234375
1 0.578125 0.440625 0.046875 0.109375
0 0.44140625 0.44375 0.046875 0.1140625
1 0.6640625 0.19375 0.05 0.1140625
1 0.953125 0.41015625 0.0484375 0.11875
0 0.68984375 0.55 0.0484375 0.1265625
0 0.64921875 0.43515625 0.0515625 0.1125
0 0.46640625 0.8203125 0.0453125 0.1203125
0 0.759375 0.53828125 0.0484375 0.125
1 0.81015625 0.80078125 0.046875 0.125
0 0.63515625 0.809375 0.0484375 0.128125
1 0.5328125 0.2015625 0.0484375 0.115625
0 0.8890625 0.4171875 0.0515625 0.115625
0 0.5671875 0.20234375 0.0484375 0.115625
1 0.903125 0.171875 0.046875 0.1140625
0 0.62265625 0.55078125 0.0484375 0.1265625
1 0.47421875 0.44765625 0.0484375 0.1109375
0 0.88671875 0.9125 0.046875 0.11875
0 0.41171875 0.44296875 0.0484375 0.11875
0 0.42734375 0.21171875 0.046875 0.1125
1 0.48203125 0.559375 0.0484375 0.121875
1 0.93984375 0.171875 0.046875 0.1125
1 0.4640625 0.2078125 0.0484375 0.1109375
0 0.68125 0.43125 0.05 0.1109375
0 0.55390625 0.5546875 0.046875 0.125
1 0.853125 0.4203125 0.05 0.115625
1 0.82421875 0.53828125 0.0484375 0.125
0 0.84375 0.17734375 0.0578125 0.1171875
0 0.7390625 0.8015625 0.0484375 0.128125
0 0.21484375 0.57890625 0.046875 0.1234375
0 0.7921875 0.540625 0.0484375 0.1234375
0 0.41796875 0.565625 0.05 0.125
1 0.075 0.46796875 0.0453125 0.11875
1 0.70625 0.80859375 0.0453125 0.128125
1 0.209375 0.4640625 0.04375 0.10625
0 0.3859375 0.03046875 0.0421875 0.0484375
1 0.61484375 0.43828125 0.046875 0.1109375
1 0.87890625 0.79375 0.0453125 0.125
1 0.97890625 0.7875 0.0421875 0.128125
0 0.86328125 0.5375 0.0515625 0.1296875
1 0.80078125 0.18046875 0.0453125 0.1140625
0 0.77734375 0.7984375 0.046875 0.1265625
0 0.75078125 0.9234375 0.0484375 0.11875
0 0.9 0.53203125 0.053125 0.13125
1 0.3328125 0.83359375 0.0453125 0.121875
0 0.675 0.80625 0.0484375 0.1265625
0 0.3421875 0.45078125 0.0515625 0.1171875
0 0.31640625 0.57578125 0.05 0.13125
1 0.29375 0.221875 0.0484375 0.1140625
0 0.26875 0.94921875 0.046875 0.1015625
1 0.40234375 0.83125 0.0453125 0.125
0 0.73671875 0.18515625 0.0453125 0.115625
0 0.22421875 0.22578125 0.046875 0.115625
0 0.49609375 0.20546875 0.0484375 0.1125
1 0.78828125 0.0109375 0.0390625 0.021875
1 0.59765625 0.2 0.0484375 0.1171875
0 0.378125 0.5703125 0.0484375 0.128125
0 0.015625 0.46796875 0.03125 0.1234375
0 0.63203125 0.1984375 0.0515625 0.1171875
0 0.3625 0.21640625 0.046875 0.1140625
0 0.2390625 0.45859375 0.04375 0.109375
0 0.9171875 0.41015625 0.046875 0.1140625
0 0.7234375 0.0125 0.040625 0.025
0 0.78828125 0.9203125 0.053125 0.1203125
1 0.88984375 0.00546875 0.0390625 0.0109375
0 0.29765625 0.83515625 0.046875 0.121875
1 0.396875 0.21015625 0.046875 0.11875
1 0.365625 0.8328125 0.0453125 0.125
0 0.17890625 0.57890625 0.04375 0.121875
1 0.71640625 0.4296875 0.0484375 0.1125
1 0.01796875 0.0546875 0.0359375 0.046875
0 0.2390625 0.94921875 0.046875 0.1015625
0 0.496875 0.8203125 0.04375 0.11875
0 0.1890625 0.953125 0.059375 0.09375
0 0.95078125 0.90703125 0.0453125 0.1203125
0 0.17421875 0.46640625 0.05 0.109375
0 0.2609375 0.22578125 0.046875 0.1140625
1 0.984375 0.9046875 0.03125 0.11875
0 0.840625 0.0078125 0.065625 0.015625
0 0.18671875 0.8390625 0.053125 0.125
0 0.303125 0.45 0.053125 0.11875
0 0.51796875 0.559375 0.046875 0.1265625
0 0.2140625 0.040625 0.040625 0.046875
0 0.27890625 0.5765625 0.05 0.128125
0 0.1921875 0.2296875 0.046875 0.1171875
0 0.0921875 0.2375 0.046875 0.115625
0 0.08515625 0.9546875 0.0640625 0.090625
0 0.1453125 0.9546875 0.05625 0.090625
0 0.3734375 0.9453125 0.05 0.109375
0 0.43203125 0.8265625 0.0421875 0.1234375
0 0.4046875 0.94375 0.05 0.1125
0 0.34921875 0.57265625 0.046875 0.1296875
0 0.30078125 0.95 0.0484375 0.1
1 0.35 0.03203125 0.0375 0.046875
0 0.2625 0.83671875 0.04375 0.125
0 0.784375 0.42109375 0.0515625 0.115625
0 0.14453125 0.83828125 0.053125 0.1265625
0 0.090625 0.840625 0.0484375 0.125
0 0.07734375 0.590625 0.0453125 0.11875
0 0.11328125 0.58671875 0.0453125 0.1203125
0 0.915625 0.79296875 0.0484375 0.1234375
1 0.853125 0.9171875 0.0453125 0.115625
1 0.6890625 0.0140625 0.040625 0.028125
0 0.64375 0.9296875 0.0453125 0.11875
1 0.7125 0.925 0.05 0.11875
0 0.3359375 0.94609375 0.046875 0.1078125
0 0.1609375 0.23046875 0.0421875 0.1109375
0 0.75234375 0.4234375 0.05 0.115625
1 0.12890625 0.23359375 0.046875 0.1125
0 0.8203125 0.921875 0.04375 0.115625
0 0.44453125 0.9421875 0.0453125 0.115625
0 0.23359375 0.83984375 0.0453125 0.1234375
0 0.04296875 0.59140625 0.0453125 0.1234375
1 0.75234375 0.01171875 0.0390625 0.0234375
1 0.584375 0.01953125 0.040625 0.0390625
0 0.03671875 0.85703125 0.034375 0.121875
1 0.6046875 0.81875 0.0453125 0.1265625
1 0.2484375 0.03984375 0.0375 0.0484375
0 0.0578125 0.240625 0.04375 0.11875
1 0.41796875 0.028125 0.0390625 0.0484375
0 0.04375 0.053125 0.0328125 0.046875
1 0.6203125 0.01796875 0.040625 0.0359375
1 0.371875 0.45 0.046875 0.1203125
0 0.0390625 0.46953125 0.046875 0.128125
0 0.61015625 0.93671875 0.04375 0.115625
1 0.271875 0.45546875 0.040625 0.1109375
0 0.13046875 0.46796875 0.053125 0.11875
1 0.51875 0.02265625 0.040625 0.0453125
0 0.1484375 0.584375 0.04375 0.1234375
1 0.4515625 0.02578125 0.040625 0.05
1 0.92265625 0.0046875 0.0390625 0.009375
1 0.65546875 0.015625 0.0390625 0.03125
0 0.5828125 0.93984375 0.0484375 0.1140625
0 0.0765625 0.0515625 0.040625 0.0484375
0 0.54921875 0.0203125 0.0421875 0.040625
0 0.84296875 0.79609375 0.0453125 0.125
0 0.47734375 0.940625 0.046875 0.11875
1 0.965625 0.16875 0.0328125 0.1109375
0 0.31328125 0.034375 0.0390625 0.0484375
0 0.6828125 0.92734375 0.0453125 0.1171875
0 0.9453125 0.79296875 0.0421875 0.125
0 0.24609375 0.578125 0.040625 0.1234375
1 0.4859375 0.02421875 0.040625 0.0484375
1 0.50703125 0.93984375 0.0484375 0.11875
0 0.27890625 0.03671875 0.040625 0.0484375
0 0.046875 0.95859375 0.0375 0.0828125
0 0.99609375 0.7796875 0.0078125 0.128125
0 0.8140625 0.4203125 0.046875 0.115625
0 0.0609375 0.84921875 0.0390625 0.1171875
0 0.01640625 0.59296875 0.0296875 0.121875
1 0.1109375 0.46875 0.0453125 0.1140625
0 0.11796875 0.04921875 0.040625 0.05
0 0.1453125 0.04609375 0.0375 0.046875
1 0.92578125 0.53359375 0.04375 0.134375
1 0.03125 0.24375 0.0453125 0.1171875
1 0.96640625 0.53515625 0.0484375 0.1359375
0 0.00859375 0.23984375 0.0171875 0.1171875
0 0.98359375 0.40703125 0.0296875 0.1171875
0 0.18125 0.04453125 0.040625 0.05
1 0.534375 0.82421875 0.0359375 0.121875
1 0.87109375 0.175 0.040625 0.115625