0 0.51640625 0.071875 0.0859375 0.14375
0 0.4578125 0.06640625 0.084375 0.1328125
0 0.2625 0.05390625 0.0875 0.1078125
1 0.58671875 0.07734375 0.0890625 0.146875
0 0.56171875 0.26953125 0.103125 0.2546875
0 0.3890625 0.06328125 0.084375 0.1265625
1 0.3296875 0.05859375 0.084375 0.1171875
0 0.1671875 0.21171875 0.1015625 0.2375
0 0.64375 0.08203125 0.0828125 0.1453125
0 0.4953125 0.2609375 0.0953125 0.2484375
0 0.71171875 0.0953125 0.0890625 0.153125
0 0.7828125 0.0984375 0.090625 0.15
0 0.18984375 0.05 0.0890625 0.1
0 0.2390625 0.22421875 0.0921875 0.240625
0 0.84375 0.109375 0.0875 0.1515625
0 0.30234375 0.24140625 0.096875 0.25
0 0.9640625 0.1203125 0.071875 0.153125
0 0.69453125 0.28359375 0.096875 0.2375
0 0.76484375 0.3015625 0.096875 0.225
0 0.91328125 0.11796875 0.0890625 0.153125
0 0.3671875 0.2421875 0.103125 0.25
0 0.82578125 0.30234375 0.103125 0.2265625
0 0.95078125 0.31796875 0.0984375 0.2296875
0 0.89375 0.30859375 0.1 0.228125
0 0.50859375 0.77890625 0.0984375 0.2640625
0 0.3109375 0.7453125 0.1046875 0.2578125
0 0.6375 0.7921875 0.0984375 0.2578125
0 0.440625 0.76875 0.1015625 0.265625
0 0.1796875 0.73515625 0.1046875 0.271875
0 0.63359375 0.275 0.1 0.2421875
0 0.56796875 0.78671875 0.096875 0.2671875
0 0.24765625 0.740625 0.103125 0.2625
0 0.70625 0.7984375 0.0984375 0.253125
0 0.3796875 0.75546875 0.1046875 0.2578125
0 0.7671875 0.81015625 0.1 0.2578125
0 0.109375 0.73515625 0.109375 0.2859375
0 0.84453125 0.8265625 0.1140625 0.2703125
0 0.9125 0.85625 0.121875 0.284375
0 0.9890625 0.31875 0.021875 0.225
1 0.43671875 0.24609375 0.09375 0.228125