0 0.3765625 0.07890625 0.08125 0.1453125
0 0.43359375 0.07421875 0.0796875 0.1453125
0 0.18203125 0.09296875 0.084375 0.1390625
0 0.109375 0.1046875 0.0875 0.1421875
1 0.50390625 0.07109375 0.0859375 0.1421875
0 0.30703125 0.08828125 0.0828125 0.14375
0 0.3234375 0.27109375 0.09375 0.24375
0 0.6296875 0.0703125 0.084375 0.140625
0 0.51953125 0.26015625 0.0953125 0.2484375
0 0.56328125 0.071875 0.0796875 0.14375
1 0.2484375 0.09296875 0.08125 0.14375
0 0.45078125 0.2671875 0.0890625 0.24375
0 0.7 0.06328125 0.0875 0.1265625
0 0.76171875 0.06484375 0.0859375 0.1296875
0 0.83125 0.0625 0.0875 0.125
0 0.9140625 0.2359375 0.10625 0.228125
0 0.89140625 0.0578125 0.0921875 0.115625
0 0.721875 0.25390625 0.0953125 0.2296875
0 0.16875 0.8015625 0.0875 0.275
0 0.1921875 0.2796875 0.0875 0.2421875
0 0.84921875 0.23828125 0.0984375 0.225
0 0.78203125 0.24375 0.1 0.225
1 0.390625 0.2671875 0.090625 0.240625
0 0.11875 0.28203125 0.096875 0.2359375
0 0.23125 0.78828125 0.0984375 0.2640625
0 0.65 0.253125 0.0921875 0.2328125
0 0.56171875 0.77265625 0.09375 0.265625
0 0.2515625 0.284375 0.0875 0.246875
0 0.7578125 0.75234375 0.09375 0.25
0 0.690625 0.76171875 0.0921875 0.2609375
0 0.621875 0.76953125 0.0921875 0.2703125
0 0.3609375 0.77890625 0.0953125 0.253125
0 0.3 0.7859375 0.09375 0.25625
0 0.49453125 0.77734375 0.0921875 0.2625
0 0.58828125 0.25703125 0.096875 0.240625
0 0.821875 0.7515625 0.0921875 0.2546875
0 0.959375 0.78125 0.08125 0.2625
0 0.9421875 0.05390625 0.046875 0.1078125
0 0.89921875 0.75546875 0.10625 0.271875
0 0.96171875 0.23359375 0.053125 0.225
0 0.43203125 0.7765625 0.09375 0.253125