1 0.74609375 0.8796875 0.0765625 0.1703125
1 0.5875 0.215625 0.075 0.1609375
1 0.81328125 0.7390625 0.071875 0.1546875
1 0.8296875 0.8953125 0.078125 0.1671875
0 0.76796875 0.7328125 0.075 0.1546875
1 0.534375 0.859375 0.0796875 0.1703125
0 0.70703125 0.2375 0.075 0.159375
0 0.70703125 0.884375 0.08125 0.1765625
1 0.6453125 0.38125 0.0765625 0.1625
1 0.85859375 0.41171875 0.071875 0.1609375
1 0.68125 0.721875 0.0734375 0.1546875
1 0.5625 0.371875 0.075 0.1640625
1 0.74765625 0.2453125 0.071875 0.1546875
0 0.496875 0.84765625 0.078125 0.178125
0 0.79375 0.884375 0.075 0.165625
0 0.72734375 0.73046875 0.078125 0.15625
1 0.45390625 0.84765625 0.0796875 0.1765625
0 0.15390625 0.80703125 0.078125 0.16875
1 0.79453125 0.25078125 0.06875 0.1546875
0 0.54453125 0.2140625 0.0734375 0.1640625
0 0.128125 0.64296875 0.075 0.165625
0 0.690625 0.38828125 0.0734375 0.165625
0 0.56015625 0.7015625 0.078125 0.159375
1 0.88046875 0.26484375 0.0703125 0.1546875
0 0.47265625 0.684375 0.0734375 0.165625
1 0.85234375 0.74140625 0.071875 0.1546875
0 0.7265625 0.39453125 0.0734375 0.165625
0 0.30625 0.325 0.0796875 0.1625
0 0.7734375 0.4 0.075 0.1671875
1 0.08203125 0.63359375 0.0921875 0.178125
0 0.1953125 0.15703125 0.065625 0.15625
0 0.51875 0.69296875 0.075 0.1609375
0 0.6328125 0.22109375 0.0828125 0.1625
0 0.16953125 0.31015625 0.0734375 0.1703125
1 0.8984375 0.415625 0.0703125 0.1609375
0 0.51796875 0.36484375 0.075 0.1703125
0 0.50234375 0.20703125 0.0640625 0.1578125
0 0.25859375 0.3203125 0.0734375 0.1671875
0 0.48125 0.36015625 0.0703125 0.175
1 0.8328125 0.25625 0.0703125 0.153125
1 0.0625 0.2953125 0.0875 0.1734375
0 0.609375 0.7109375 0.0765625 0.159375
0 0.21640625 0.3078125 0.0703125 0.1546875
1 0.8140625 0.40546875 0.0734375 0.1640625
1 0.91875 0.26640625 0.06875 0.153125
0 0.23828125 0.165625 0.0625 0.1546875
1 0.91640625 0.9078125 0.075 0.165625
0 0.27578125 0.16875 0.0703125 0.1578125
1 0.86796875 0.9015625 0.0765625 0.1640625
1 0.6015625 0.37578125 0.0734375 0.159375
0 0.325 0.1765625 0.06875 0.1546875
1 0.01875 0.78359375 0.0375 0.1671875
0 0.40546875 0.84140625 0.0875 0.18125
1 0.9578125 0.27265625 0.0703125 0.1546875
1 0.89140625 0.7515625 0.0734375 0.1578125
1 0.9859375 0.27734375 0.028125 0.1546875
1 0.9375 0.7546875 0.071875 0.159375
1 0.19140625 0.81171875 0.071875 0.16875
1 0.64375 0.71640625 0.0703125 0.153125
1 0.9734375 0.43046875 0.053125 0.1703125
1 0.9375 0.4234375 0.071875 0.1640625
1 0.14921875 0.15 0.0828125 0.1625
0 0.65703125 0.88125 0.0828125 0.1796875
1 0.1765625 0.64765625 0.078125 0.165625
0 0.25625 0.65859375 0.0765625 0.1609375
1 0.12578125 0.3046875 0.084375 0.175
0 0.23671875 0.8171875 0.078125 0.1703125
1 0.08671875 0.13671875 0.084375 0.16875
0 0.2046875 0.65234375 0.0828125 0.1640625
1 0.1046875 0.7984375 0.0734375 0.165625
1 0.03203125 0.61796875 0.0640625 0.1921875
1 0.06015625 0.79296875 0.0890625 0.165625
1 0.5765625 0.8625 0.071875 0.1625
1 0.6203125 0.87265625 0.08125 0.175