0 0.31171875 0.228125 0.053125 0.1171875
1 0.75 0.16875 0.053125 0.1171875
0 0.33984375 0.4609375 0.0546875 0.115625
0 0.684375 0.17890625 0.0546875 0.1140625
0 0.45234375 0.56328125 0.0546875 0.1265625
1 0.725 0.5328125 0.0546875 0.128125
1 0.30390625 0.4671875 0.05 0.1109375
0 0.54375 0.43828125 0.0515625 0.1078125
1 0.94140625 0.88671875 0.0546875 0.121875
0 0.88203125 0.39296875 0.0546875 0.1171875
0 0.2203125 0.59375 0.0546875 0.1265625
1 0.65859375 0.5421875 0.05625 0.1234375
1 0.8453125 0.40234375 0.053125 0.1171875
1 0.6484375 0.18515625 0.0546875 0.115625
1 0.58984375 0.546875 0.053125 0.121875
0 0.69453125 0.5390625 0.053125 0.1265625
1 0.2734375 0.47109375 0.0515625 0.1125
1 0.50625 0.44453125 0.0515625 0.1125
1 0.82421875 0.784375 0.053125 0.125
1 0.2078125 0.47890625 0.0484375 0.1078125
0 0.7609375 0.52421875 0.053125 0.1265625
1 0.965625 0.5015625 0.0546875 0.1265625
0 0.79296875 0.5203125 0.053125 0.125
0 0.48359375 0.8234375 0.0515625 0.1234375
1 0.48515625 0.5625 0.05625 0.125
0 0.43828125 0.446875 0.053125 0.115625
1 0.471875 0.44921875 0.053125 0.1140625
0 0.9078125 0.89140625 0.0515625 0.1203125
0 0.6515625 0.8015625 0.0546875 0.13125
1 0.83125 0.5171875 0.0546875 0.1234375
0 0.86484375 0.5171875 0.05625 0.1265625
0 0.64453125 0.42734375 0.05625 0.1140625
1 0.44921875 0.21015625 0.053125 0.1125
0 0.42109375 0.56953125 0.05625 0.128125
0 0.5515625 0.19921875 0.053125 0.115625
0 0.23828125 0.4734375 0.0484375 0.109375
0 0.55703125 0.5515625 0.0546875 0.1265625
1 0.51640625 0.20078125 0.053125 0.115625
0 0.75390625 0.78828125 0.0546875 0.1296875
1 0.98515625 0.76171875 0.0296875 0.1265625
1 0.721875 0.796875 0.0515625 0.13125
1 0.12109375 0.60703125 0.053125 0.125
0 0.3203125 0.58359375 0.05625 0.128125
0 0.625 0.5453125 0.053125 0.125
1 0.88515625 0.1515625 0.05 0.1140625
0 0.4125 0.21484375 0.0515625 0.1140625
1 0.78359375 0.165625 0.05 0.1140625
1 0.94765625 0.3859375 0.053125 0.1203125
1 0.07421875 0.496875 0.05 0.1125
1 0.39921875 0.946875 0.0609375 0.10625
1 0.2796875 0.23203125 0.053125 0.115625
0 0.384375 0.83671875 0.053125 0.1265625
0 0.678125 0.4234375 0.0515625 0.109375
0 0.40859375 0.4484375 0.053125 0.11875
0 0.3484375 0.22421875 0.0515625 0.1140625
0 0.7921875 0.78359375 0.053125 0.128125
1 0.921875 0.14921875 0.0515625 0.1140625
0 0.29375 0.95390625 0.05625 0.0921875
1 0.8953125 0.77734375 0.0515625 0.125
1 0.42109375 0.8359375 0.0546875 0.1296875
1 0.60703125 0.4328125 0.0515625 0.1125
0 0.690625 0.796875 0.0546875 0.128125
0 0.77265625 0.909375 0.0546875 0.1203125
0 0.825 0.16015625 0.059375 0.11875
1 0.3484375 0.84453125 0.053125 0.125
0 0.3828125 0.575 0.0546875 0.128125
0 0.1921875 0.0578125 0.04375 0.0515625
0 0.1734375 0.48359375 0.05625 0.1109375
0 0.809375 0.90390625 0.0578125 0.121875
1 0.71171875 0.41796875 0.053125 0.1125
0 0.69765625 0.0078125 0.0421875 0.015625
0 0.353125 0.578125 0.0546875 0.128125
0 0.04140625 0.496875 0.05 0.1125
0 0.71953125 0.178125 0.05 0.1140625
0 0.45390625 0.82734375 0.05 0.1265625
1 0.38125 0.215625 0.053125 0.11875
0 0.615625 0.19140625 0.0578125 0.1171875
1 0.58203125 0.19453125 0.053125 0.115625
0 0.48203125 0.20546875 0.053125 0.1140625
1 0.7265625 0.00625 0.040625 0.0125
1 0.00703125 0.08125 0.0140625 0.05
0 0.90546875 0.5109375 0.0640625 0.1328125
0 0.28046875 0.58671875 0.0546875 0.128125
0 0.209375 0.23984375 0.053125 0.1171875
1 0.325 0.040625 0.040625 0.05
1 0.99375 0.87890625 0.0125 0.1203125
0 0.3640625 0.9484375 0.059375 0.103125
0 0.08203125 0.6109375 0.05625 0.1265625
0 0.26328125 0.9546875 0.0578125 0.090625
1 0.3578125 0.0375 0.0421875 0.0515625
0 0.51328125 0.82109375 0.053125 0.121875
0 0.31484375 0.84609375 0.0546875 0.1265625
0 0.52109375 0.553125 0.053125 0.1296875
0 0.17265625 0.9625 0.0671875 0.075
0 0.91640625 0.38671875 0.0515625 0.1171875
0 0.97109375 0.8828125 0.0515625 0.121875
0 0.434375 0.9453125 0.059375 0.109375
0 0.021875 0.07890625 0.0359375 0.05
0 0.178125 0.24453125 0.053125 0.11875
0 0.21484375 0.95625 0.0703125 0.0875
1 0.734375 0.91328125 0.05625 0.1203125
0 0.01640625 0.4984375 0.0328125 0.115625
0 0.184375 0.59453125 0.0515625 0.128125
0 0.5765625 0.43671875 0.05 0.1078125
0 0.0453125 0.26328125 0.046875 0.1171875
1 0.225 0.05390625 0.040625 0.0515625
1 0.49375 0.02265625 0.04375 0.0453125
0 0.24921875 0.2375 0.0515625 0.1140625
1 0.875 0.89765625 0.05 0.11875
0 0.66484375 0.92109375 0.0515625 0.1203125
0 0.52578125 0.0203125 0.0421875 0.040625
0 0.28125 0.84921875 0.0515625 0.125
1 0.66171875 0.0109375 0.0421875 0.021875
0 0.0484375 0.61640625 0.0546875 0.128125
0 0.3265625 0.953125 0.059375 0.09375
0 0.07890625 0.259375 0.0515625 0.115625
0 0.15546875 0.60234375 0.0484375 0.1234375
0 0.2890625 0.04453125 0.040625 0.0484375
0 0.1484375 0.8609375 0.0546875 0.121875
1 0.39296875 0.03359375 0.0421875 0.0515625
1 0.55859375 0.01796875 0.0421875 0.0359375
0 0.25546875 0.04921875 0.0421875 0.05
0 0.0515625 0.075 0.040625 0.0515625
0 0.93046875 0.77109375 0.0546875 0.121875
0 0.11171875 0.9640625 0.0734375 0.071875
1 0.11640625 0.253125 0.0515625 0.1125
0 0.7484375 0.41015625 0.0546875 0.1171875
0 0.2515625 0.590625 0.05 0.1234375
0 0.25 0.8515625 0.0546875 0.128125
0 0.10859375 0.86484375 0.053125 0.1234375
0 0.146875 0.2484375 0.0484375 0.1125
0 0.7796875 0.40546875 0.0578125 0.1171875
0 0.6328125 0.93046875 0.05 0.115625
0 0.8578125 0.778125 0.053125 0.125
1 0.59453125 0.015625 0.0421875 0.03125
0 0.20703125 0.859375 0.053125 0.1234375
1 0.17890625 0.8609375 0.04375 0.11875
1 0.62890625 0.0125 0.0421875 0.025
1 0.46015625 0.025 0.0421875 0.05
0 0.13984375 0.484375 0.046875 0.1125
0 0.840625 0.90390625 0.05 0.11875
1 0.37421875 0.4546875 0.05 0.115625
0 0.70390625 0.9171875 0.0515625 0.11875
0 0.60546875 0.93515625 0.053125 0.115625
0 0.46875 0.94296875 0.053125 0.1140625
1 0.94765625 0.1453125 0.0375 0.109375
1 0.109375 0.49140625 0.0484375 0.1078125
0 0.05625 0.88203125 0.040625 0.121875
1 0.62109375 0.81328125 0.0515625 0.13125
0 0.96015625 0.76953125 0.0484375 0.125
0 0.121875 0.06640625 0.0375 0.05
1 0.42734375 0.02890625 0.0421875 0.0515625
0 0.50078125 0.940625 0.0515625 0.11875
0 0.084375 0.86953125 0.046875 0.1203125
1 0.02109375 0.2671875 0.0421875 0.115625
0 0.02265625 0.6171875 0.0375 0.1234375
1 0.9859375 0.4984375 0.028125 0.121875
0 0.09296875 0.06953125 0.040625 0.0515625
0 0.0734375 0.9671875 0.046875 0.065625
0 0.15859375 0.0625 0.04375 0.053125
1 0.5296875 0.9390625 0.0578125 0.1203125
0 0.128125 0.48984375 0.0578125 0.115625
0 0.97890625 0.38125 0.034375 0.1171875
0 0.81015625 0.40390625 0.0515625 0.115625
1 0.93125 0.50625 0.05 0.1265625
1 0.55234375 0.82265625 0.04375 0.121875
1 0.8546875 0.1578125 0.0453125 0.1171875
1 0.5765625 0.82109375 0.05625 0.134375
0 0.12890625 0.96171875 0.0703125 0.0765625
0 0.078125 0.07265625 0.0390625 0.0515625