0 0.39140625 0.0796875 0.0921875 0.14375
0 0.13515625 0.128125 0.0984375 0.1421875
1 0.19765625 0.11640625 0.09375 0.140625
0 0.3265625 0.0921875 0.0921875 0.14375
1 0.45625 0.07109375 0.1 0.1421875
0 0.06640625 0.13984375 0.1 0.140625
0 0.26328125 0.10390625 0.0921875 0.140625
0 0.51796875 0.06484375 0.0921875 0.1296875
0 0.29453125 0.28828125 0.1203125 0.2515625
0 0.4265625 0.26328125 0.1109375 0.246875
0 0.64921875 0.053125 0.1046875 0.10625
0 0.48984375 0.253125 0.1203125 0.2515625
0 0.0984375 0.31640625 0.1203125 0.24375
1 0.36015625 0.2734375 0.115625 0.246875
0 0.78203125 0.040625 0.1046875 0.08125
0 0.22734375 0.3015625 0.1171875 0.253125
0 0.6265625 0.2375 0.115625 0.2296875
0 0.88671875 0.18046875 0.13125 0.2453125
0 0.38984375 0.7859375 0.1234375 0.2625
0 0.75390625 0.2015625 0.1234375 0.2390625
0 0.58515625 0.7578125 0.1234375 0.2734375
0 0.25859375 0.81328125 0.1234375 0.275
0 0.715625 0.734375 0.1234375 0.265625
0 0.84609375 0.70859375 0.11875 0.253125
0 0.88828125 0.02578125 0.0609375 0.0515625
0 0.9671875 0.71015625 0.065625 0.2609375
0 0.91953125 0.70078125 0.1296875 0.2625
0 0.19453125 0.82578125 0.1046875 0.2640625
0 0.32578125 0.7953125 0.096875 0.253125
0 0.16328125 0.3015625 0.11875 0.2671875
0 0.4546875 0.7640625 0.1078125 0.246875
0 0.51484375 0.7546875 0.1 0.234375
0 0.6453125 0.7265625 0.1125 0.2390625
0 0.78046875 0.71953125 0.10625 0.2609375
0 0.82265625 0.20078125 0.1015625 0.259375
0 0.68125 0.21484375 0.1015625 0.25
0 0.55078125 0.23203125 0.1078125 0.2328125
0 0.58046875 0.0640625 0.1015625 0.128125
0 0.71796875 0.05078125 0.0828125 0.1015625
0 0.84375 0.034375 0.078125 0.06875