1 0.81484375 0.91015625 0.0828125 0.165625
1 0.8046875 0.753125 0.078125 0.1578125
1 0.73359375 0.89375 0.0859375 0.1703125
1 0.52265625 0.8640625 0.08125 0.165625
0 0.75859375 0.7453125 0.0828125 0.15625
1 0.6484375 0.38984375 0.0796875 0.1609375
0 0.71484375 0.25 0.08125 0.159375
0 0.14296875 0.80078125 0.0796875 0.16875
1 0.67265625 0.73125 0.08125 0.1578125
0 0.71796875 0.7421875 0.0859375 0.1609375
1 0.59453125 0.2234375 0.078125 0.1640625
1 0.75625 0.25625 0.075 0.15625
1 0.8609375 0.42734375 0.0765625 0.1625
1 0.56796875 0.3796875 0.0765625 0.1640625
0 0.48359375 0.8515625 0.08125 0.175
0 0.5109375 0.6984375 0.0796875 0.159375
0 0.78046875 0.8984375 0.08125 0.1640625
0 0.553125 0.70859375 0.08125 0.159375
1 0.44296875 0.8515625 0.0828125 0.1734375
1 0.80234375 0.2640625 0.0734375 0.153125
0 0.69296875 0.3984375 0.0765625 0.1640625
1 0.8875 0.28125 0.0734375 0.1546875
0 0.12421875 0.63359375 0.078125 0.1671875
1 0.84296875 0.75703125 0.078125 0.1578125
1 0.89921875 0.43671875 0.075 0.1625
0 0.69375 0.890625 0.0875 0.175
0 0.52734375 0.371875 0.08125 0.16875
0 0.175 0.30625 0.078125 0.171875
0 0.5546875 0.21953125 0.0765625 0.1609375
1 0.81640625 0.4203125 0.0765625 0.165625
0 0.7765625 0.4125 0.08125 0.16875
0 0.3125 0.32734375 0.0828125 0.1625
0 0.72890625 0.40546875 0.078125 0.1671875
1 0.9265625 0.28671875 0.0734375 0.1546875
0 0.225 0.3140625 0.0765625 0.1703125
0 0.20703125 0.15390625 0.0703125 0.159375
1 0.853125 0.9171875 0.08125 0.1640625
0 0.2640625 0.32109375 0.0765625 0.1671875
1 0.078125 0.62109375 0.09375 0.178125
1 0.9015625 0.92109375 0.08125 0.1578125
1 0.83984375 0.271875 0.0734375 0.1546875
0 0.64140625 0.23046875 0.0890625 0.1671875
0 0.60234375 0.71796875 0.08125 0.159375
1 0.60625 0.3828125 0.0765625 0.1578125
0 0.5125 0.21171875 0.071875 0.159375
0 0.2875 0.16484375 0.075 0.159375
0 0.25078125 0.1609375 0.0671875 0.15625
1 0.18125 0.80703125 0.075 0.16875
1 0.9640625 0.290625 0.071875 0.15625
0 0.48515625 0.3625 0.075 0.175
1 0.93984375 0.44140625 0.0765625 0.165625
1 0.928125 0.7765625 0.075 0.159375
1 0.9875 0.2984375 0.025 0.15625
1 0.01484375 0.7734375 0.0296875 0.175
1 0.88203125 0.76875 0.0796875 0.159375
1 0.97421875 0.453125 0.0515625 0.16875
0 0.3359375 0.17578125 0.071875 0.1578125
0 0.39375 0.8421875 0.0859375 0.178125
0 0.2515625 0.65546875 0.078125 0.1609375
1 0.0953125 0.790625 0.078125 0.1640625
0 0.640625 0.890625 0.0890625 0.178125
1 0.1609375 0.14375 0.0875 0.1671875
1 0.6375 0.7296875 0.075 0.15625
0 0.19453125 0.646875 0.090625 0.1671875
1 0.134375 0.29921875 0.090625 0.178125
0 0.47109375 0.6953125 0.0765625 0.159375
0 0.225 0.815625 0.08125 0.175
1 0.603125 0.8796875 0.08125 0.171875
1 0.07109375 0.290625 0.0875 0.175
0 0.0484375 0.77890625 0.09375 0.1703125
1 0.09921875 0.1296875 0.0875 0.171875
0 0.56640625 0.8734375 0.08125 0.1640625
1 0.175 0.646875 0.0875 0.1671875
1 0.03046875 0.61015625 0.0609375 0.1796875
1 0.678125 0.24375 0.0671875 0.1609375