1 0.54765625 0.2078125 0.0515625 0.15390625
1 0.58515625 0.853125 0.05546875 0.1609375
1 0.88203125 0.8484375 0.05859375 0.15859375
1 0.62734375 0.36328125 0.05390625 0.153125
1 0.71015625 0.6953125 0.0546875 0.14921875
0 0.66953125 0.2125 0.053125 0.1515625
0 0.79765625 0.69453125 0.05546875 0.1484375
1 0.54609375 0.365625 0.04921875 0.1546875
0 0.5453125 0.846875 0.05390625 0.16875
0 0.75703125 0.6984375 0.059375 0.1515625
1 0.71015625 0.21484375 0.04921875 0.1484375
1 0.7984375 0.8453125 0.059375 0.1640625
1 0.84453125 0.69453125 0.053125 0.1515625
0 0.20078125 0.8546875 0.05234375 0.1609375
0 0.5875 0.69296875 0.05546875 0.153125
0 0.54453125 0.69140625 0.05234375 0.15390625
1 0.50390625 0.85390625 0.0546875 0.16796875
0 0.5 0.68984375 0.05234375 0.15703125
0 0.84609375 0.85 0.0515625 0.16171875
0 0.671875 0.3625 0.05078125 0.15625
1 0.88359375 0.36171875 0.05 0.1578125
0 0.7109375 0.36328125 0.05078125 0.1609375
1 0.796875 0.36171875 0.05078125 0.15546875
1 0.884375 0.2140625 0.0484375 0.1484375
1 0.7578125 0.2140625 0.04765625 0.14921875
1 0.8453125 0.36328125 0.05078125 0.15625
0 0.14921875 0.3609375 0.05234375 0.1671875
0 0.284375 0.3578125 0.0578125 0.15859375
0 0.15234375 0.69921875 0.05234375 0.15859375
0 0.5046875 0.36484375 0.05390625 0.159375
1 0.88359375 0.6921875 0.053125 0.15078125
1 0.10546875 0.6875 0.065625 0.16875
0 0.7578125 0.85546875 0.06015625 0.16953125
0 0.75859375 0.36328125 0.0515625 0.159375
0 0.1515625 0.20390625 0.0453125 0.153125
0 0.50546875 0.2109375 0.05 0.15546875
1 0.92109375 0.8484375 0.05546875 0.15703125
1 0.8453125 0.2109375 0.05078125 0.1484375
0 0.59296875 0.20703125 0.059375 0.15390625
0 0.23671875 0.359375 0.05078125 0.1640625
0 0.63828125 0.6953125 0.05625 0.15234375
1 0.796875 0.2125 0.04921875 0.146875
1 0.9703125 0.8484375 0.0546875 0.1578125
0 0.196875 0.3578125 0.05234375 0.16640625
1 0.23828125 0.85390625 0.04609375 0.159375
0 0.4625 0.2109375 0.04453125 0.153125
0 0.4625 0.365625 0.04609375 0.1640625
0 0.1953125 0.2015625 0.04375 0.1484375
1 0.9703125 0.2125 0.0484375 0.14921875
1 0.96875 0.36640625 0.05078125 0.16328125
0 0.2328125 0.20390625 0.04765625 0.15390625
0 0.2828125 0.2015625 0.04765625 0.153125
1 0.584375 0.3640625 0.05078125 0.1515625
1 0.92265625 0.2125 0.05 0.1484375
1 0.96953125 0.69375 0.05234375 0.15546875
0 0.45625 0.85234375 0.05703125 0.1703125
1 0.6734375 0.69609375 0.04921875 0.14609375
1 0.92109375 0.3640625 0.05078125 0.15859375
0 0.70390625 0.8578125 0.0625 0.16875
1 0.103125 0.36015625 0.0625 0.1671875
1 0.0375 0.85546875 0.0671875 0.1640625
1 0.20390625 0.69296875 0.05859375 0.15703125
1 0.0390625 0.35859375 0.06328125 0.1671875
0 0.28203125 0.69296875 0.05234375 0.15390625
1 0.9234375 0.696875 0.053125 0.15390625
1 0.10390625 0.203125 0.0609375 0.15703125
1 0.6671875 0.853125 0.05625 0.1640625
0 0.28359375 0.853125 0.05390625 0.16171875
1 0.1515625 0.85234375 0.05 0.15703125
0 0.22734375 0.69453125 0.0609375 0.1578125
1 0.03984375 0.1984375 0.0609375 0.16171875
0 0.63046875 0.85390625 0.05625 0.15703125
1 0.10390625 0.853125 0.06484375 0.15703125
1 0.45703125 0.6953125 0.05234375 0.15546875
1 0.03984375 0.6875 0.06640625 0.17890625