0 0.29765625 0.23828125 0.059375 0.1171875
1 0.73125 0.15625 0.059375 0.1171875
0 0.33828125 0.46953125 0.0609375 0.1171875
0 0.45625 0.565625 0.0609375 0.1265625
0 0.6671875 0.16953125 0.059375 0.115625
0 0.540625 0.4359375 0.0578125 0.109375
1 0.30234375 0.478125 0.05625 0.1109375
1 0.72578125 0.52109375 0.0609375 0.128125
1 0.50390625 0.44453125 0.0578125 0.1140625
1 0.20703125 0.4953125 0.0546875 0.109375
1 0.96015625 0.86328125 0.059375 0.1234375
0 0.22578125 0.6078125 0.0609375 0.128125
1 0.6609375 0.534375 0.0609375 0.125
1 0.27265625 0.4828125 0.0578125 0.1125
1 0.83984375 0.38359375 0.059375 0.115625
1 0.63125 0.178125 0.059375 0.115625
1 0.5921875 0.54296875 0.059375 0.1234375
0 0.69609375 0.52890625 0.059375 0.128125
1 0.83984375 0.7671875 0.059375 0.1265625
0 0.4359375 0.45 0.0578125 0.1171875
1 0.48828125 0.56328125 0.0625 0.1265625
0 0.50078125 0.82265625 0.05625 0.1234375
1 0.96484375 0.47734375 0.0609375 0.1265625
0 0.87578125 0.3734375 0.0609375 0.1171875
1 0.46875 0.45078125 0.059375 0.1140625
0 0.7625 0.51171875 0.059375 0.1265625
0 0.865625 0.49765625 0.0640625 0.128125
1 0.07421875 0.52109375 0.0546875 0.1140625
0 0.92734375 0.86953125 0.0578125 0.121875
0 0.66640625 0.79375 0.0609375 0.13125
0 0.40703125 0.453125 0.059375 0.1203125
0 0.53515625 0.196875 0.0578125 0.115625
0 0.425 0.5734375 0.0625 0.128125
0 0.79375 0.50546875 0.059375 0.1265625
0 0.640625 0.41953125 0.0625 0.115625
1 0.83203125 0.49921875 0.059375 0.125
0 0.55859375 0.5484375 0.0609375 0.1265625
0 0.31796875 0.95859375 0.0640625 0.0828125
1 0.86640625 0.13203125 0.05625 0.115625
0 0.39765625 0.2203125 0.0578125 0.115625
0 0.2375 0.4875 0.0546875 0.109375
0 0.8078125 0.14375 0.065625 0.1203125
0 0.325 0.59296875 0.0625 0.1296875
0 0.62734375 0.53828125 0.059375 0.125
0 0.76875 0.775 0.0609375 0.1296875
1 0.98984375 0.7359375 0.0203125 0.128125
1 0.73515625 0.78125 0.0578125 0.13125
1 0.50078125 0.2 0.059375 0.1171875
1 0.12734375 0.6265625 0.059375 0.1265625
0 0.79296875 0.89453125 0.0609375 0.121875
0 0.4015625 0.84296875 0.059375 0.1265625
1 0.265625 0.24375 0.059375 0.115625
0 0.6734375 0.4140625 0.0578125 0.109375
1 0.76640625 0.15078125 0.0546875 0.115625
1 0.60390625 0.42734375 0.0578125 0.115625
1 0.903125 0.12734375 0.0578125 0.1140625
1 0.94140625 0.3625 0.0578125 0.1203125
1 0.909375 0.75625 0.0578125 0.125
1 0.43828125 0.8390625 0.0609375 0.1296875
0 0.80703125 0.76796875 0.059375 0.1296875
1 0.434375 0.21328125 0.059375 0.1140625
1 0.36640625 0.85234375 0.059375 0.1265625
0 0.70546875 0.78671875 0.059375 0.1296875
1 0.70703125 0.40703125 0.0578125 0.1140625
0 0.3328125 0.2328125 0.0578125 0.115625
0 0.1734375 0.5015625 0.0609375 0.1125
0 0.38671875 0.58125 0.0609375 0.128125
0 0.0390625 0.52421875 0.05625 0.1171875
0 0.35703125 0.58515625 0.0609375 0.1296875
0 0.28828125 0.9609375 0.0640625 0.078125
1 0.3671875 0.22265625 0.0578125 0.1203125
0 0.90546875 0.4890625 0.071875 0.134375
0 0.8296875 0.88671875 0.0640625 0.1234375
0 0.90546875 0.3671875 0.05625 0.115625
0 0.29140625 0.59921875 0.0640625 0.128125
1 0.565625 0.19140625 0.0578125 0.1171875
0 0.70234375 0.1671875 0.05625 0.115625
0 0.47109375 0.8296875 0.05625 0.128125
0 0.59921875 0.1859375 0.0625 0.11875
0 0.08828125 0.6328125 0.0625 0.128125
0 0.53125 0.82421875 0.05625 0.121875
0 0.19609375 0.25546875 0.059375 0.11875
0 0.5234375 0.55234375 0.0578125 0.1296875
0 0.465625 0.20859375 0.059375 0.115625
0 0.33203125 0.859375 0.0640625 0.125
0 0.98046875 0.85703125 0.0390625 0.1234375
0 0.165625 0.2625 0.059375 0.1203125
0 0.16953125 0.07421875 0.0453125 0.0515625
0 0.2328125 0.25078125 0.0578125 0.115625
0 0.23984375 0.96328125 0.0765625 0.0734375
0 0.35 0.9578125 0.065625 0.084375
0 0.3 0.86015625 0.059375 0.1265625
1 0.3015625 0.05078125 0.0421875 0.0515625
1 0.75546875 0.90078125 0.0609375 0.121875
0 0.0546875 0.63984375 0.0609375 0.128125
1 0.634375 0.00625 0.04375 0.0125
1 0.33671875 0.0453125 0.0453125 0.053125
0 0.01796875 0.52421875 0.0359375 0.1171875
0 0.18984375 0.6109375 0.0578125 0.128125
0 0.94375 0.7484375 0.0578125 0.121875
0 0.19453125 0.9703125 0.0734375 0.059375
0 0.68671875 0.91171875 0.0578125 0.121875
0 0.5734375 0.43125 0.059375 0.1125
1 0.20078125 0.06875 0.04375 0.053125
0 0.0671875 0.28203125 0.0578125 0.1171875
0 0.1609375 0.6203125 0.05625 0.125
0 0.384375 0.95234375 0.0625 0.0953125
1 0.36796875 0.03984375 0.0421875 0.053125
0 0.13671875 0.97265625 0.0828125 0.0546875
1 0.8953125 0.878125 0.05625 0.11875
1 0.46953125 0.0234375 0.0453125 0.046875
0 0.2265625 0.8734375 0.059375 0.1234375
0 0.16875 0.87890625 0.0609375 0.121875
0 0.265625 0.05625 0.046875 0.0515625
0 0.42109375 0.94765625 0.0671875 0.1046875
1 0.53359375 0.0171875 0.0453125 0.034375
0 0.74296875 0.39765625 0.0609375 0.11875
0 0.25625 0.603125 0.05625 0.125
1 0.603125 0.01015625 0.04375 0.0203125
1 0.103125 0.27421875 0.0578125 0.1140625
0 0.49921875 0.0203125 0.0453125 0.040625
0 0.8734375 0.76171875 0.05625 0.1234375
0 0.26875 0.86484375 0.0625 0.128125
1 0.56953125 0.0140625 0.0453125 0.028125
0 0.45234375 0.94609375 0.0640625 0.1078125
0 0.2328125 0.0625 0.0453125 0.0515625
0 0.00859375 0.10390625 0.0171875 0.0515625
0 0.134375 0.26796875 0.0546875 0.1140625
0 0.128125 0.884375 0.0578125 0.125
0 0.65546875 0.92265625 0.05625 0.11875
0 0.4921875 0.9421875 0.059375 0.115625
0 0.03359375 0.2875 0.053125 0.11875
0 0.8625 0.8859375 0.05625 0.11875
1 0.434375 0.028125 0.0453125 0.053125
1 0.36796875 0.465625 0.0578125 0.1203125
1 0.203125 0.87890625 0.0515625 0.1203125
0 0.0296875 0.0984375 0.0453125 0.0515625
0 0.5234375 0.93984375 0.059375 0.1203125
0 0.628125 0.92890625 0.059375 0.115625
1 0.92890625 0.12265625 0.0421875 0.1109375
0 0.72578125 0.90625 0.05625 0.1203125
1 0.6375 0.80546875 0.0578125 0.1296875
0 0.128125 0.50859375 0.065625 0.11875
1 0.553125 0.93671875 0.0625 0.121875
0 0.0765625 0.90546875 0.0453125 0.121875
0 0.103125 0.89140625 0.053125 0.121875
0 0.77421875 0.3921875 0.0625 0.11875
1 0.4015625 0.03359375 0.0453125 0.053125
0 0.97265625 0.7453125 0.0546875 0.125
0 0.0296875 0.6421875 0.04375 0.1234375
0 0.07109375 0.09140625 0.0453125 0.053125
1 0.984375 0.471875 0.03125 0.121875
0 0.09921875 0.978125 0.0515625 0.04375
1 0.1109375 0.5125 0.05625 0.1109375
1 0.01640625 0.29296875 0.0328125 0.1171875
0 0.1 0.08671875 0.040625 0.0515625
0 0.8046875 0.3875 0.0578125 0.1171875
0 0.971875 0.35625 0.040625 0.1171875
0 0.1359375 0.08125 0.0453125 0.053125
1 0.93125 0.48359375 0.05625 0.128125
1 0.56875 0.8203125 0.0484375 0.1203125
0 0.14140625 0.50625 0.05 0.1140625
1 0.83671875 0.13984375 0.05 0.1171875
0 0.1578125 0.97421875 0.06875 0.0515625
0 0.1109375 0.97578125 0.059375 0.0484375
0 0.05859375 0.09453125 0.040625 0.053125