0 0.37734375 0.1921875 0.0515625 0.115625
1 0.74765625 0.58515625 0.053125 0.125
0 0.35234375 0.4265625 0.053125 0.1140625
0 0.43984375 0.55078125 0.0546875 0.1265625
0 0.75234375 0.22890625 0.053125 0.1140625
1 0.51875 0.44765625 0.0515625 0.1125
1 0.31640625 0.425 0.0484375 0.109375
1 0.21953125 0.41484375 0.046875 0.1078125
0 0.78203125 0.5859375 0.053125 0.1203125
0 0.20625 0.528125 0.0515625 0.1265625
0 0.55625 0.45 0.05 0.1078125
1 0.8171875 0.234375 0.05 0.1171875
1 0.57734375 0.5671875 0.0515625 0.121875
1 0.64609375 0.578125 0.053125 0.1203125
0 0.41171875 0.81015625 0.0484375 0.1234375
1 0.29921875 0.9203125 0.0578125 0.121875
0 0.68046875 0.58125 0.05 0.121875
1 0.47109375 0.55859375 0.0546875 0.125
1 0.71484375 0.2265625 0.053125 0.1140625
1 0.07421875 0.8953125 0.0671875 0.1234375
1 0.2859375 0.42109375 0.05 0.1109375
0 0.4234375 0.42890625 0.0515625 0.11875
1 0.8125 0.59296875 0.0515625 0.1234375
0 0.5796875 0.82890625 0.053125 0.1296875
1 0.953125 0.60546875 0.053125 0.1234375
1 0.48359375 0.44375 0.0515625 0.1125
0 0.4515625 0.434375 0.05 0.115625
0 0.4078125 0.55078125 0.0546875 0.128125
1 0.753125 0.85 0.0515625 0.125
1 0.08515625 0.40234375 0.0484375 0.1140625
0 0.89609375 0.24453125 0.059375 0.1203125
1 0.64921875 0.8390625 0.05 0.13125
0 0.85078125 0.5984375 0.0546875 0.125
1 0.51484375 0.20625 0.0515625 0.1109375
0 0.2515625 0.41484375 0.046875 0.1078125
0 0.6171875 0.21875 0.05 0.115625
0 0.6828125 0.83828125 0.053125 0.128125
0 0.65703125 0.4625 0.0546875 0.1140625
1 0.61953125 0.45859375 0.05 0.1140625
0 0.54375 0.5625 0.0546875 0.125
0 0.47890625 0.20234375 0.05 0.1140625
0 0.31171875 0.8015625 0.0515625 0.1265625
1 0.10703125 0.51953125 0.05 0.125
1 0.71171875 0.5828125 0.0546875 0.1265625
1 0.87109375 0.0578125 0.0390625 0.0453125
0 0.609375 0.57265625 0.05 0.1234375
1 0.9234375 0.8671875 0.046875 0.125
0 0.30703125 0.540625 0.0546875 0.128125
1 0.95234375 0.2515625 0.0484375 0.115625
1 0.58359375 0.21171875 0.0515625 0.115625
0 0.1171875 0.9 0.065625 0.1234375
1 0.34609375 0.1890625 0.0515625 0.1140625
1 0.8515625 0.23984375 0.0484375 0.11875
1 0.8578125 0.4796875 0.05 0.11875
1 0.96640625 0.48671875 0.0515625 0.1171875
0 0.72109375 0.8421875 0.0515625 0.1265625
1 0.34765625 0.809375 0.053125 0.128125
0 0.6734375 0.95 0.053125 0.1
1 0.89453125 0.4796875 0.05 0.1203125
0 0.26171875 0.9171875 0.0546875 0.1203125
0 0.61796875 0.83203125 0.0515625 0.128125
0 0.18515625 0.4109375 0.0546875 0.1109375
0 0.690625 0.46484375 0.05 0.1078125
1 0.275 0.80078125 0.0515625 0.1265625
0 0.5484375 0.209375 0.0515625 0.1125
0 0.33828125 0.54375 0.0546875 0.1265625
1 0.97265625 0.06640625 0.0390625 0.040625
0 0.41328125 0.196875 0.05 0.1140625
0 0.80625 0.05 0.0421875 0.04375
0 0.36875 0.546875 0.053125 0.128125
0 0.709375 0.9515625 0.05625 0.096875
1 0.821875 0.86015625 0.0484375 0.1234375
0 0.05 0.39296875 0.05 0.115625
0 0.3359375 0.9265625 0.05625 0.1203125
1 0.725 0.46796875 0.05 0.1109375
0 0.27578125 0.18203125 0.0515625 0.1171875
0 0.8578125 0.8625 0.05 0.1171875
0 0.68203125 0.225 0.0546875 0.1171875
0 0.7859375 0.2359375 0.0484375 0.1140625
1 0.64765625 0.221875 0.05 0.1171875
0 0.38046875 0.80859375 0.0484375 0.1265625
0 0.2671875 0.5359375 0.053125 0.128125
1 0.20078125 0.00703125 0.0390625 0.0140625
0 0.29765625 0.01015625 0.0421875 0.0203125
1 0.4484375 0.2 0.0515625 0.1140625
0 0.928125 0.484375 0.0515625 0.11875
0 0.0671875 0.5140625 0.0546875 0.1265625
0 0.3125 0.18828125 0.05 0.1140625
1 0.4640625 0.0203125 0.040625 0.040625
0 0.025 0.89140625 0.05 0.1265625
0 0.80390625 0.9578125 0.0515625 0.084375
0 0.2421875 0.7953125 0.053125 0.125
0 0.24375 0.17890625 0.0515625 0.11875
1 0.775 0.95625 0.05 0.0875
0 0.9234375 0.06171875 0.065625 0.0453125
0 0.440625 0.8203125 0.0484375 0.1203125
0 0.1953125 0.91015625 0.0515625 0.121875
0 0.50859375 0.5578125 0.0515625 0.1296875
1 0.33046875 0.0140625 0.0390625 0.028125
1 0.98203125 0.25625 0.0359375 0.11875
1 0.83515625 0.053125 0.0390625 0.04375
0 0.14453125 0.16953125 0.05 0.115625
0 0.8421875 0.95703125 0.05 0.0859375
0 0.02421875 0.3890625 0.040625 0.115625
1 0.43359375 0.01875 0.0390625 0.0375
0 0.58984375 0.4546875 0.053125 0.1125
0 0.1703125 0.521875 0.0484375 0.128125
0 0.5671875 0.94375 0.05 0.1125
1 0.63515625 0.94765625 0.0546875 0.1046875
0 0.890625 0.60078125 0.059375 0.1296875
0 0.0765625 0.77421875 0.0515625 0.11875
0 0.03359375 0.51171875 0.0515625 0.128125
0 0.16328125 0.90859375 0.053125 0.1203125
0 0.20859375 0.79140625 0.0484375 0.125
0 0.22578125 0.91640625 0.053125 0.1171875
0 0.3625 0.01484375 0.040625 0.0296875
1 0.91328125 0.9609375 0.0484375 0.078125
1 0.60234375 0.03125 0.0421875 0.05
0 0.14140625 0.521875 0.046875 0.1234375
0 0.040625 0.76953125 0.0484375 0.11875
1 0.18046875 0.1734375 0.05 0.1140625
1 0.4984375 0.02265625 0.040625 0.0453125
1 0.7703125 0.046875 0.0421875 0.0453125
0 0.39765625 0.01640625 0.0421875 0.0328125
0 0.2375 0.53203125 0.046875 0.1234375
1 0.66796875 0.0375 0.0421875 0.0484375
0 0.74140625 0.95625 0.0484375 0.0875
0 0.2125 0.1765625 0.0453125 0.1125
0 0.17734375 0.7875 0.053125 0.1265625
0 0.87265625 0.95859375 0.0484375 0.0828125
0 0.6328125 0.03359375 0.040625 0.046875
1 0.9921875 0.06875 0.015625 0.040625
0 0.11015625 0.1671875 0.0453125 0.11875
1 0.70390625 0.040625 0.040625 0.046875
0 0.50390625 0.9453125 0.0515625 0.109375
0 0.53203125 0.9453125 0.0484375 0.109375
1 0.546875 0.83125 0.05 0.1296875
0 0.36875 0.9296875 0.05 0.1203125
0 0.7859375 0.85234375 0.05 0.125
0 0.1421875 0.4046875 0.0546875 0.115625
0 0.23046875 0.00859375 0.0390625 0.0171875
0 0.4015625 0.93046875 0.0515625 0.1203125
0 0.134375 0.784375 0.05 0.121875
1 0.11015625 0.7828125 0.04375 0.11875
1 0.12109375 0.40390625 0.046875 0.1078125
0 0.8921875 0.8640625 0.04375 0.1203125
0 0.76171875 0.46796875 0.053125 0.1140625
1 0.565625 0.0296875 0.0421875 0.053125
1 0.7390625 0.04375 0.040625 0.0453125
0 0.6046875 0.94609375 0.05 0.1078125
0 0.82421875 0.475 0.0484375 0.115625
1 0.38203125 0.43125 0.05 0.1171875
0 0.79296875 0.47109375 0.0546875 0.115625
0 0.01640625 0.7671875 0.0328125 0.121875
0 0.0125 0.5046875 0.025 0.121875
1 0.43046875 0.934375 0.0546875 0.11875
0 0.95234375 0.865625 0.0359375 0.128125
1 0.9796875 0.60859375 0.0359375 0.121875
1 0.53515625 0.02421875 0.0421875 0.0484375
1 0.08203125 0.16640625 0.0484375 0.11875
0 0.05078125 0.15625 0.04375 0.1140625
0 0.93984375 0.96171875 0.0359375 0.0765625
0 0.98828125 0.49140625 0.0234375 0.1171875
1 0.91875 0.60234375 0.0484375 0.1265625
0 0.26640625 0.0109375 0.0421875 0.021875
1 0.47734375 0.82578125 0.0421875 0.121875
0 0.171875 0.00546875 0.03125 0.0109375