0 0.2890625 0.24609375 0.0625 0.11875
1 0.72109375 0.1484375 0.065625 0.121875
0 0.65546875 0.16484375 0.0640625 0.11875
0 0.5375 0.43515625 0.059375 0.109375
1 0.7265625 0.5140625 0.0640625 0.1296875
1 0.9703125 0.84765625 0.059375 0.1234375
1 0.45859375 0.5671875 0.0671875 0.1265625
1 0.56875 0.43046875 0.059375 0.1109375
0 0.40546875 0.45625 0.0640625 0.121875
1 0.6203125 0.17421875 0.0640625 0.11875
0 0.51171875 0.821875 0.0609375 0.1234375
0 0.434375 0.45234375 0.0609375 0.1171875
1 0.9640625 0.459375 0.065625 0.125
0 0.63828125 0.41484375 0.0640625 0.115625
0 0.525 0.19609375 0.0625 0.1171875
0 0.23046875 0.6171875 0.0640625 0.1296875
0 0.696875 0.521875 0.0609375 0.128125
1 0.490625 0.2 0.0625 0.11875
0 0.4265625 0.575 0.0671875 0.1265625
1 0.5015625 0.4453125 0.0609375 0.1140625
1 0.4234375 0.215625 0.0625 0.1140625
0 0.940625 0.8546875 0.0609375 0.121875
1 0.83515625 0.371875 0.0640625 0.11875
0 0.7625 0.5046875 0.0640625 0.128125
1 0.6625 0.528125 0.0640625 0.1234375
0 0.6765625 0.7875 0.0640625 0.13125
0 0.87109375 0.359375 0.0640625 0.1203125
0 0.865625 0.48515625 0.0671875 0.128125
1 0.59375 0.5421875 0.0625 0.125
1 0.49296875 0.5609375 0.065625 0.128125
0 0.3875 0.22421875 0.0609375 0.1171875
1 0.8484375 0.75390625 0.0625 0.128125
0 0.3375 0.47421875 0.065625 0.121875
1 0.4671875 0.4515625 0.0625 0.1140625
1 0.25703125 0.253125 0.0625 0.1171875
1 0.8265625 0.4921875 0.0640625 0.1265625
0 0.80703125 0.884375 0.0640625 0.121875
0 0.6703125 0.40625 0.0625 0.1140625
0 0.3359375 0.9609375 0.0625 0.078125
0 0.778125 0.7640625 0.0640625 0.13125
1 0.746875 0.77578125 0.0609375 0.13125
1 0.603125 0.42421875 0.0609375 0.1140625
1 0.853125 0.121875 0.0609375 0.115625
0 0.5609375 0.54609375 0.0625 0.1265625
0 0.17421875 0.51171875 0.0625 0.1140625
1 0.88984375 0.11328125 0.0609375 0.1171875
0 0.03828125 0.53671875 0.0625 0.121875
0 0.2359375 0.49453125 0.0578125 0.1140625
0 0.32109375 0.05078125 0.0484375 0.053125
0 0.328125 0.59765625 0.06875 0.1328125
0 0.6234375 0.534375 0.0640625 0.1265625
0 0.79375 0.4953125 0.0609375 0.125
0 0.32421875 0.2390625 0.0609375 0.1171875
1 0.3578125 0.22734375 0.0625 0.121875
0 0.71484375 0.7796875 0.0625 0.1296875
0 0.815625 0.75625 0.0625 0.1296875
0 0.4546875 0.209375 0.0625 0.115625
0 0.36015625 0.590625 0.065625 0.13125
0 0.41484375 0.02890625 0.046875 0.0515625
0 0.1875 0.26640625 0.0625 0.11875
1 0.41328125 0.84765625 0.065625 0.13125
1 0.55546875 0.18984375 0.0609375 0.11875
0 0.38828125 0.584375 0.065625 0.128125
0 0.5265625 0.5515625 0.0640625 0.1296875
1 0.45234375 0.0234375 0.0453125 0.046875
0 0.903125 0.47421875 0.0734375 0.1328125
0 0.9046875 0.35 0.0609375 0.1203125
0 0.58828125 0.18359375 0.0671875 0.1203125
0 0.690625 0.1609375 0.059375 0.1171875
1 0.99375 0.71796875 0.0125 0.1265625
0 0.3046875 0.96328125 0.0625 0.0734375
0 0.225 0.26171875 0.0625 0.1171875
1 0.20625 0.50234375 0.0578125 0.1125
0 0.2578125 0.9703125 0.075 0.059375
1 0.91640625 0.74296875 0.059375 0.125
0 0.29765625 0.4796875 0.071875 0.128125
0 0.84453125 0.87578125 0.0671875 0.1234375
0 0.759375 0.1421875 0.0640625 0.1203125
0 0.2890625 0.60625 0.0671875 0.13125
0 0.09453125 0.64765625 0.059375 0.125
0 0.15625 0.27421875 0.0625 0.1203125
0 0.153125 0.08515625 0.0453125 0.05
0 0.19453125 0.62265625 0.0609375 0.128125
0 0.4421875 0.83671875 0.0640625 0.13125
0 0.2390625 0.88125 0.0671875 0.1265625
0 0.1296875 0.63984375 0.0609375 0.1265625
0 0.34609375 0.8625 0.059375 0.121875
0 0.1328125 0.51953125 0.0640625 0.1203125
1 0.7046875 0.40078125 0.0625 0.115625
0 0.3796875 0.85546875 0.0640625 0.1234375
0 0.15703125 0.9796875 0.0796875 0.040625
0 0.215625 0.97578125 0.071875 0.0484375
0 0.059375 0.2953125 0.0625 0.1171875
0 0.4859375 0.0203125 0.046875 0.040625
0 0.4671875 0.946875 0.065625 0.10625
0 0.9859375 0.840625 0.028125 0.121875
0 0.02734375 0.3046875 0.0546875 0.11875
1 0.365625 0.4671875 0.0625 0.121875
0 0.54296875 0.8234375 0.0578125 0.121875
1 0.18671875 0.0796875 0.04375 0.053125
1 0.0953125 0.28828125 0.0609375 0.1140625
0 0.43671875 0.95078125 0.0640625 0.0984375
1 0.26875 0.48671875 0.05625 0.1171875
0 0.36796875 0.96015625 0.0640625 0.0796875
0 0.19921875 0.88828125 0.065625 0.125
0 0.0609375 0.65546875 0.0625 0.1296875
0 0.79921875 0.13203125 0.065625 0.121875
0 0.87578125 0.87265625 0.059375 0.11875
0 0.48046875 0.82890625 0.0609375 0.128125
1 0.76875 0.89140625 0.0640625 0.121875
0 0.7015625 0.90546875 0.0609375 0.121875
1 0.9078125 0.8640625 0.059375 0.11875
0 0.01875 0.53984375 0.0375 0.1171875
1 0.51640625 0.0171875 0.0453125 0.034375
0 0.1265625 0.2796875 0.0578125 0.1125
0 0.95234375 0.73359375 0.0609375 0.1203125
1 0.2859375 0.0578125 0.0453125 0.0515625
0 0.165625 0.6328125 0.0609375 0.1265625
1 0.071875 0.53046875 0.053125 0.1125
0 0.2828125 0.8734375 0.0625 0.128125
1 0.353125 0.04375 0.04375 0.053125
0 0.50859375 0.94296875 0.0609375 0.1140625
0 0.1421875 0.89609375 0.0640625 0.1265625
1 0.3859375 0.03671875 0.0453125 0.053125
0 0.2609375 0.61171875 0.0609375 0.1265625
0 0.09140625 0.91796875 0.0515625 0.121875
0 0.1015625 0.52421875 0.0515625 0.1109375
0 0.66953125 0.9171875 0.059375 0.11875
1 0.55234375 0.01328125 0.0453125 0.0265625
0 0.31328125 0.86796875 0.059375 0.125
0 0.64296875 0.92421875 0.0625 0.115625
0 0.21640625 0.071875 0.046875 0.0515625
0 0.24921875 0.06484375 0.0453125 0.05
1 0.5859375 0.00859375 0.04375 0.0171875
0 0.88125 0.74453125 0.0609375 0.128125
1 0.64765625 0.80078125 0.059375 0.128125
0 0.4 0.95390625 0.0625 0.0921875
1 0.91484375 0.10546875 0.046875 0.1109375
0 0.9375 0.34453125 0.0640625 0.13125
0 0.02109375 0.11484375 0.0421875 0.0546875
0 0.73984375 0.38828125 0.0625 0.11875
0 0.5390625 0.9390625 0.059375 0.121875
0 0.73984375 0.89765625 0.059375 0.1203125
1 0.0140625 0.3109375 0.028125 0.11875
0 0.7703125 0.38203125 0.0640625 0.11875
0 0.1171875 0.90546875 0.0546875 0.11875
1 0.9828125 0.45546875 0.034375 0.1203125
0 0.1171875 0.9859375 0.053125 0.028125
0 0.034375 0.66015625 0.046875 0.121875
0 0.9765625 0.728125 0.046875 0.125
0 0.79921875 0.3765625 0.0609375 0.1171875
1 0.56875 0.934375 0.0640625 0.121875
0 0.0578125 0.10625 0.0453125 0.0515625
0 0.12109375 0.09296875 0.0453125 0.053125
0 0.08515625 0.1 0.0421875 0.0515625
1 0.82265625 0.12890625 0.0578125 0.121875
1 0.93125 0.46875 0.059375 0.128125
0 0.96640625 0.33828125 0.0453125 0.1234375
1 0.5796875 0.8171875 0.0515625 0.1203125
1 0.17734375 0.89609375 0.05 0.1234375