1 0.83828125 0.8140625 0.0765625 0.1671875
1 0.5140625 0.20546875 0.0703125 0.159375
1 0.63125 0.8421875 0.075 0.165625
0 0.2484375 0.8890625 0.075 0.1671875
0 0.57109375 0.68984375 0.071875 0.1546875
0 0.82265625 0.6625 0.075 0.1546875
0 0.8859375 0.8 0.0765625 0.1625
1 0.92421875 0.80078125 0.075 0.1625
1 0.134375 0.73671875 0.0890625 0.1765625
0 0.63671875 0.19609375 0.071875 0.15625
1 0.55234375 0.853125 0.078125 0.175
0 0.18125 0.740625 0.0734375 0.1640625
1 0.53125 0.359375 0.0671875 0.159375
1 0.6171875 0.34921875 0.06875 0.1578125
0 0.79921875 0.8203125 0.078125 0.16875
1 0.9078125 0.646875 0.0734375 0.159375
1 0.828125 0.32421875 0.0703125 0.1609375
0 0.6125 0.68359375 0.075 0.1546875
0 0.65703125 0.3453125 0.0703125 0.1625
0 0.59140625 0.84140625 0.075 0.1734375
1 0.73671875 0.671875 0.071875 0.15625
0 0.7828125 0.66328125 0.075 0.1546875
1 0.678125 0.19375 0.0671875 0.153125
1 0.86640625 0.3203125 0.0703125 0.1625
1 0.9625 0.79609375 0.075 0.1609375
0 0.184375 0.39921875 0.06875 0.1671875
0 0.69609375 0.34140625 0.0703125 0.165625
1 0.78203125 0.33046875 0.06875 0.1609375
1 0.98671875 0.7890625 0.0265625 0.1625
1 0.978125 0.6359375 0.04375 0.1625
0 0.55703125 0.2 0.078125 0.1640625
1 0.7234375 0.184375 0.065625 0.153125
0 0.13515625 0.40625 0.0703125 0.1703125
0 0.22421875 0.39453125 0.06875 0.16875
1 0.84921875 0.1703125 0.06875 0.153125
1 0.76171875 0.18203125 0.065625 0.153125
0 0.271875 0.3875 0.0734375 0.1625
0 0.47265625 0.2140625 0.0703125 0.1609375
1 0.86875 0.65390625 0.0734375 0.159375
0 0.74375 0.33515625 0.06875 0.1640625
1 0.8875 0.165625 0.0671875 0.153125
1 0.56875 0.35078125 0.065625 0.1546875
1 0.81015625 0.17890625 0.0671875 0.153125
0 0.49140625 0.36328125 0.06875 0.1625
1 0.0921875 0.41171875 0.0828125 0.171875
0 0.11796875 0.2515625 0.0640625 0.1578125
1 0.95390625 0.3109375 0.0734375 0.16875
0 0.203125 0.240625 0.065625 0.15625
1 0.93515625 0.16171875 0.06875 0.15625
1 0.69921875 0.6796875 0.06875 0.1546875
0 0.16484375 0.246875 0.0609375 0.1546875
1 0.03515625 0.4203125 0.0703125 0.171875
1 0.9453125 0.64609375 0.075 0.1625
1 0.90703125 0.31640625 0.06875 0.165625
0 0.33203125 0.878125 0.0765625 0.16875
0 0.50234375 0.85703125 0.0796875 0.175
0 0.75546875 0.83125 0.0765625 0.1734375
0 0.66328125 0.6828125 0.078125 0.1578125
1 0.534375 0.69296875 0.078125 0.165625
0 0.4484375 0.37265625 0.0640625 0.1640625
1 0.2296875 0.73046875 0.078125 0.1609375
0 0.43046875 0.21953125 0.0609375 0.159375
1 0.07421875 0.25625 0.0765625 0.1625
1 0.20078125 0.89296875 0.071875 0.1625
1 0.08828125 0.9109375 0.0875 0.171875
1 0.02578125 0.2609375 0.0515625 0.16875
1 0.28671875 0.88359375 0.065625 0.1640625
0 0.265625 0.72734375 0.06875 0.1578125
0 0.25 0.2359375 0.065625 0.1578125
0 0.31171875 0.721875 0.071875 0.1578125
1 0.7171875 0.8328125 0.065625 0.165625
1 0.4828125 0.70078125 0.0734375 0.1625
1 0.671875 0.8296875 0.0734375 0.1578125
1 0.06640625 0.73984375 0.090625 0.190625
1 0.5984375 0.19609375 0.0609375 0.15625
1 0.73828125 0.8328125 0.0625 0.1703125
1 0.15234375 0.90078125 0.0671875 0.1515625