1 0.296875 0.0421875 0.115625 0.084375
0 0.17109375 0.0375 0.1578125 0.075
1 0.39609375 0.0578125 0.13125 0.0953125
1 0.5015625 0.06875 0.1234375 0.1015625
1 0.60625 0.078125 0.1296875 0.090625
1 0.7078125 0.09765625 0.1140625 0.0796875
1 0.9109375 0.1171875 0.1125 0.0875
1 0.3390625 0.1515625 0.325 0.15
1 0.6390625 0.190625 0.3125 0.15
1 0.9796875 0.1265625 0.040625 0.071875
1 0 0.6938439703125 0.2070445625 0.71691714375 0.3501976140625 0.33524837343749997 0.1312229109375 0.32099010156249996 0 0.5154629109375 0 0.6938439703125
1 0.8529623703125001 0.7726491234374999 0.74812324375 0.37862997656249997 0.5493181453125 0.35885691249999996 0.53308293125 0.7474326312499999 0.8529623703125001 0.7726491234374999
1 0.2166671140625 0.68693160625 0.5240897640625 0.7615609437499999 0.55065593125 0.362891040625 0.352204359375 0.34129965156250003 0.2166671140625 0.68693160625
0 1 0.291137471875 0.941770909375 0.2011448921875 0.8467409671875 0.22607561406249999 0.7563019875 0.3802197640625 0.8575284953125 0.7774844937500001 0.9575445671875 0.7665587875 1 0.5467991640625 1 0.291137471875
1 0.8920553109375 0.1348689625 0.8564627937499999 0.09964437968749999 0.7495446453125 0.0656520703125 0.7739513984374999 0.1292570984375 0.8920553109375 0.1348689625