1 0.6921875 0.25 0.140625 0.1140625
0 0.8234375 0.2359375 0.1578125 0.18125
1 0.578125 0.2359375 0.1296875 0.1078125
1 0.903125 0.0859375 0.1015625 0.0703125
0 0.49609375 0.19921875 0.125 0.1578125
1 0.8234375 0.08515625 0.090625 0.065625
1 0.940625 0.278125 0.11875 0.134375
1 0.67109375 0.0890625 0.0734375 0.059375
0 0.609375 0.06796875 0.08125 0.0921875
1 0.9703125 0.096875 0.059375 0.065625
1 0.74296875 0.08359375 0.084375 0.06875
1 0.571875 0.3859375 0.3421875 0.1546875
1 0.36953125 0.2171875 0.0796875 0.08125
1 0.5015625 0.859375 0.4125 0.28125
1 0.20390625 0.796875 0.4078125 0.36875
1 0.85703125 0.4390625 0.2859375 0.175
1 0.09453125 0.7625 0.1890625 0.36875
0 0.3296875 0.1703125 0.125 0.1421875
1 0.29140625 0.3328125 0.2546875 0.134375
0 0.1703125 0.28984375 0.2703125 0.2265625