1 0.33984375 0.29140625 0.29921875 0.06796875
1 0.6296875 0.28125 0.2921875 0.0859375
0 0.16328125 0.18828125 0.12734375 0.12421875
1 0.27734375 0.20625 0.10546875 0.059375
1 0.38046875 0.20078125 0.10859375 0.0609375
1 0.48203125 0.19453125 0.1046875 0.0546875
1 0.58359375 0.18671875 0.10546875 0.05625
1 0.68515625 0.18203125 0.10078125 0.05625
1 0.79375 0.17109375 0.11015625 0.05703125
0 0.05234375 0.19140625 0.10078125 0.11875
1 0.28671875 0.1 0.07734375 0.04921875
0 0.3578125 0.08828125 0.06484375 0.075
1 0.421875 0.09375 0.06640625 0.05859375
1 0.9172482828125 0.8318119359375 0.93182913125 0.8281071875 0.9266216625 0.8262548125 0.7651901328124999 0.44280743749999996 0.5579329421875 0.466888653125 0.601675646875 0.8447788375 0.9172482828125 0.8318119359375
1 0.36525660000000004 0.48170792812499996 0.2819371 0.8707123578125 0.6131320625 0.841073946875 0.560015896875 0.4613314609375 0.36525660000000004 0.48170792812499996
1 0 0.8873840078124999 0.28402005625000004 0.8633028609375 0.3715055453125 0.4780031109375 0.1673727890625 0.49467468906249995 0 0.8558932234375 0 0.8873840078124999
0 0.9412026703124999 0.2612720171875 0.8193479343750001 0.2872056796875 0.756858309375 0.43725024375 0.9338541421875 0.81759259375 1 0.7521587890625 0.9953603125000001 0.3149917140625 0.9412026703124999 0.2612720171875