1 0.803125 0.55 0.39375 0.20625
1 0.815625 0.72578125 0.36875 0.3203125
1 0.29921875 0.5234375 0.1453125 0.115625
1 0.3453125 0.440625 0.1125 0.0703125
1 0.1859375 0.70859375 0.2546875 0.2640625
1 0.746875 0.39765625 0.2734375 0.103125
1 0.79765625 0.45078125 0.3953125 0.15625
1 0.06484375 0.60546875 0.1171875 0.065625
1 0.1328125 0.53984375 0.11875 0.053125
1 0.7078125 0.3734375 0.2484375 0.084375
1 0.11796875 0.54921875 0.103125 0.0515625
1 0.1609375 0.50546875 0.0984375 0.0390625
1 0.03984375 0.65859375 0.0546875 0.059375
1 0.84609375 0.4296875 0.25 0.1234375
1 0.68125 0.34375 0.203125 0.071875