0 0.36796875 0.5140625 0.0890625 0.0875
1 0.38828125 0.6796875 0.1484375 0.1171875
1 0.2640625 0.7140625 0.153125 0.1203125
0 0.29921875 0.5390625 0.090625 0.0875
1 0.5125 0.6421875 0.1421875 0.1109375
1 0.63046875 0.60703125 0.140625 0.1125
1 0.12578125 0.75546875 0.1484375 0.121875
0 0.43828125 0.496875 0.084375 0.0859375
1 0.4296875 0.8140625 0.43125 0.2125
1 0.753125 0.5734375 0.140625 0.1109375
1 0.79609375 0.69375 0.396875 0.1953125
1 0.2203125 0.5640625 0.090625 0.071875
1 0.88515625 0.53828125 0.11875 0.1046875
0 0.1359375 0.5671875 0.109375 0.1125
0 0.7609375 0.40390625 0.090625 0.09375
1 0.95546875 0.50546875 0.0890625 0.0984375
0 0.0640625 0.58515625 0.0796875 0.1078125
0 0.85546875 0.38203125 0.0984375 0.1