1 0.63671875 0.55625 0.3359375 0.446875
1 0.4046875 0.6765625 0.3625 0.4734375
1 0.17109375 0.76953125 0.3265625 0.4609375
0 0.02109375 0.2703125 0.0421875 0.15
1 0.19921875 0.22109375 0.1203125 0.0921875
1 0.09453125 0.25859375 0.1328125 0.09375
1 0.58046875 0.07890625 0.1140625 0.0875
1 0.484375 0.1171875 0.1171875 0.0859375
1 0.38828125 0.1546875 0.1140625 0.0875
1 0.19921875 0.10234375 0.08125 0.0625
1 0.290625 0.18671875 0.121875 0.0875
1 0.46171875 0.22109375 0.3078125 0.1484375
0 0.82265625 0.39921875 0.3546875 0.5015625
0 0.38984375 0.03515625 0.0765625 0.0609375
1 0.18046875 0.3265625 0.3265625 0.159375
0 0.328125 0.053125 0.0765625 0.0640625
1 0.0671875 0.15234375 0.0875 0.065625
0 0.26484375 0.07265625 0.0796875 0.0703125
0 0.13203125 0.1140625 0.0875 0.0875