1 0.21328125 0.08828125 0.1046875 0.06796875
0 0.08515625 0.08515625 0.1421875 0.09921875
1 0.31328125 0.0859375 0.11953125 0.0734375
1 0.41953125 0.0765625 0.11015625 0.08203125
1 0.5234375 0.065625 0.11796875 0.06875
1 0.62734375 0.065625 0.1046875 0.0609375
1 0.83046875 0.04609375 0.1015625 0.06875
1 0.27578125 0.18828125 0.3140625 0.09140625
1 0.57734375 0.16953125 0.29921875 0.0953125
1 0.93203125 0.0359375 0.09765625 0.05390625
1 0.0028167453124999997 0.789206765625 0.253816721875 0.768830296875 0.3215138140625 0.3668589671875 0.10384168593750001 0.394645003125 0 0.63916213125 0.0028167453124999997 0.789206765625
1 0.5214806609375 0.3520397625 0.5796874765625 0.7365740765625 0.8985013625 0.7002913953125 0.720406028125 0.3335157390625 0.5214806609375 0.3520397625
1 0.523563615625 0.35574451093750004 0.324638328125 0.37241616093749996 0.25754096875 0.737559609375 0.5735553484375 0.7521587890625 0.523563615625 0.35574451093750004
0 0.9818208625 0.2316336078125 0.8766300906250001 0.1223418390625 0.788103121875 0.16494708125 0.7287378515625 0.3335157390625 0.9039062265625001 0.70416666875 1 0.6743577328125 0.999526225 0.2612720171875 0.9818208625 0.2316336078125
1 0.662082315625 0.0260169015625 0.6981770593750001 0.0837962984375 0.8151818640625 0.06676976875 0.7735221140624999 0.0389837328125 0.662082315625 0.0260169015625