0 0.525 0.49453125 0.06953125 0.07109375
0 0.59296875 0.48125 0.075 0.06796875
1 0.5875 0.63515625 0.1265625 0.09453125
1 0.47421875 0.66015625 0.11796875 0.09453125
0 0.665625 0.46640625 0.0734375 0.07265625
1 0.34609375 0.68125 0.10625 0.08984375
1 0.72421875 0.6171875 0.14140625 0.096875
0 0.1046875 0.6859375 0.16796875 0.14453125
1 0.225 0.69609375 0.1015625 0.0984375
1 0.86640625 0.59375 0.14609375 0.1015625
1 0.62890625 0.7796875 0.41328125 0.1265625
1 0.25 0.8375 0.35859375 0.13203125
1 0.453125 0.51484375 0.0703125 0.05546875
1 0.90390625 0.740625 0.18515625 0.13203125
0 0.01171875 0.71484375 0.0234375 0.1296875
1 0.9640625 0.56796875 0.071875 0.10390625
1 0.04296875 0.86015625 0.0859375 0.11875