1 0.6299125078125 0.4865047140625 0.4591223453125 0.5364277359375 0.5552391359375 0.5738270562500001 0.7018555328125 0.52212535 0.6299125078125 0.4865047140625
1 0.45279824843750005 0.5406710734375 0.20724142968749998 0.6227622296875001 0.296489959375 0.652872515625 0.5545135140624999 0.5584505234375 0.45279824843750005 0.5406710734375
1 0.8942045390625 1 0.9146270875000001 0.9267585171875 0.5631669125000001 0.75246230625 0.375762609375 0.8650891375 0.35429010625 0.8886487421875 0.51420725 1 0.8942045390625 1
1 0.9162489546874999 0.9176273140625 0.9504722750000001 0.7601302249999999 0.6976339828125 0.6696391484374999 0.56621134375 0.7531651687500001 0.9162489546874999 0.9176273140625
1 0.9520851359375 0.7624037546875 0.9742151640625 0.6686541953125 0.7904196859375 0.6150378890625 0.6919873562500001 0.6852452687499999 0.9520851359375 0.7624037546875
1 0.9710720187499999 0.675533084375 0.9908831593749999 0.596457178125 0.8590337015625 0.5667346765625 0.785363528125 0.6326589015625 0.9710720187499999 0.675533084375
1 0.9887547218750001 0.60357033125 0.9988004640625 0.5621635687500001 0.9132660890625001 0.545995353125 0.8592231828125 0.5812700890625 0.9887547218750001 0.60357033125
1 0.2271694203125 0.5132952796875 0.1233363953125 0.5463573796875 0.1894259609375 0.574923196875 0.30645134375 0.5449067921874999 0.2271694203125 0.5132952796875
1 0.326055990625 0.4923990359375 0.2446024703125 0.5211222140625 0.306034634375 0.546711759375 0.42084906718750004 0.51238264375 0.326055990625 0.4923990359375
1 0.415338684375 0.48069245 0.3271983046875 0.505970671875 0.4085637109375 0.5285576265625 0.487570890625 0.5011707671875001 0.415338684375 0.48069245
1 0.467436596875 0.468005475 0.42119216093749995 0.4877472 0.485541321875 0.5007022046875 0.5500551109375 0.48114712343750005 0.467436596875 0.468005475
1 0.533977021875 0.45294952187500004 0.47758459999999997 0.47034832499999996 0.546772434375 0.49012386875 0.6136891953125 0.46020265 0.533977021875 0.45294952187500004