1 0.61875 0.5875 0.24609375 0.3984375
1 0.36484375 0.6484375 0.26953125 0.4203125
1 0.115625 0.68515625 0.23125 0.4234375
0 0.05 0.1515625 0.09921875 0.1296875
1 0.27578125 0.15703125 0.10703125 0.06796875
1 0.16484375 0.16796875 0.11953125 0.0671875
1 0.6796875 0.1109375 0.1015625 0.06484375
1 0.57734375 0.125 0.10546875 0.0625
1 0.475 0.1375 0.1015625 0.0640625
1 0.3046875 0.04140625 0.071875 0.04609375
1 0.37265625 0.1453125 0.109375 0.0625
1 0.53046875 0.2203125 0.29765625 0.07890625
0 0.8546875 0.48515625 0.290625 0.44453125
0 0.50546875 0.02265625 0.0671875 0.0453125
1 0.23203125 0.2546875 0.31484375 0.0859375
0 0.44140625 0.025 0.0671875 0.05
1 0.1640625 0.0578125 0.078125 0.04765625
0 0.375 0.028125 0.06796875 0.05625
0 0.2359375 0.03671875 0.07265625 0.07265625