0 0.19609375 0.07109375 0.1546875 0.1390625
1 0.31015625 0.11640625 0.1296875 0.090625
1 0.3328125 0.01953125 0.0875 0.0390625
1 0.47109375 0.03125 0.0828125 0.0625
0 0.40859375 0.025 0.0828125 0.05
0 0.53828125 0.03515625 0.0828125 0.0703125
1 0.6140625 0.16640625 0.121875 0.0796875
1 0.41484375 0.1328125 0.1109375 0.0859375
1 0.51328125 0.14921875 0.1171875 0.0875
1 0.71484375 0.1796875 0.121875 0.0828125
1 0.81875 0.19375 0.11875 0.0828125
1 0.646875 0.26484375 0.3046875 0.1390625
1 0.3546875 0.21015625 0.3171875 0.1390625
1 0.40703125 0.61875 0.328125 0.4421875
1 0.15859375 0.57109375 0.3171875 0.4359375
1 0.65625 0.6546875 0.3171875 0.4234375
0 0.87265625 0.640625 0.2546875 0.496875