0 0.52578125 0.50078125 0.084375 0.0859375
0 0.59453125 0.5046875 0.0890625 0.084375
1 0.55234375 0.65234375 0.1453125 0.121875
1 0.4359375 0.64921875 0.1375 0.1203125
0 0.66875 0.5078125 0.0890625 0.0875
1 0.30703125 0.63828125 0.125 0.1125
1 0.6890625 0.66796875 0.1609375 0.128125
0 0.08515625 0.584375 0.1703125 0.18125
1 0.1859375 0.6234375 0.121875 0.1203125
1 0.8328125 0.6796875 0.165625 0.134375
1 0.55703125 0.80234375 0.43125 0.2234375
1 0.1828125 0.7671875 0.365625 0.215625
1 0.45078125 0.503125 0.08125 0.0703125
1 0.83359375 0.83125 0.2109375 0.1734375
1 0.93359375 0.678125 0.0953125 0.11875
1 0.0125 0.73828125 0.025 0.1359375