1 0.27109375 0.72109375 0.3078125 0.42421875
1 0.5328125 0.69609375 0.25234375 0.3984375
1 0.1953125 0.23359375 0.1125 0.0625
1 0.59921875 0.23125 0.0953125 0.05625
1 0.078125 0.23046875 0.12578125 0.0671875
1 0.40859375 0.234375 0.1015625 0.0578125
1 0.509375 0.23359375 0.09765625 0.0578125
1 0.303125 0.23359375 0.11015625 0.06015625
0 0.37421875 0.1125 0.06640625 0.078125
1 0.45390625 0.3203125 0.28984375 0.07265625
1 0.06875 0.74453125 0.1375 0.4296875
0 0.7765625 0.61484375 0.28828125 0.4515625
0 0.30546875 0.1125 0.065625 0.07421875
1 0.234375 0.12421875 0.07265625 0.046875
0 0.440625 0.1109375 0.0625 0.078125
1 0.15625 0.32109375 0.3125 0.07890625
1 0.08515625 0.1234375 0.0859375 0.05
1 0.69609375 0.22734375 0.0859375 0.05703125
0 0.16171875 0.11171875 0.07265625 0.0703125
1 0.02578125 0.12265625 0.0515625 0.04921875
1 0.7203125 0.30703125 0.259375 0.05390625