1 0.16484375 0.81328125 0.2828125 0.3734375
1 0.38359375 0.74296875 0.33125 0.4390625
1 0.60625 0.60390625 0.2984375 0.45
0 0.8234375 0.48671875 0.353125 0.4203125
1 0.17578125 0.4078125 0.334375 0.1640625
1 0.0890625 0.32421875 0.1328125 0.0953125
1 0.19375 0.2828125 0.121875 0.0890625
1 0.2921875 0.2484375 0.11875 0.0875
1 0.39140625 0.21640625 0.115625 0.0875
1 0.48203125 0.1765625 0.109375 0.0796875
0 0.13671875 0.18515625 0.09375 0.08125
0 0.021875 0.33046875 0.04375 0.1484375
1 0.45703125 0.29375 0.296875 0.1390625
1 0.57734375 0.13359375 0.109375 0.08125
1 0.065625 0.21875 0.0859375 0.0671875
1 0.20625 0.16796875 0.0828125 0.0609375
0 0.390625 0.08984375 0.0703125 0.075