1 0.2578125 0.3625 0.1390625 0.1296875
1 0.36484375 0.32421875 0.14375 0.1296875
0 0.46875 0.2546875 0.15625 0.1765625
1 0.590625 0.22265625 0.159375 0.15
1 0.725 0.16640625 0.178125 0.1625
0 0.159375 0.3734375 0.1375 0.16875
1 0.0453125 0.459375 0.090625 0.1125
0 0.21171875 0.2 0.0921875 0.0984375
1 0.2796875 0.1890625 0.078125 0.0703125
1 0.34375 0.165625 0.08125 0.071875
1 0.4078125 0.128125 0.084375 0.0703125
1 0.475 0.096875 0.0921875 0.0796875
1 0.5453125 0.06484375 0.0921875 0.08125
1 0.61953125 0.0359375 0.0984375 0.071875
1 0.6984375 0.0171875 0.1 0.034375
1 0.530296759375 1 0.6327085140625 0.982218865625 0.62433999375 0.8453325203125001 0.34610295625 0.9089774140625 0.33015724375 1 0.530296759375 1
1 1 0.8893744890624999 0.93683070625 0.7597833609375 0.61356669375 0.8365639671875 0.639988796875 0.9769776953125 1 0.8906375765625001 1 0.8893744890624999
1 0.3354259109375 1 0.3465510859375 0.9107747640625 0.10278728125 0.96200635 0.1122601625 1 0.3354259109375 1
1 0.86383834375 0.36370526875000003 0.8010272609375001 0.2495462875 0.46919471250000006 0.3952820890625 0.4654194859375 0.4947849515625 0.86383834375 0.36370526875000003
1 0.46509847656250003 0.499395425 0.4650382046875 0.40013665937500004 0.17836488125 0.49452169375 0.13437997343750002 0.6202646046875 0.46509847656250003 0.499395425
0 0.79356703125 0 0.7559759625 0.0946861546875 0.8202991734375 0.17966393593750002 0.916398946875 0.113870628125 0.8897772609375 0 0.79356703125 0