1 0.24609375 0.69140625 0.3578125 0.4578125
1 0.50859375 0.6984375 0.2984375 0.4265625
1 0.2296875 0.1984375 0.11875 0.075
1 0.63125 0.2453125 0.1015625 0.0671875
1 0.1140625 0.18125 0.1328125 0.08125
1 0.44140625 0.225 0.1078125 0.0703125
1 0.54140625 0.23671875 0.1046875 0.06875
1 0.33671875 0.21171875 0.1171875 0.0734375
0 0.42265625 0.1 0.075 0.0859375
1 0.47578125 0.31640625 0.296875 0.1078125
1 0.06796875 0.6890625 0.1359375 0.44375
0 0.76015625 0.64765625 0.340625 0.4828125
0 0.35390625 0.09140625 0.0734375 0.08125
1 0.28203125 0.09453125 0.078125 0.0546875
0 0.48828125 0.10625 0.071875 0.0859375
1 0.18046875 0.28046875 0.3203125 0.115625
1 0.134375 0.07578125 0.090625 0.059375
1 0.728125 0.253125 0.0921875 0.0671875
0 0.21171875 0.0734375 0.08125 0.078125
1 0.075 0.06796875 0.0578125 0.0546875
1 0.7421875 0.33515625 0.2640625 0.084375