1 0.2984375 0.3078125 0.1171875 0.10390625
1 0.41171875 0.296875 0.12265625 0.103125
0 0.52890625 0.2546875 0.12421875 0.15078125
1 0.6546875 0.253125 0.134375 0.1203125
1 0.79921875 0.23046875 0.15078125 0.1296875
0 0.2 0.29453125 0.10546875 0.146875
1 0.06484375 0.35078125 0.07734375 0.09609375
0 0.29296875 0.1390625 0.075 0.08203125
1 0.36171875 0.1453125 0.0671875 0.05546875
1 0.4296875 0.1375 0.06953125 0.05625
1 0.50078125 0.1171875 0.07421875 0.05390625
1 0.5734375 0.103125 0.07890625 0.06171875
1 0.64921875 0.0890625 0.07890625 0.06328125
1 0.73046875 0.0734375 0.08515625 0.06640625
1 0.81484375 0.05625 0.08671875 0.065625
1 0.251733765625 0.859597971875 0.1994791421875 0.9773148171875 0.5121072015625 1 0.5371030671875 0.8651552359375 0.251733765625 0.859597971875
1 0.8912109390625 1 0.8610076843750001 0.857745596875 0.528771084375 0.8540408484374999 0.5204391828125 0.9966757749999999 0.8912109390625 1
1 0.20382506875 0.9855613890624999 0.251733765625 0.8614503453125 0.0028167453124999997 0.8521883328125 0.0028167453124999997 0.9948234015624999 0.20382506875 0.9855613890624999
1 0.4954433171875 0.390940184375 0.467708309375 0.48657407656249996 0.8860034703125 0.4557742671875 0.8526757015624999 0.32981091875 0.4954433171875 0.390940184375
1 0.189244140625 0.4168738453125 0.116145809375 0.5282407421875 0.4662814609375 0.490969940625 0.4902358484375 0.394645003125 0.189244140625 0.4168738453125
0 0.9234973078125 0.061212575000000005 0.8464266765625 0.1686518984375 0.8882812265625001 0.26666666875 0.99744326875 0.22607634375000002 1 0.0519505640625 0.9234973078125 0.061212575000000005