1 0.325 0.7625 0.396875 0.475
1 0.57109375 0.68125 0.3296875 0.44375
0 0.78515625 0.55390625 0.403125 0.471875
1 0.4203125 0.33515625 0.309375 0.1390625
1 0.05625 0.32265625 0.1125 0.0984375
1 0.14453125 0.303125 0.1328125 0.084375
1 0.25078125 0.2796875 0.125 0.08125
1 0.35 0.259375 0.1125 0.075
1 0.44921875 0.2390625 0.1078125 0.0734375
1 0.54453125 0.215625 0.1140625 0.0765625
1 0.6328125 0.19453125 0.1015625 0.0734375
0 0.0875 0.18359375 0.1 0.1
1 0.1609375 0.18671875 0.090625 0.065625
0 0.2265625 0.15703125 0.0859375 0.090625
0 0.359375 0.13046875 0.0796875 0.09375
0 0.29296875 0.14296875 0.0859375 0.0921875
1 0.03125 0.215625 0.0625 0.075