1 0.68359375 0.24296875 0.1375 0.109375
0 0.8140625 0.22421875 0.153125 0.1765625
1 0.56875 0.23359375 0.1265625 0.103125
1 0.88828125 0.07265625 0.1 0.0671875
0 0.4859375 0.19921875 0.1203125 0.1546875
1 0.80859375 0.07421875 0.0890625 0.0640625
1 0.93671875 0.26171875 0.1265625 0.1296875
1 0.65703125 0.0828125 0.0734375 0.0578125
0 0.59453125 0.06484375 0.0796875 0.090625
1 0.9640625 0.0796875 0.071875 0.0625
1 0.728125 0.07578125 0.0828125 0.065625
1 0.56796875 0.3828125 0.340625 0.14375
1 0.359375 0.221875 0.0765625 0.0796875
1 0.5140625 0.8625 0.40625 0.275
1 0.20703125 0.8078125 0.4140625 0.35625
1 0.85703125 0.425 0.2859375 0.165625
1 0.096875 0.77734375 0.19375 0.3640625
0 0.31875 0.1765625 0.1203125 0.1390625
1 0.2859375 0.33984375 0.253125 0.1265625
0 0.16328125 0.3015625 0.265625 0.21875