1 0.570430834375 0.559508771875 0.701659109375 0.4761506640625 0.6235470796875 0.45762664218750004 0.4683644953125 0.5446895671875 0.570430834375 0.559508771875
1 0.3360947421875 0.6947342015625 0.56626484375 0.5446895671875 0.4631570265625 0.5502467609374999 0.24236030625 0.685472190625 0.3360947421875 0.6947342015625
1 0.9922357999999999 0.9948234015624999 1 0.8225499234375 0.6183396109375 0.73178225 0.4610739921875 0.8836792578124999 0.4454515859375 0.9114652937500001 0.6662482265625 1 0.9922357999999999 0.9948234015624999
1 0.7307291421875 0.6208333359375 0.6214641234375 0.73178225 0.999526225 0.8132879125000001 0.99744326875 0.652128890625 0.7307291421875 0.6208333359375
1 0.8088541421875 0.5467592609375 0.7287378515625 0.6373096859375 0.999526225 0.6539813359375 1 0.5576563984375 0.8088541421875 0.5467592609375
1 0.8648437265625001 0.4842592609375 0.8078914390625 0.5650660359375 0.9984848265625 0.5650660359375 1 0.483560303125 0.8648437265625001 0.4842592609375
1 0.913020809375 0.451851853125 0.8682981078124999 0.49837950781250007 0.999526225 0.490969940625 1 0.4483646296875 0.913020809375 0.451851853125
1 0.21424000625 0.642866878125 0.3215138140625 0.5872948078125 0.2371528375 0.5743280484375 0.1434184 0.62990011875 0.21424000625 0.642866878125
1 0.3215138140625 0.5891472531249999 0.4256631890625 0.5298703625 0.32880431875 0.5317227359375 0.25589975625 0.578032796875 0.3215138140625 0.5891472531249999
1 0.41733128593749996 0.5483943859375 0.4881528125 0.5039367015625 0.4131652953125 0.500231953125 0.332970309375 0.5446895671875 0.41733128593749996 0.5483943859375
1 0.48606985781249995 0.5039367015625 0.5445312265625 0.47037037187499997 0.4610739921875 0.4761506640625 0.4204557203125 0.5057891453125001 0.48606985781249995 0.5039367015625
1 0.5433520140625 0.479855484375 0.6018228921875 0.43564815 0.5225221390625 0.44651225625 0.47148892968749995 0.4761506640625 0.5433520140625 0.479855484375