1 0.2984375 0.74609375 0.3578125 0.453125
1 0.5515625 0.6875 0.2921875 0.425
0 0.778125 0.5828125 0.365625 0.4453125
1 0.4375 0.32734375 0.30625 0.109375
1 0.065625 0.275 0.13125 0.084375
1 0.1671875 0.2671875 0.1296875 0.071875
1 0.27578125 0.2546875 0.121875 0.0703125
1 0.37578125 0.2453125 0.109375 0.065625
1 0.4765625 0.23515625 0.1046875 0.0640625
1 0.5734375 0.221875 0.109375 0.065625
1 0.6640625 0.21015625 0.096875 0.065625
0 0.12265625 0.1421875 0.0921875 0.09375
1 0.1953125 0.153125 0.0859375 0.0578125
0 0.2640625 0.13046875 0.0796875 0.0859375
0 0.3984375 0.11796875 0.071875 0.0875
0 0.33125 0.1234375 0.0796875 0.0859375
1 0.046875 0.1671875 0.090625 0.0671875