1 0.62890625 0.57265625 0.2921875 0.425
1 0.38359375 0.6640625 0.31875 0.45
1 0.14140625 0.73046875 0.28125 0.4484375
0 0.03359375 0.209375 0.0671875 0.140625
1 0.2359375 0.18671875 0.1140625 0.08125
1 0.1265625 0.2109375 0.1265625 0.08125
1 0.63125 0.0921875 0.109375 0.0765625
1 0.53125 0.11875 0.1125 0.075
1 0.43125 0.14296875 0.109375 0.0765625
1 0.25 0.06875 0.0765625 0.0546875
1 0.33046875 0.16328125 0.115625 0.075
1 0.49609375 0.21875 0.3046875 0.1140625
0 0.8390625 0.44140625 0.321875 0.4765625
0 0.446875 0.02578125 0.071875 0.0515625
1 0.20390625 0.2890625 0.3234375 0.1234375
0 0.38359375 0.0359375 0.0734375 0.0578125
1 0.1125 0.10234375 0.0828125 0.05625
0 0.31875 0.046875 0.075 0.0640625
0 0.18125 0.07265625 0.08125 0.08125