1 0.671875 0.7015625 0.34375 0.44375
1 0.42734375 0.64375 0.35 0.4515625
1 0.66640625 0.2 0.1171875 0.0875
1 0.37421875 0.1328125 0.121875 0.090625
0 0.27109375 0.08125 0.1515625 0.15
1 0.4703125 0.1609375 0.1140625 0.0890625
1 0.1765625 0.57734375 0.353125 0.4484375
1 0.77265625 0.22265625 0.1203125 0.0890625
1 0.5734375 0.1796875 0.1171875 0.084375
1 0.8734375 0.24140625 0.1234375 0.090625
0 0.66953125 0.0734375 0.084375 0.0921875
0 0.73046875 0.08515625 0.0859375 0.09375
1 0.53984375 0.0609375 0.0828125 0.0640625
0 0.60703125 0.0625 0.0828125 0.0859375
0 0.86796875 0.6875 0.2640625 0.5125
1 0.6984375 0.3 0.3078125 0.1515625
1 0.41171875 0.2375 0.3015625 0.146875
0 0.1609375 0.06328125 0.125 0.1265625
1 0.40859375 0.03125 0.0828125 0.0625
0 0.475 0.03984375 0.084375 0.0796875