1 0.71796875 0.65 0.25078125 0.39296875
1 0.4671875 0.6578125 0.25546875 0.3984375
1 0.5828125 0.1671875 0.10546875 0.06171875
1 0.28359375 0.178125 0.1078125 0.065625
0 0.1703125 0.1546875 0.125 0.12109375
1 0.38359375 0.18046875 0.10078125 0.065625
1 0.2 0.6609375 0.2796875 0.38984375
1 0.69140625 0.16171875 0.10859375 0.0625
1 0.48828125 0.171875 0.10546875 0.059375
1 0.79375 0.15390625 0.11015625 0.0640625
0 0.553125 0.04453125 0.0671875 0.07734375
0 0.615625 0.03984375 0.0671875 0.07890625
1 0.425 0.065625 0.07265625 0.04765625
0 0.48984375 0.05 0.06640625 0.07109375
0 0.91640625 0.58359375 0.1671875 0.4859375
1 0.63984375 0.25546875 0.2984375 0.07734375
1 0.346875 0.26953125 0.2921875 0.0734375
0 0.0578125 0.15859375 0.096875 0.1234375
1 0.290625 0.07109375 0.07265625 0.046875
0 0.35546875 0.05390625 0.065625 0.08125