1 0.78828125 0.62890625 0.4125 0.2140625
1 0.76796875 0.80703125 0.41875 0.325
1 0.3 0.4703125 0.146875 0.1171875
1 0.36640625 0.40234375 0.1125 0.071875
1 0.1421875 0.6203125 0.259375 0.2671875
1 0.76484375 0.465625 0.275 0.1078125
1 0.8 0.5296875 0.396875 0.1625
1 0.05546875 0.4890625 0.1109375 0.06875
1 0.13515625 0.44296875 0.11875 0.0546875
1 0.73359375 0.43203125 0.2484375 0.0890625
1 0.11796875 0.4484375 0.103125 0.053125
1 0.17109375 0.4171875 0.0984375 0.040625
1 0.02109375 0.534375 0.0421875 0.059375
1 0.85234375 0.521875 0.25 0.128125
1 0.715625 0.39609375 0.2046875 0.075