0 0.14609375 0.1109375 0.1421875 0.1234375
1 0.26484375 0.1421875 0.121875 0.0765625
1 0.27421875 0.02890625 0.0828125 0.0578125
1 0.4140625 0.0375 0.078125 0.0578125
0 0.34921875 0.03046875 0.0765625 0.0609375
0 0.48125 0.0328125 0.075 0.065625
1 0.57265625 0.1546875 0.115625 0.0671875
1 0.3703125 0.14609375 0.103125 0.075
1 0.4703125 0.15 0.1109375 0.075
1 0.67421875 0.15625 0.1171875 0.06875
1 0.7796875 0.15703125 0.1125 0.071875
1 0.6171875 0.24921875 0.2984375 0.1046875
1 0.32109375 0.2296875 0.3125 0.103125
1 0.421875 0.62890625 0.2828125 0.4171875
1 0.15859375 0.61484375 0.2984375 0.409375
1 0.67421875 0.634375 0.275 0.4
0 0.89296875 0.5921875 0.2140625 0.48125