0 0.36796875 0.4859375 0.075 0.07421875
1 0.353125 0.65234375 0.13203125 0.09140625
1 0.225 0.66015625 0.1359375 0.09453125
0 0.2953125 0.49609375 0.07734375 0.07265625
1 0.4828125 0.64140625 0.12734375 0.08671875
1 0.60546875 0.63203125 0.125 0.08828125
1 0.08125 0.671875 0.13203125 0.09609375
0 0.43984375 0.484375 0.07109375 0.07265625
1 0.365625 0.7921875 0.4140625 0.1296875
1 0.73203125 0.62421875 0.12578125 0.08671875
1 0.74921875 0.75078125 0.38046875 0.11953125
1 0.21328125 0.5046875 0.08046875 0.05703125
1 0.86875 0.6171875 0.103125 0.08515625
0 0.1296875 0.48984375 0.0921875 0.09609375
0 0.775 0.46015625 0.075 0.08046875
1 0.95234375 0.60234375 0.0890625 0.08203125
0 0.05546875 0.49296875 0.06015625 0.096875
0 0.871875 0.45859375 0.0828125 0.08515625