1 0.10234375 0.6921875 0.2046875 0.4125
1 0.30390625 0.68515625 0.325 0.4359375
1 0.56171875 0.634375 0.290625 0.446875
0 0.8109375 0.60625 0.359375 0.4171875
1 0.23046875 0.29765625 0.334375 0.159375
1 0.1796875 0.1890625 0.13125 0.09375
1 0.29140625 0.1875 0.121875 0.0875
1 0.39609375 0.190625 0.1171875 0.0859375
1 0.50078125 0.19609375 0.115625 0.0859375
1 0.59921875 0.19140625 0.1078125 0.078125
0 0.2734375 0.07578125 0.0921875 0.0796875
0 0.0890625 0.1609375 0.096875 0.1484375
1 0.53359375 0.29140625 0.2953125 0.134375
1 0.70390625 0.1859375 0.109375 0.0796875
1 0.1953125 0.08203125 0.084375 0.065625
1 0.34453125 0.084375 0.08125 0.0609375
0 0.5453125 0.078125 0.06875 0.0734375