1 0.171875 0.1203125 0.1109375 0.078125
0 0.059375 0.13046875 0.11875 0.1140625
1 0.27109375 0.1078125 0.1265625 0.0859375
1 0.37578125 0.0875 0.11875 0.09375
1 0.478125 0.065625 0.125 0.08125
1 0.58125 0.0546875 0.1109375 0.071875
1 0.78046875 0.0265625 0.1078125 0.053125
1 0.24453125 0.21328125 0.321875 0.1234375
1 0.5421875 0.16328125 0.3078125 0.1265625
1 0.88125 0.0125 0.103125 0.025
1 0.2832657578125 0.7930907765625 0.30857455312500004 0.3862452140625 0.0949992859375 0.43663196875 0.01728545625 0.6906640187499999 0.03577070625 0.8395922625000001 0.2832657578125 0.7930907765625
1 0.9172544828125 0.65753944375 0.7017962765625 0.311389053125 0.50589693125 0.3506049640625 0.603979665625 0.7269484890625 0.9172544828125 0.65753944375
1 0.283700925 0.761602103125 0.599510175 0.743088809375 0.5083557265625 0.35407168906250003 0.312262834375 0.3914453640625 0.283700925 0.761602103125
0 1 0.47540415156250004 0.9718358984375 0.2103650859375 0.9511294703125 0.182739753125 0.83509084375 0.085042125 0.751502296875 0.136667559375 0.7100824578125 0.310518140625 0.9230348140625001 0.660828525 1 0.62778674375 1 0.47540415156250004
1 0.768170375 0.036197573437500005 0.723834409375 0.01291838125 0.6116496875 0.011671215625 0.6535862906250001 0.0653611625 0.768170375 0.036197573437500005