1 0.29375 0.33671875 0.30625 0.1390625
1 0.57265625 0.25625 0.3046875 0.1546875
0 0.09765625 0.27890625 0.153125 0.1515625
1 0.21328125 0.26875 0.1171875 0.0828125
1 0.31171875 0.23828125 0.1203125 0.0859375
1 0.40859375 0.2078125 0.1140625 0.078125
1 0.50546875 0.17578125 0.115625 0.0796875
1 0.60234375 0.146875 0.1109375 0.0796875
1 0.70546875 0.11015625 0.1203125 0.08125
0 0.0265625 0.30859375 0.053125 0.1390625
1 0.19609375 0.16328125 0.0875 0.0671875
0 0.2625 0.13515625 0.08125 0.0890625
1 0.32578125 0.125 0.078125 0.0734375
1 0.9928773578125 0.7133545296875 0.74347671875 0.3803510015625 0.5482017265625 0.45385695468750004 0.6820649953125 0.8099398671875001 0.9851267984375 0.7210142078125 0.9983782734375 0.7138920796875 0.9928773578125 0.7133545296875
1 0.3648338015625 0.514848659375 0.37809793593749996 0.9124548062500001 0.6922848125 0.8035734703124999 0.5488784015625 0.44796092187500003 0.3648338015625 0.514848659375
1 0.1759649296875 0.5753026796875 0.10095050000000001 0.966282621875 0.1085688109375 0.9968379953125 0.3783265 0.9047614906250001 0.37000085 0.5097421343749999 0.1759649296875 0.5753026796875
0 1 0.446634925 0.9358884390625001 0.20064874531250002 0.8703435390625 0.161626671875 0.75838233125 0.2162693234375 0.7340479796875 0.37697453125 0.997799421875 0.7031999203125 1 0.6995820359375 1 0.446634925