1 0.5771581484375 0.55048184375 0.6972494703125001 0.4517523703125 0.617462165625 0.44288588593749995 0.47404658906249997 0.54821185625 0.5771581484375 0.55048184375
1 0.361048596875 0.7132577078125 0.571217203125 0.5362808046875001 0.46955518749999997 0.5543622578125 0.2668840875 0.7154880890624999 0.361048596875 0.7132577078125
1 1 0.7552338453125 0.6457046765625 0.715632609375 0.5081228796875 0.8855632578125 0.49600318750000005 0.9150460734375001 0.725943709375 0.9760125140625 1 0.9379364484374999 1 0.7552338453125
1 1 0.5904377765625 0.7437352015625 0.591813853125 0.6488058984375 0.7152518265625 1 0.747003365625 1 0.5904377765625
1 1 0.4965074875 0.8122505109375 0.5087708734375 0.743766715625 0.60841006875 1 0.5928418015625 1 0.4965074875
1 1 0.47787087968749997 0.99426958125 0.4227481703125 0.8602059234375 0.439913325 0.81352601875 0.5270585156250001 1 0.504162390625 1 0.47787087968749997
1 0.90407443125 0.40187616718749997 0.86535538125 0.45350733749999994 0.9947023453125 0.43016031562499996 0.9899803078125 0.387814840625 0.90407443125 0.40187616718749997
1 0.2337811109375 0.676627353125 0.333482784375 0.6083961203125 0.2481703703125 0.6058070296875 0.16190714687500002 0.672388228125 0.2337811109375 0.676627353125
1 0.333708540625 0.6102347578125 0.429857565625 0.5387070921875 0.33394641406250003 0.552349784375 0.2672290484375 0.6071994890625 0.333708540625 0.6102347578125
1 0.42384527812500006 0.55810844375 0.4887208828125 0.5053511671875001 0.41384081562499997 0.5108127125 0.3396616109375 0.56471225625 0.42384527812500006 0.55810844375
1 0.4866534546875 0.505605015625 0.5405883546875 0.4651642359375 0.4584576375 0.48107232031249997 0.42175415000000005 0.5154400031249999 0.4866534546875 0.505605015625
1 0.5405738765625 0.47472235781250005 0.5932214015625 0.42371872968749996 0.515835746875 0.44416618750000003 0.46879494375 0.479803059375 0.5405738765625 0.47472235781250005