1 0.2328125 0.6734375 0.3828125 0.475
1 0.49453125 0.6984375 0.3234375 0.4390625
1 0.2515625 0.18046875 0.121875 0.0828125
1 0.6484375 0.25546875 0.1046875 0.0734375
1 0.1375 0.1546875 0.1359375 0.090625
1 0.4609375 0.221875 0.1109375 0.0765625
1 0.56015625 0.240625 0.10625 0.075
1 0.3578125 0.20078125 0.1203125 0.0796875
0 0.45078125 0.0953125 0.0796875 0.0890625
1 0.4890625 0.31484375 0.2984375 0.1265625
1 0.06875 0.65703125 0.1375 0.4484375
0 0.74921875 0.665625 0.36875 0.4984375
0 0.3828125 0.0828125 0.078125 0.0859375
1 0.3109375 0.08046875 0.0796875 0.059375
0 0.515625 0.10703125 0.0765625 0.0890625
1 0.196875 0.25859375 0.321875 0.1375
1 0.16484375 0.0515625 0.09375 0.065625
1 0.74453125 0.26953125 0.0953125 0.071875
0 0.2421875 0.0546875 0.084375 0.0828125
1 0.10625 0.0390625 0.059375 0.0578125
1 0.753125 0.35234375 0.265625 0.103125