0 0.37578125 0.45234375 0.0921875 0.090625
1 0.31875 0.609375 0.1515625 0.121875
1 0.19296875 0.58359375 0.15625 0.1265625
0 0.303125 0.44296875 0.09375 0.090625
1 0.446875 0.63203125 0.1453125 0.1171875
1 0.56796875 0.6546875 0.14375 0.1171875
1 0.06328125 0.55703125 0.1265625 0.1265625
0 0.44609375 0.46953125 0.0875 0.0890625
1 0.29453125 0.74765625 0.4328125 0.2328125
1 0.6921875 0.6796875 0.14375 0.115625
1 0.67578125 0.80703125 0.3984375 0.2140625
1 0.221875 0.43046875 0.0921875 0.0765625
1 0.82578125 0.70859375 0.121875 0.109375
0 0.1453125 0.39453125 0.1140625 0.1171875
0 0.77578125 0.5328125 0.09375 0.096875
1 0.91015625 0.715625 0.1078125 0.1015625
0 0.07265625 0.378125 0.0828125 0.109375
0 0.86953125 0.55625 0.1015625 0.103125