1 0.265625 0.35 0.134375 0.125
1 0.37421875 0.3171875 0.140625 0.125
0 0.48125 0.25390625 0.15 0.171875
1 0.6046875 0.228125 0.1546875 0.14375
1 0.7421875 0.178125 0.1734375 0.15625
0 0.16640625 0.35546875 0.13125 0.1640625
1 0.0453125 0.4359375 0.090625 0.109375
0 0.228125 0.18515625 0.0890625 0.0953125
1 0.296875 0.178125 0.0765625 0.0671875
1 0.36171875 0.1578125 0.0796875 0.06875
1 0.42734375 0.12421875 0.0828125 0.0671875
1 0.49609375 0.09609375 0.0890625 0.075
1 0.56796875 0.06796875 0.0890625 0.0765625
1 0.64375 0.0390625 0.096875 0.078125
1 0.7234375 0.02265625 0.096875 0.0453125
1 0.511582709375 1 0.60728925625 0.988503428125 0.6060962828124999 0.85136670625 0.32490964375 0.9003625749999999 0.30202284687500003 1 0.511582709375 1
1 0.5957966578125 0.8420463390625 0.6148338625 0.9836504625 0.9794277906250001 0.916167025 0.9226360343750001 0.7822892890625 0.5957966578125 0.8420463390625
1 0.30782595625 1 0.3252630921875 0.902180915625 0.0791521046875 0.940584678125 0.0907012734375 1 0.30782595625 1
1 0.8704728312500001 0.382933884375 0.8137224484375001 0.265644075 0.4747174421875 0.3938133765625 0.4657398125 0.49298229375 0.8704728312500001 0.382933884375
1 0.4651779484375 0.49756964843749996 0.47031256250000003 0.398443759375 0.1790923828125 0.4776961203125 0.1285868796875 0.6009647124999999 0.4651779484375 0.49756964843749996
0 0.8266987578125 0 0.77683764375 0.10863837031250001 0.8366253078125 0.1968661078125 0.9360367374999999 0.13619244218749998 0.91163300625 0 0.8266987578125 0