1 0.32265625 0.30625 0.3046875 0.09375
1 0.61015625 0.27109375 0.2984375 0.1109375
0 0.1375 0.21875 0.1375 0.134375
1 0.25234375 0.2265625 0.1109375 0.06875
1 0.3546875 0.2125 0.1140625 0.0703125
1 0.45546875 0.196875 0.109375 0.0640625
1 0.55625 0.18046875 0.109375 0.065625
1 0.65703125 0.1671875 0.1046875 0.0640625
1 0.7640625 0.146875 0.1140625 0.0671875
0 0.04140625 0.23046875 0.0828125 0.1265625
1 0.25234375 0.1203125 0.08125 0.05625
0 0.32265625 0.10234375 0.071875 0.0796875
1 0.38671875 0.10234375 0.071875 0.0640625
1 0.9445798421875 0.7941837078125 0.9587823171875 0.7892222515625 0.9534332187500001 0.7878307859375 0.75919634375 0.4199122296875 0.5548266453124999 0.4619654625 0.6313381953125 0.8346052328125 0.9445798421875 0.7941837078125
1 0.6424281140625 0.8299159484375 0.5564173328125 0.45624787656250004 0.36417507968749996 0.4935211953125 0.31507660625 0.88830711875 0.6424281140625 0.8299159484375
1 0.31650585625 0.8807442765625 0.37007734999999997 0.4892858453125 0.1681744046875 0.523685325 0.0329207890625 0.8981168140625 0.0356653921875 0.929487765625 0.31650585625 0.8807442765625
0 1 0.503182634375 0.9773507828125 0.27252223125 0.9187172468749999 0.22372710312500002 0.799586471875 0.2601824203125 0.750411884375 0.4151023484375 0.9598832140625 0.778571178125 1 0.73128391875 1 0.503182634375