0 0.52578125 0.496875 0.0765625 0.078125
0 0.59453125 0.49140625 0.08125 0.075
1 0.57265625 0.64375 0.1359375 0.1078125
1 0.4578125 0.65625 0.1265625 0.10625
0 0.66796875 0.48359375 0.08125 0.0796875
1 0.328125 0.6640625 0.115625 0.1
1 0.7109375 0.63984375 0.15 0.1109375
0 0.0890625 0.64296875 0.178125 0.1609375
1 0.20625 0.66640625 0.1109375 0.1078125
1 0.8546875 0.63125 0.15625 0.115625
1 0.59921875 0.79140625 0.425 0.16875
1 0.21640625 0.809375 0.3703125 0.16875
1 0.4515625 0.51015625 0.075 0.0625
1 0.8765625 0.78125 0.1984375 0.15
0 0.00546875 0.6625 0.0109375 0.13125
1 0.9546875 0.61640625 0.0828125 0.1109375
1 0.028125 0.81015625 0.05625 0.1265625