1 0.734375 0.62265625 0.296875 0.4203125
1 0.48671875 0.6609375 0.3015625 0.4265625
1 0.54140625 0.159375 0.1125 0.0734375
1 0.24609375 0.20703125 0.115625 0.078125
0 0.13046875 0.19765625 0.1390625 0.1359375
1 0.3453125 0.196875 0.1078125 0.078125
1 0.221875 0.69609375 0.325 0.4203125
1 0.6484375 0.140625 0.115625 0.075
1 0.4484375 0.17578125 0.1125 0.071875
1 0.74921875 0.1203125 0.1171875 0.0765625
0 0.49609375 0.04140625 0.0765625 0.0828125
0 0.55859375 0.0359375 0.0765625 0.071875
1 0.37265625 0.078125 0.078125 0.05625
0 0.43515625 0.0546875 0.075 0.078125
0 0.90546875 0.53125 0.1890625 0.503125
1 0.609375 0.240625 0.30625 0.1125
1 0.3203125 0.28984375 0.2984375 0.1078125
0 0.0375 0.2140625 0.075 0.134375
1 0.23984375 0.1 0.078125 0.0546875
0 0.30234375 0.075 0.075 0.0890625