1 0.65078125 0.22265625 0.12734375 0.0953125
0 0.778125 0.18828125 0.134375 0.16171875
1 0.5359375 0.22734375 0.1171875 0.08984375
1 0.83359375 0.028125 0.09453125 0.05546875
0 0.44921875 0.203125 0.103125 0.14375
1 0.7546875 0.03984375 0.0828125 0.05390625
1 0.92421875 0.20859375 0.1515625 0.1125
1 0.6046875 0.0671875 0.0671875 0.05
0 0.540625 0.05625 0.06953125 0.08203125
1 0.92734375 0.025 0.10234375 0.05
1 0.675 0.05078125 0.07578125 0.05703125
1 0.553125 0.37578125 0.3296875 0.10390625
1 0.9859375 0.01953125 0.02734375 0.0390625
1 0.3265625 0.24140625 0.06875 0.07109375
1 0.56015625 0.86953125 0.37734375 0.2546875
1 0.23515625 0.84296875 0.4046875 0.309375
1 0.8546875 0.38203125 0.290625 0.13125
1 0.10546875 0.828125 0.2109375 0.340625
0 0.28046875 0.20078125 0.10625 0.12734375
1 0.26796875 0.3671875 0.2421875 0.0984375
0 0.14140625 0.34375 0.24375 0.190625